15110 -0.300929
07513 -0.300927
11760 -0.300904
08737 -0.300903
00749 -0.300878
02090 -0.300832
18264 -0.300826
19282 -0.300796
12881 -0.30079
16483 -0.300782
03369 -0.300776
06727 -0.300768
08207 -0.300762
09679 -0.300752
20560 -0.300748
00266 -0.300744
16435 -0.300729
04424 -0.30072
16629 -0.300717
18905 -0.30071
04393 -0.300706
18729 -0.300698
09057 -0.300692
05374 -0.300671
07056 -0.300663
11360 -0.300662
02257 -0.300657
07893 -0.300651
11822 -0.300647
06926 -0.300642
13770 -0.300638
09484 -0.300631
18394 -0.300624
01757 -0.300619
03848 -0.300618
09199 -0.300615
20667 -0.300602
14718 -0.3006
04866 -0.300586
09001 -0.300581
16235 -0.300568
18922 -0.300532
11386 -0.300523
01365 -0.300521
01371 -0.300521
15417 -0.300519
00435 -0.300509
00112 -0.300507
00195 -0.300505
01374 -0.300492
02392 -0.300488
09078 -0.300485
18544 -0.300462
10577 -0.300455
07714 -0.30045
04715 -0.300449
08938 -0.300447
01683 -0.300445
00650 -0.300433
18392 -0.300425
21348 -0.300411
12059 -0.3004
00120 -0.300399
11854 -0.300393
11986 -0.300393
05509 -0.30039
11008 -0.300357
03175 -0.300356
09062 -0.300347
00467 -0.300342
01595 -0.300339
17585 -0.300328
15722 -0.300298
08235 -0.300295
09139 -0.300294
17682 -0.30029
07057 -0.300289
11117 -0.300279
17530 -0.300267
03255 -0.300257
20785 -0.300244
08961 -0.300238
09645 -0.300231
05753 -0.300217
03803 -0.300215
13235 -0.300209
04589 -0.3002
19345 -0.3002
14761 -0.300199
18149 -0.300199
15464 -0.300189
10049 -0.300187
17549 -0.300187
17487 -0.300183
12191 -0.300174
06237 -0.300154
16129 -0.300148
20239 -0.300145
09286 -0.300127
13264 -0.300127
04209 -0.300121
04907 -0.30012
17437 -0.300115
07959 -0.300098
04846 -0.300096
10791 -0.300095
04948 -0.30008
11367 -0.300059
18226 -0.300029
00766 -0.300022
18632 -0.299995
08545 -0.299992
08054 -0.299991
07173 -0.299978
01389 -0.299972
20423 -0.299958
11211 -0.299957
18752 -0.29994
15577 -0.299926
15334 -0.299921
16622 -0.29992
13047 -0.299904
12847 -0.299902
18417 -0.299902
12873 -0.299896
13055 -0.299894
09032 -0.299877
02581 -0.299873
18847 -0.299857
16942 -0.299854
01161 -0.299822
06064 -0.299812
08529 -0.299806
20355 -0.299801
12213 -0.299791
12342 -0.299787
03859 -0.29978
13929 -0.299778
12727 -0.299776
17826 -0.299757
17361 -0.299751
03887 -0.29975
20224 -0.29972
00799 -0.299714
06766 -0.299704
10955 -0.299702
00002 -0.299699
01490 -0.29967
19354 -0.299666
10302 -0.299662
17262 -0.299658
20212 -0.299655
13132 -0.299649
17253 -0.299637
07542 -0.299631
16457 -0.299618
09262 -0.299617
07815 -0.299615
06728 -0.299609
07311 -0.299596
18883 -0.299566
15167 -0.299558
17333 -0.299541
16402 -0.299502
17324 -0.299501
16589 -0.299487
20889 -0.299456
20268 -0.299453
07639 -0.299451
00383 -0.299449
10875 -0.29944
05479 -0.299435
15081 -0.299415
01782 -0.299414
00510 -0.299409
08396 -0.2994
05735 -0.299399
05668 -0.29939
01518 -0.299386
10501 -0.299377
08761 -0.299375
05904 -0.299344
03891 -0.299339
09331 -0.299334
11286 -0.29931
13109 -0.299307
02314 -0.299294
02180 -0.299287
02369 -0.299277
00775 -0.29927
11594 -0.299266
02368 -0.299261
17718 -0.299259
18291 -0.299258
16898 -0.299254
08071 -0.299252
17120 -0.299249
19342 -0.29923
15007 -0.299227
15113 -0.299211
19146 -0.299196
16489 -0.29919
20029 -0.299187
07846 -0.299185
05283 -0.299177
07361 -0.299167
19914 -0.29915
01833 -0.299145
09404 -0.299145
18014 -0.299132
02926 -0.299123
02131 -0.29912
07703 -0.29912
09302 -0.299114
06139 -0.299096
21291 -0.299096
11398 -0.299095
02325 -0.299065
16748 -0.299056
21155 -0.299022
01817 -0.29902
08617 -0.299015
20541 -0.299007
12127 -0.299006
19300 -0.299002
00933 -0.298977
19302 -0.29897
01693 -0.298962
08280 -0.298961
19628 -0.298961
19820 -0.298959
12765 -0.298933
02164 -0.29893
04931 -0.298924
04978 -0.298912
09042 -0.2989
03798 -0.298879
01220 -0.298871
03142 -0.298865
00683 -0.298842
14513 -0.298842
16847 -0.298831
08789 -0.298821
20459 -0.298812
20788 -0.298758
03658 -0.298756
16605 -0.298751
10288 -0.298719
06636 -0.298688
15789 -0.29867
09442 -0.29866
02719 -0.298658
20516 -0.298657
18119 -0.298656
05676 -0.298636
18343 -0.298632
18082 -0.298631
06373 -0.298627
00787 -0.298617
08560 -0.298616
09561 -0.298594
06479 -0.298593
20508 -0.298591
18908 -0.298588
01359 -0.298584
06361 -0.298578
02603 -0.298574
15366 -0.298569
00182 -0.298552
01415 -0.298537
07822 -0.298535
05724 -0.298508
09070 -0.298502
03857 -0.298494
02147 -0.298486
01531 -0.298485
07039 -0.298484
09415 -0.298474
15878 -0.298469
00750 -0.29846
16657 -0.298456
00565 -0.298442
16345 -0.298429
16674 -0.298429
07480 -0.298426
18181 -0.298421
05429 -0.298412
19866 -0.298393
03266 -0.298378
19669 -0.298378
11910 -0.298377
12566 -0.298347
17666 -0.298331
19006 -0.298329
07672 -0.298326
16577 -0.2983
17949 -0.2983
03174 -0.298298
17535 -0.298296
21035 -0.298289
16278 -0.298283
19677 -0.298282
06389 -0.298267
09496 -0.298249
18285 -0.298232
15020 -0.298228
10892 -0.298222
14184 -0.298212
08921 -0.298202
09935 -0.298198
07964 -0.298195
02812 -0.298192
10818 -0.298185
17779 -0.298163
15054 -0.298156
10187 -0.298146
16588 -0.298139
15964 -0.298119
12328 -0.298094
18796 -0.298079
10234 -0.298077
00114 -0.298054
13090 -0.298035
10824 -0.298029
01402 -0.298008
02345 -0.298002
03736 -0.297987
06226 -0.297984
06368 -0.297971
05777 -0.297969
04922 -0.29796
17981 -0.297946
06891 -0.297936
11777 -0.297931
07872 -0.297917
18435 -0.297915
09081 -0.297896
01843 -0.297894
06617 -0.297883
04202 -0.29788
00604 -0.297879
08907 -0.29787
19231 -0.297863
01282 -0.29786
10141 -0.29786
10252 -0.297821
18314 -0.29782
05591 -0.297809
12099 -0.297794
16550 -0.297777
03130 -0.297773
12532 -0.297741
19955 -0.29774
08862 -0.297722
06691 -0.297708
12155 -0.297691
08718 -0.29768
13168 -0.297675
10984 -0.297672
01038 -0.297644
05705 -0.297638
02091 -0.29762
00185 -0.297609
02516 -0.297607
14878 -0.297591
16693 -0.297591
18139 -0.297587
02438 -0.297582
18970 -0.297578
10086 -0.297566
14759 -0.297564
17362 -0.297545
05088 -0.297534
10850 -0.297524
07631 -0.297523
11583 -0.297502
20369 -0.297502
10305 -0.2975
09990 -0.297477
15553 -0.297475
15008 -0.297472
07697 -0.29746
03191 -0.297456
18820 -0.297445
11141 -0.29744
04793 -0.297433
12716 -0.297433
17020 -0.297408
06671 -0.297402
01991 -0.297364
17418 -0.297352
02592 -0.297333
18640 -0.297325
08418 -0.297304
13753 -0.297299
19100 -0.297289
16411 -0.297288
12068 -0.297273
01480 -0.297254
03696 -0.297244
03114 -0.29724
08805 -0.297226
19744 -0.297191
10938 -0.297184
15882 -0.29718
19255 -0.297175
09099 -0.297154
10445 -0.297137
19355 -0.297135
06407 -0.297133
15787 -0.297122
12339 -0.297107
06638 -0.2971
13065 -0.297094
08822 -0.297092
20816 -0.297087
15466 -0.29708
02701 -0.297063
04213 -0.297047
08330 -0.297046
12677 -0.297013
08656 -0.296991
07799 -0.296984
16694 -0.296984
01470 -0.296972
08797 -0.296945
08886 -0.296927
06736 -0.296926
16994 -0.296904
07976 -0.296889
06128 -0.296875
06249 -0.296875
14073 -0.296863
16042 -0.296859
13595 -0.296858
15051 -0.296838
21428 -0.296837
11600 -0.296815
07827 -0.296811
21417 -0.296784
10586 -0.29676
00751 -0.296749
09663 -0.296716
04535 -0.296715
08417 -0.296703
14149 -0.296699
05612 -0.296676
19042 -0.296656
20306 -0.296654
03182 -0.296651
16580 -0.296648
21515 -0.296644
07372 -0.296643
11025 -0.296635
11488 -0.296626
01279 -0.296621
00815 -0.296607
17697 -0.296607
20133 -0.296607
06944 -0.296595
07024 -0.296595
07149 -0.296581
10953 -0.296571
08230 -0.296567
06754 -0.296556
02875 -0.296555
17278 -0.296542
02476 -0.296538
01718 -0.296524
03295 -0.296514
21270 -0.296514
04335 -0.29649
03841 -0.296489
12890 -0.296474
06938 -0.296456
19646 -0.296451
19093 -0.296449
00122 -0.296445
05878 -0.296427
05413 -0.296411
11895 -0.296389
07053 -0.296367
09631 -0.296363
00970 -0.296359
04553 -0.296356
06291 -0.296321
11131 -0.296283
03715 -0.296279
18628 -0.296273
05124 -0.296267
01092 -0.296265
19783 -0.296248
00589 -0.296236
21104 -0.29623
10535 -0.296229
17904 -0.296227
16846 -0.296223
10112 -0.296218
19977 -0.296201
17232 -0.296196
02841 -0.296183
08926 -0.296181
00995 -0.296161
14756 -0.296157
11324 -0.296145
18117 -0.296126
10958 -0.29612
03741 -0.296116
04539 -0.296116
08430 -0.296098
17827 -0.296088
14147 -0.296087
09388 -0.296065
09471 -0.296051
15775 -0.296046
12053 -0.296045
21297 -0.296037
12431 -0.296036
15099 -0.296022
00440 -0.296017
15836 -0.296003
20051 -0.296001
16855 -0.296
20886 -0.295999
15005 -0.295987
18869 -0.295975
11375 -0.295973
01116 -0.295951
09806 -0.29594
17103 -0.295937
21503 -0.295926
12974 -0.295924
17056 -0.295916
20307 -0.295909
10848 -0.295906
07179 -0.295901
06712 -0.295893
15311 -0.295887
16683 -0.295884
19488 -0.295876
10496 -0.295875
21261 -0.295866
18766 -0.295865
18884 -0.295846
07243 -0.295841
12864 -0.29584
06710 -0.295831
00070 -0.295823
00294 -0.295823
07242 -0.295778
16261 -0.295773
20383 -0.295765
02829 -0.29576
18462 -0.29572
08249 -0.295718
08807 -0.295702
19727 -0.29569
03986 -0.295688
18547 -0.295677
07069 -0.295663
20581 -0.295653
07199 -0.295643
07293 -0.295636
12132 -0.295616
05503 -0.295604
18767 -0.295598
07754 -0.295593
18775 -0.295585
18957 -0.295585
19890 -0.295568
06502 -0.295558
11906 -0.295546
00040 -0.295545
15296 -0.295539
01052 -0.295534
06886 -0.295506
16119 -0.295504
14979 -0.295468
21500 -0.295467
01740 -0.29546
08216 -0.295446
13221 -0.295438
04572 -0.295427
03828 -0.295424
15407 -0.295416
20608 -0.295414
04958 -0.295407
17899 -0.295401
19430 -0.29538
18942 -0.295376
00251 -0.295347
12130 -0.295346
16713 -0.295341
14298 -0.295311
17886 -0.29528
09357 -0.295266
07967 -0.295264
00398 -0.295254
04236 -0.295247
00482 -0.295238
10968 -0.295227
16033 -0.29521
05537 -0.295202
17816 -0.2952
18714 -0.295196
04295 -0.295194
08362 -0.295193
17134 -0.295189
08381 -0.295182
11603 -0.295178
10912 -0.295175
11585 -0.295169
14886 -0.295153
06700 -0.29515
01960 -0.295111
05480 -0.29511
08719 -0.295083
21200 -0.295081
19563 -0.295054
08163 -0.295048
11409 -0.295023
19105 -0.295018
06989 -0.295013
18175 -0.294996
20253 -0.294984
19870 -0.294977
01679 -0.294974
16381 -0.294972
21144 -0.294963
18022 -0.294949
03548 -0.294935
11045 -0.294913
03220 -0.294911
18667 -0.294887
01386 -0.294881
19813 -0.294856
01217 -0.294832
10366 -0.294816
18958 -0.294815
17098 -0.294814
20518 -0.294788
17992 -0.294786
07239 -0.294769
09840 -0.294752
10842 -0.294731
11110 -0.294727
01700 -0.294723
00651 -0.294721
12726 -0.294716
03373 -0.294709
08433 -0.294701
06605 -0.294698
15884 -0.294696
18351 -0.294688
17015 -0.294682
05366 -0.294679
10150 -0.294613
16453 -0.294608
03926 -0.294604
16259 -0.294567
10901 -0.294551
03790 -0.294545
12803 -0.294537
00730 -0.294526
02395 -0.294501
05578 -0.294496
02816 -0.294481
12082 -0.29448
16087 -0.29448
05949 -0.294473
05921 -0.294452
08570 -0.29444
08148 -0.294424
08733 -0.294415
11201 -0.294415
10442 -0.294395
00556 -0.294385
15966 -0.294376
01185 -0.294369
06877 -0.294366
18178 -0.294353
09259 -0.294335
07691 -0.294333
18286 -0.294309
09510 -0.294289
09731 -0.294288
20512 -0.294283
19739 -0.294278
19402 -0.294276
10348 -0.294271
02523 -0.294236
08854 -0.294235
21396 -0.29423
12945 -0.294225
11081 -0.294219
14865 -0.294207
04818 -0.294191
06287 -0.294156
07453 -0.29414
20839 -0.294129
20530 -0.294119
17344 -0.29411
08298 -0.294107
19801 -0.294106
06329 -0.294094
14195 -0.294082
16716 -0.294065
19349 -0.293996
00172 -0.293966
05693 -0.293949
11497 -0.293937
18192 -0.293898
18499 -0.293888
07431 -0.293884
14615 -0.293866
01709 -0.293854
20832 -0.293826
01250 -0.293809
05102 -0.293801
08717 -0.2938
12383 -0.293777
09966 -0.293769
16604 -0.293767
21249 -0.29375
11177 -0.293739
02277 -0.293725
09813 -0.2937
08162 -0.293695
08429 -0.293687
12941 -0.293685
18768 -0.293672
06654 -0.29367
07156 -0.293665
06009 -0.29366
11720 -0.293642
03271 -0.293633
20209 -0.293633
08732 -0.293571
06756 -0.29357
06566 -0.293555
04319 -0.293549
10249 -0.293527
04551 -0.293524
03722 -0.293514
15138 -0.293489
17786 -0.293482
05296 -0.293458
18856 -0.293448
08264 -0.293441
03842 -0.293438
20738 -0.293434
00810 -0.293429
03403 -0.293421
10477 -0.29341
15059 -0.293399
17580 -0.293381
16166 -0.293377
20626 -0.293355
08386 -0.293348
14997 -0.293339
19103 -0.29333
07862 -0.29332
05880 -0.293315
19296 -0.293307
19786 -0.293269
07409 -0.293253
07560 -0.293212
10251 -0.293209
00507 -0.293201
00134 -0.293179
15474 -0.29317
05016 -0.293166
18615 -0.293163
03410 -0.29315
10831 -0.293144
11393 -0.293144
08422 -0.293143
11703 -0.293136
15089 -0.293133
07561 -0.293118
15678 -0.293106
17856 -0.293097
01789 -0.293091
11136 -0.29309
16734 -0.293076
03463 -0.293072
09893 -0.293072
00671 -0.293031
06074 -0.293009
16002 -0.292964
15774 -0.292953
03074 -0.292916
13298 -0.292914
02297 -0.292912
15513 -0.292912
20765 -0.292894
05284 -0.292885
11432 -0.292852
16573 -0.292835
05019 -0.292831
04437 -0.292828
09223 -0.292792
13163 -0.29278
04563 -0.29277
11712 -0.292711
18685 -0.292708
10111 -0.292694
04647 -0.29269
12883 -0.292669
00979 -0.292656
19750 -0.292643
07839 -0.292638
15887 -0.29263
20642 -0.292604
12678 -0.292601
20589 -0.292596
17531 -0.292569
07050 -0.292551
19048 -0.292542
08920 -0.292538
18634 -0.292527
01507 -0.292495
02118 -0.292494
09570 -0.292493
11295 -0.292471
16403 -0.292468
15306 -0.292437
06936 -0.292425
06752 -0.292408
11527 -0.292404
19553 -0.292379
10987 -0.292353
09279 -0.292341
07966 -0.29233
11192 -0.292326
04187 -0.292314
07968 -0.292295
08877 -0.292246
07386 -0.292239
02814 -0.292234
09842 -0.292217
06477 -0.292198
02794 -0.292167
00478 -0.292153
06639 -0.292149
11133 -0.29214
09411 -0.292137
11006 -0.292125
15155 -0.292117
04456 -0.292114
03232 -0.292103
06845 -0.292095
02315 -0.29209
02652 -0.292089
19052 -0.292073
12321 -0.29205
09845 -0.292021
04601 -0.29202
17868 -0.29202
16091 -0.292007
00820 -0.292003
21358 -0.291993
16555 -0.291952
05305 -0.291908
07654 -0.291905
03158 -0.291889
16586 -0.291873
11751 -0.291854
09341 -0.29185
00527 -0.291821
11553 -0.29182
20588 -0.291799
03277 -0.291784
12139 -0.291776
15116 -0.291775
12390 -0.291763
15127 -0.291728
21399 -0.291725
18562 -0.291712
19908 -0.291709
07271 -0.291707
14941 -0.291704
11001 -0.291702
00727 -0.291699
08572 -0.29166
18688 -0.291658
17689 -0.291642
02605 -0.291628
01046 -0.291627
07456 -0.291624
20689 -0.291621
15305 -0.291618
03184 -0.291612
06409 -0.291604
19074 -0.291589
00806 -0.291588
07679 -0.291588
02447 -0.291586
18252 -0.291583
20565 -0.29156
10005 -0.291559
21394 -0.291546
16563 -0.291538
18894 -0.291535
11983 -0.29153
11814 -0.291529
08166 -0.291507
10596 -0.291502
07974 -0.291487
12468 -0.29148
12441 -0.291477
04418 -0.291475
07364 -0.291474
04527 -0.291462
03941 -0.291443
13797 -0.291431
07137 -0.291428
11311 -0.291428
20404 -0.291425
18162 -0.291408
04876 -0.291396
10805 -0.291387
06098 -0.291385
17122 -0.291385
02097 -0.291384
15331 -0.291372
03969 -0.291364
19894 -0.291362
10054 -0.291355
03824 -0.291343
20946 -0.291336
00452 -0.291334
09172 -0.291295
07366 -0.291277
14943 -0.291264
18947 -0.291248
06661 -0.291243
13826 -0.29121
13767 -0.291195
20037 -0.291187
16702 -0.291184
09376 -0.29118
11378 -0.291176
13095 -0.291174
02616 -0.291157
11793 -0.291149
02360 -0.291144
03197 -0.291142
15533 -0.291139
04401 -0.291137
08830 -0.291134
10975 -0.291128
03563 -0.291124
11289 -0.291084
16821 -0.291082
19130 -0.291081
10937 -0.291078
00276 -0.291071
08301 -0.291061
07897 -0.291058
15633 -0.291041
09156 -0.29104
16863 -0.291022
01292 -0.291013
09350 -0.291013
02921 -0.291009
19975 -0.290986
07558 -0.290913
07315 -0.290895
19426 -0.290878
00762 -0.290875
02127 -0.290874
04465 -0.290866
08085 -0.290857
09870 -0.290855
19317 -0.290841
17355 -0.290834
05762 -0.290831
09002 -0.290823
00515 -0.290796
03102 -0.290794
02670 -0.290788
12226 -0.290785
00110 -0.290737
03194 -0.290735
20410 -0.29071
21007 -0.290706
07289 -0.2907
10715 -0.290698
17772 -0.290691
11485 -0.290685
11321 -0.290671
12093 -0.29065
11876 -0.290598
02053 -0.290594
19286 -0.290581
11737 -0.290577
12536 -0.290577
07185 -0.290571
10145 -0.290553
09618 -0.290548
19632 -0.290539
04813 -0.290523
07262 -0.290522
05760 -0.290518
20519 -0.290512
02847 -0.290503
02379 -0.290482
21183 -0.29048
17829 -0.290469
09303 -0.290468
06512 -0.290453
03791 -0.29045
09928 -0.29045
11252 -0.290429
05674 -0.290422
01879 -0.290413
18341 -0.2904
01626 -0.290361
02884 -0.290353
02250 -0.290351
02818 -0.29035
14537 -0.290347
09557 -0.290329
11579 -0.290325
14721 -0.290323
09664 -0.290317
16906 -0.290309
02207 -0.290308
20075 -0.290288
03939 -0.290283
08494 -0.290275
08495 -0.290275
21129 -0.290254
15629 -0.290244
10843 -0.290232
01485 -0.290231
18906 -0.290231
19395 -0.290231
09068 -0.290216
06225 -0.290205
20238 -0.290199
12535 -0.290177
03618 -0.290138
12357 -0.290135
19846 -0.290119
16152 -0.290103
20536 -0.2901
08037 -0.290094
14087 -0.290074
13197 -0.290068
03682 -0.290036
15972 -0.290029
18339 -0.290006
18633 -0.290001
15517 -0.289998
04753 -0.289959
01630 -0.289958
06560 -0.289939
00391 -0.289921
10441 -0.2899
13706 -0.2899
08798 -0.289872
17989 -0.28987
16845 -0.289855
08795 -0.289851
11400 -0.28985
04858 -0.289845
09086 -0.289839
21153 -0.289838
09581 -0.289826
09147 -0.289824
00369 -0.28981
14680 -0.28981
11435 -0.289799
06488 -0.289792
06011 -0.289776
10847 -0.28977
10318 -0.289763
11788 -0.289763
10981 -0.289758
11837 -0.289752
05513 -0.289748
00729 -0.289743
02897 -0.289736
13127 -0.289716
04367 -0.289714
07965 -0.289707
11995 -0.289689
12368 -0.289681
04493 -0.289665
15595 -0.289631
00658 -0.28961
03814 -0.289596
06855 -0.289573
10084 -0.289571
21434 -0.289514
04282 -0.289504
13125 -0.289499
10802 -0.289497
02627 -0.289496
01235 -0.289484
11829 -0.289481
00553 -0.289462
04371 -0.289462
18088 -0.289438
04848 -0.289434
02248 -0.28942
02778 -0.289419
13472 -0.289411
04421 -0.289392
16596 -0.289345
01918 -0.289342
04430 -0.289341
19272 -0.289341
00982 -0.289323
07825 -0.2893
14519 -0.28929
10509 -0.289275
08564 -0.289255
15309 -0.289247
01037 -0.289232
10759 -0.28923
06412 -0.289225
10834 -0.289217
15102 -0.289194
13013 -0.289191
15340 -0.289179
08734 -0.289169
11113 -0.289161
06030 -0.289143
07280 -0.28913
17529 -0.289112
12667 -0.289056
09790 -0.289039
10453 -0.289031
06614 -0.289025
01001 -0.289007
05162 -0.288995
11650 -0.288986
00360 -0.288965
09808 -0.288952
04308 -0.288913
19372 -0.28891
11841 -0.288909
19141 -0.288908
11618 -0.288886
14937 -0.28887
04394 -0.288856
02689 -0.288851
02271 -0.288829
18094 -0.28881
09358 -0.288803
11255 -0.288766
19382 -0.288745
01720 -0.288734
09922 -0.288718
21167 -0.288688
19183 -0.288687
02444 -0.288667
09983 -0.288622
02859 -0.288604
04957 -0.288603
19630 -0.288591
00808 -0.288586
07604 -0.288561
16941 -0.28856
03226 -0.288557
01401 -0.288555
18650 -0.288554
17774 -0.288545
16953 -0.288544
12900 -0.288538
03990 -0.288536
02058 -0.288495
16531 -0.288483
01775 -0.288468
05937 -0.288462
02833 -0.288458
00994 -0.288442
02956 -0.288401
21292 -0.288399
21382 -0.288396
07715 -0.288386
09666 -0.288372
15516 -0.288371
05548 -0.288341
10044 -0.288338
01075 -0.288333
10929 -0.288301
05709 -0.288296
03496 -0.288282
02739 -0.288277
11985 -0.28827
07270 -0.288255
01778 -0.288243
05755 -0.288243
10161 -0.288239
10899 -0.288208
03746 -0.288205
05159 -0.288198
10900 -0.288198
10991 -0.288177
06332 -0.288171
11242 -0.288164
21024 -0.288162
06663 -0.288151
19412 -0.288131
07701 -0.288125
01392 -0.288105
02536 -0.288101
14697 -0.288097
01353 -0.288096
04546 -0.288077
18891 -0.288063
09130 -0.288049
21309 -0.288048
20451 -0.288042
03423 -0.288037
01790 -0.288026
07213 -0.28801
00785 -0.288007
17146 -0.287969
00316 -0.28794
15174 -0.287939
06212 -0.287904
09693 -0.287883
15616 -0.287877
16640 -0.287865
19202 -0.28786
04498 -0.287857
08918 -0.287839
14665 -0.287826
12203 -0.287819
06888 -0.28781
19823 -0.287797
12314 -0.287741
10026 -0.287736
13009 -0.287719
03878 -0.287686
18253 -0.287686
10080 -0.287684
07866 -0.287683
10528 -0.287664
00158 -0.287656
20754 -0.287655
08782 -0.287616
05948 -0.287558
00997 -0.287555
18206 -0.287553
06141 -0.287546
10888 -0.287543
03974 -0.287476
07999 -0.287463
09607 -0.287441
08851 -0.287427
04434 -0.287417
04731 -0.287411
10371 -0.287396
18630 -0.287391
03832 -0.287374
00591 -0.287369
14056 -0.287368
15372 -0.287364
21134 -0.287361
20413 -0.287348
08628 -0.287337
08666 -0.287337
20661 -0.287324
16728 -0.287319
16007 -0.287316
15120 -0.287282
05644 -0.287278
00747 -0.287259
00797 -0.28724
14843 -0.287236
09434 -0.287235
19943 -0.287235
12807 -0.287226
21162 -0.287222
16707 -0.28721
17907 -0.287199
20426 -0.287189
04224 -0.287188
20582 -0.287157
14629 -0.287153
03822 -0.287123
10483 -0.287042
07240 -0.287032
16988 -0.287032
05936 -0.28703
05890 -0.286985
19618 -0.286984
13117 -0.286973
01558 -0.286972
03252 -0.286969
18805 -0.286957
02780 -0.286933
14900 -0.286924
08773 -0.286922
00681 -0.286913
12528 -0.286884
16217 -0.286883
01370 -0.286879
16983 -0.286874
12108 -0.286842
05962 -0.286819
09410 -0.286814
04343 -0.286789
00116 -0.286784
19613 -0.286768
11963 -0.286763
03302 -0.286753
09522 -0.286701
01465 -0.286698
18932 -0.286693
12030 -0.286654
03622 -0.286652
19152 -0.28665
03810 -0.286625
01330 -0.286621
05923 -0.286597
17983 -0.286586
12938 -0.286577
00576 -0.286545
15830 -0.286533
04428 -0.286507
10218 -0.286498
01575 -0.286495
13568 -0.286486
03906 -0.286473
19828 -0.286463
02501 -0.286454
03259 -0.286428
19645 -0.286425
02867 -0.286422
14925 -0.286422
19857 -0.286416
21290 -0.286377
09885 -0.286371
00566 -0.286367
20691 -0.286366
08441 -0.286355
19773 -0.28635
00564 -0.28634
13711 -0.286334
19699 -0.28631
07162 -0.286307
07064 -0.286301
07853 -0.28629
06278 -0.286286
07249 -0.28626
13068 -0.286215
01635 -0.286172
19895 -0.286161
09383 -0.286139
15164 -0.286129
16552 -0.286128
20841 -0.286127
03376 -0.286107
16173 -0.286091
05986 -0.286081
18638 -0.286069
21185 -0.286068
09418 -0.286066
11431 -0.286062
11477 -0.286053
17596 -0.286047
18876 -0.286036
08251 -0.286017
19485 -0.286014
07186 -0.286002
08359 -0.285991
11873 -0.285982
10722 -0.285978
18815 -0.285971
00561 -0.285932
10435 -0.285912
07136 -0.285867
19763 -0.28586
16867 -0.285831
19322 -0.285829
11623 -0.285826
18792 -0.285816
03058 -0.285809
17857 -0.285795
09110 -0.285733
12851 -0.285733
09711 -0.285714
12395 -0.285711
18278 -0.285689
03943 -0.285665
02160 -0.285656
03425 -0.285655
11642 -0.285645
17163 -0.285633
16258 -0.285594
20431 -0.285589
20830 -0.285584
02720 -0.285583
03395 -0.285578
10498 -0.285574
03383 -0.285536
18071 -0.285482
04168 -0.285468
02432 -0.28546
08791 -0.285459
04582 -0.285456
03208 -0.285443
11695 -0.285441
10467 -0.285423
15159 -0.285422
03707 -0.285417
19363 -0.285417
21509 -0.285406
11909 -0.285395
19217 -0.285383
07181 -0.285358
19189 -0.285328
20288 -0.285242
09387 -0.285232
04968 -0.285222
08034 -0.285217
15294 -0.285209
04878 -0.285193
08328 -0.285185
12605 -0.285181
12083 -0.285166
12652 -0.285153
12988 -0.285144
11267 -0.285143
16389 -0.285134
04359 -0.285129
08987 -0.285126
09709 -0.285111
20449 -0.285098
01104 -0.285097
12214 -0.285095
09514 -0.28509
04699 -0.285087
11438 -0.285085
17113 -0.285085
10822 -0.285077
05396 -0.285075
04579 -0.285073
08775 -0.285047
04955 -0.285039
01501 -0.285023
03393 -0.285019
08977 -0.285017
20786 -0.284993
14541 -0.284991
19359 -0.284965
02510 -0.284948
20375 -0.28493
19263 -0.284894
11559 -0.284892
02830 -0.284878
13195 -0.28487
19665 -0.284852
03489 -0.284818
03555 -0.284818
07615 -0.284733
07617 -0.284708
15467 -0.284708
02394 -0.284683
02473 -0.284669
01335 -0.284668
11982 -0.284622
11264 -0.28462
19380 -0.284611
04676 -0.284585
10793 -0.284583
11669 -0.284552
18825 -0.284531
18145 -0.284527
20579 -0.284516
20834 -0.284516
05093 -0.284489
19769 -0.284488
00667 -0.284479
12660 -0.284464
02612 -0.284444
00662 -0.284442
06199 -0.284438
12925 -0.284437
20641 -0.284433
01144 -0.284414
00376 -0.284405
06879 -0.284404
09009 -0.284399
10052 -0.284381
04315 -0.284374
15161 -0.284367
12978 -0.284363
02713 -0.284358
10582 -0.284357
00068 -0.28434
11523 -0.284326
19210 -0.284324
09100 -0.284322
00343 -0.284315
06423 -0.284299
17540 -0.28429
21478 -0.284282
00932 -0.284266
10446 -0.284237
12212 -0.284229
10877 -0.284221
00666 -0.284208
06858 -0.284202
00735 -0.284201
12103 -0.284199
07112 -0.284192
10202 -0.284177
07820 -0.284145
09589 -0.284141
18814 -0.284136
20604 -0.284117
12636 -0.284112
11679 -0.284097
20472 -0.284081
18075 -0.284074
17578 -0.284067
10034 -0.284045
20572 -0.284044
07927 -0.284034
10846 -0.284018
11206 -0.284011
10906 -0.283996
02374 -0.283972
07217 -0.283961
12349 -0.283959
06286 -0.283955
00149 -0.283951
19288 -0.283948
05659 -0.283915
00371 -0.283904
12648 -0.283891
00079 -0.283886
12233 -0.283876
19307 -0.28383
12553 -0.283824
20895 -0.283813
19626 -0.28379
06340 -0.283787
16514 -0.28378
06140 -0.283748
03684 -0.283731
15251 -0.28371
02533 -0.283703
15052 -0.283701
01073 -0.283689
09351 -0.283689
10563 -0.283685
04536 -0.283674
15363 -0.283666
19036 -0.283659
19389 -0.283657
18589 -0.283623
08177 -0.283585
09927 -0.283584
05977 -0.283544
20781 -0.283528
05141 -0.283527
04485 -0.283521
01358 -0.28351
18842 -0.283469
06902 -0.283443
12546 -0.283442
06101 -0.283404
15965 -0.2834
02193 -0.283396
17569 -0.283386
02102 -0.283363
03963 -0.283357
01801 -0.283352
05441 -0.28335
15217 -0.283345
15575 -0.283345
17950 -0.283303
04274 -0.283295
03069 -0.283279
12028 -0.283277
15324 -0.283274
18037 -0.283255
21030 -0.283251
11236 -0.283246
11451 -0.283243
06836 -0.283242
01376 -0.28323
12866 -0.283228
17586 -0.283228
16646 -0.283209
10815 -0.283202
05463 -0.283186
05808 -0.283184
07202 -0.283161
05884 -0.283157
19148 -0.283144
17093 -0.283129
07094 -0.283121
03802 -0.28311
09517 -0.283086
10087 -0.28308
15360 -0.283073
12309 -0.28306
03216 -0.283059
12200 -0.283058
16851 -0.283046
18879 -0.28304
09886 -0.28298
12007 -0.282965
06721 -0.282964
06812 -0.282961
19087 -0.282958
12956 -0.282951
09033 -0.282929
06612 -0.282925
02247 -0.282924
12225 -0.282902
14729 -0.282901
11147 -0.282882
09188 -0.282879
19468 -0.282879
04023 -0.282872
01818 -0.28287
07065 -0.282797
05686 -0.282795
19883 -0.282793
19143 -0.28278
10387 -0.282764
08891 -0.282759
06026 -0.282753
11999 -0.282723
08485 -0.282716
07912 -0.282709
02287 -0.282707
09949 -0.282676
18651 -0.282671
12977 -0.28267
20693 -0.282658
01766 -0.282657
10915 -0.28263
19892 -0.282625
18813 -0.282616
09509 -0.282591
17388 -0.282589
08960 -0.282578
07200 -0.282563
03367 -0.282502
15885 -0.2825
04069 -0.282464
17656 -0.282464
19208 -0.282464
03600 -0.282463
15970 -0.282451
06688 -0.282415
12826 -0.282415
03642 -0.282404
21082 -0.282402
04408 -0.282396
16761 -0.282377
18377 -0.282352
00148 -0.28235
09186 -0.28233
13021 -0.282321
18881 -0.282321
06276 -0.282307
07082 -0.2823
16406 -0.28229
17643 -0.282236
08543 -0.282207
15075 -0.282191
05372 -0.282188
09379 -0.282183
09785 -0.282175
01150 -0.282079
20967 -0.282071
03258 -0.282057
06702 -0.282052
17695 -0.282044
06662 -0.282032
20594 -0.282012
11782 -0.282
04146 -0.281969
02430 -0.281941
07260 -0.281926
12586 -0.281895
05628 -0.281869
06563 -0.281866
15146 -0.281857
05512 -0.281855
00599 -0.28185
08544 -0.281798
11105 -0.281798
07896 -0.281796
03845 -0.281778
18783 -0.281732
09619 -0.281731
11094 -0.281713
02574 -0.281689
15133 -0.281658
08756 -0.281632
12228 -0.281632
18188 -0.281615
15785 -0.281552
11517 -0.281507
04851 -0.28149
16159 -0.281478
16764 -0.281476
20965 -0.281466
11002 -0.281459
07434 -0.281391
06508 -0.281379
03914 -0.281372
20563 -0.28135
17012 -0.28133
02577 -0.281329
09633 -0.281328
02927 -0.281316
12247 -0.281312
09742 -0.281295
12236 -0.281291
07168 -0.28126
09318 -0.281246
13020 -0.281242
14743 -0.281207
12367 -0.281174
04583 -0.281157
09925 -0.281152
09040 -0.281149
17849 -0.28114
03267 -0.281139
19384 -0.28113
04443 -0.281124
09251 -0.281118
12018 -0.281099
19578 -0.281089
19864 -0.281079
16842 -0.281019
02665 -0.28101
21299 -0.280977
08538 -0.280972
17798 -0.280971
12015 -0.280951
16712 -0.280921
05900 -0.280919
01429 -0.280904
11062 -0.280896
00764 -0.280872
07637 -0.280872
05739 -0.280864
03177 -0.280815
16652 -0.280793
19413 -0.280788
02629 -0.280787
17974 -0.280787
15264 -0.280764
01018 -0.280759
12987 -0.280754
07411 -0.28074
07454 -0.28072
20477 -0.280678
06775 -0.280668
02547 -0.280647
18910 -0.280639
15036 -0.280629
00654 -0.280597
14990 -0.280596
02589 -0.280592
03617 -0.280578
15214 -0.280576
17605 -0.280556
18336 -0.280555
19762 -0.280552
19695 -0.280547
20603 -0.28051
00474 -0.280501
06247 -0.280495
20429 -0.280479
11810 -0.280477
04761 -0.280457
16861 -0.280452
16557 -0.280423
12159 -0.28036
11304 -0.280352
08906 -0.280332
04526 -0.280329
05222 -0.280315
03724 -0.280305
16332 -0.280303
19635 -0.280301
00186 -0.280291
02318 -0.28027
01032 -0.280255
20818 -0.280241
07369 -0.280196
14735 -0.280181
18576 -0.280163
07093 -0.280156
19236 -0.280149
11024 -0.280143
19409 -0.280141
06788 -0.280132
13250 -0.280128
21027 -0.280111
16117 -0.280108
19473 -0.280104
15699 -0.2801
17688 -0.280093
06382 -0.280092
04614 -0.280068
03188 -0.280057
04841 -0.280054
03623 -0.280051
04542 -0.280025
12888 -0.28
15458 -0.279976
00162 -0.27994
02289 -0.279905
02344 -0.279899
03885 -0.279883
09913 -0.279872
04140 -0.279845
01512 -0.279844
04982 -0.279839
13106 -0.279832
03276 -0.279809
00602 -0.279799
02201 -0.27978
15308 -0.279733
01316 -0.279729
15055 -0.2797
19118 -0.279669
01223 -0.279655
15956 -0.279558
03819 -0.279536
07940 -0.279525
00044 -0.279515
19926 -0.279515
11196 -0.279504
05080 -0.279499
19290 -0.279499
18561 -0.279494
18593 -0.279494
10481 -0.279492
12635 -0.279484
06863 -0.27947
10887 -0.279463
09234 -0.279411
02195 -0.2794
01390 -0.279395
06277 -0.279387
11871 -0.279378
17642 -0.279369
04336 -0.279339
02056 -0.279329
16556 -0.279323
20694 -0.279322
19352 -0.279296
10110 -0.27929
03084 -0.279289
07391 -0.279289
10303 -0.27927
01509 -0.279257
18686 -0.279219
21118 -0.279213
03716 -0.279207
09288 -0.279159
03420 -0.279152
06224 -0.279148
07814 -0.279131
01506 -0.279127
04032 -0.279093
05754 -0.27909
06498 -0.279055
19654 -0.279052
17833 -0.279046
00441 -0.279043
04887 -0.279042
05533 -0.27904
12647 -0.27904
13175 -0.279021
16023 -0.279016
20322 -0.279013
21427 -0.279002
05287 -0.279001
15425 -0.278997
18726 -0.278984
12237 -0.27898
11808 -0.278963
15204 -0.278939
02225 -0.278913
02661 -0.278904
14911 -0.278897
11464 -0.278887
08100 -0.278871
17951 -0.27884
01028 -0.278839
02999 -0.278833
07084 -0.278833
07969 -0.27883
10543 -0.278826
11561 -0.278797
04817 -0.278794
15332 -0.278786
05596 -0.278755
21083 -0.278753
12947 -0.278735
14816 -0.278734
12751 -0.278722
12671 -0.278704
12140 -0.278702
05357 -0.2787
01266 -0.278679
16431 -0.278677
09008 -0.278673
14741 -0.278641
11055 -0.278612
16919 -0.278606
21467 -0.278603
07680 -0.2786
10454 -0.278599
19335 -0.278592
11657 -0.278512
07376 -0.278474
09447 -0.278424
07378 -0.278413
05613 -0.278391
02045 -0.278373
16570 -0.278348
02669 -0.278241
18261 -0.278241
13870 -0.278228
21395 -0.278225
06635 -0.278216
01321 -0.278215
01860 -0.278193
15239 -0.278193
04622 -0.278192
06003 -0.27818
11139 -0.278142
10566 -0.278107
10414 -0.278106
12685 -0.278099
16155 -0.27809
20584 -0.278084
19443 -0.278082
16151 -0.278073
10071 -0.27806
12526 -0.278054
20418 -0.278053
17082 -0.278021
07281 -0.277988
12669 -0.277986
16516 -0.277975
15663 -0.277962
00647 -0.277945
05074 -0.277944
05477 -0.277939
15267 -0.277905
11539 -0.277897
11348 -0.277891
18963 -0.277881
19415 -0.277874
04339 -0.277865
01826 -0.277862
04227 -0.277849
01791 -0.277818
05559 -0.277817
04904 -0.277808
02738 -0.277806
14668 -0.277803
01578 -0.277802
19271 -0.277796
08282 -0.277768
12559 -0.277749
14831 -0.277726
03038 -0.277724
11996 -0.27772
16833 -0.277706
07095 -0.277703
19780 -0.277629
07058 -0.277624
06266 -0.277617
06805 -0.277614
09269 -0.277586
08994 -0.277578
15645 -0.277576
05320 -0.277543
08562 -0.27753
04348 -0.277517
15015 -0.277503
06731 -0.2775
11051 -0.277488
17435 -0.277462
12518 -0.277448
17192 -0.277443
05608 -0.277388
14556 -0.277359
14966 -0.277328
06346 -0.277288
01665 -0.277282
00577 -0.277246
08322 -0.277226
10291 -0.277224
07458 -0.277201
05675 -0.27719
07996 -0.277153
01403 -0.27713
05996 -0.277122
14715 -0.277122
03652 -0.277093
01280 -0.276998
01061 -0.276976
20638 -0.276943
11597 -0.276937
09345 -0.276925
08370 -0.276923
19420 -0.276913
03578 -0.276905
04237 -0.276903
18080 -0.276865
09643 -0.276855
00963 -0.276853
12168 -0.276852
18592 -0.276828
00117 -0.276812
10941 -0.276805
01479 -0.276794
06200 -0.276791
11056 -0.27679
10237 -0.276779
08459 -0.276755
07334 -0.27673
07108 -0.27672
10317 -0.276709
17597 -0.276707
07353 -0.276676
18248 -0.276658
02233 -0.276656
16688 -0.276623
18853 -0.276621
12133 -0.276618
20742 -0.276607
07750 -0.276594
02261 -0.276578
02506 -0.276566
01029 -0.276548
16695 -0.276476
03960 -0.276462
02497 -0.276441
08916 -0.276435
10219 -0.276372
06538 -0.27635
06933 -0.276345
14827 -0.276337
01647 -0.276332
15010 -0.276323
19913 -0.276314
17913 -0.276308
07865 -0.276302
15156 -0.276299
08887 -0.276267
14893 -0.276264
00007 -0.276252
08996 -0.276185
18485 -0.276185
16644 -0.276127
08949 -0.276105
20647 -0.276051
16379 -0.27605
10127 -0.276048
11344 -0.276038
10558 -0.275985
03385 -0.275979
15900 -0.275975
16408 -0.275957
15184 -0.275943
03575 -0.275939
04976 -0.275932
05112 -0.275913
05011 -0.27591
07930 -0.275884
15918 -0.275875
15487 -0.275861
07946 -0.275856
06122 -0.275843
04342 -0.275794
13704 -0.275778
11334 -0.275769
16445 -0.275757
10473 -0.275753
03565 -0.275752
07514 -0.275722
15664 -0.275718
19711 -0.275718
14099 -0.275703
08748 -0.275697
13139 -0.275663
19902 -0.275663
07616 -0.275609
18201 -0.275599
01294 -0.275592
14539 -0.275583
05465 -0.275582
01659 -0.27557
04018 -0.27556
16519 -0.275536
17743 -0.275528
04837 -0.275473
10419 -0.275453
10962 -0.275446
05690 -0.275391
02914 -0.275352
16811 -0.275348
03607 -0.275337
08934 -0.275315
07778 -0.27529
07984 -0.27527
15794 -0.275255
02641 -0.275248
02596 -0.275218
03856 -0.275145
08957 -0.275145
09599 -0.275143
17610 -0.27512
06090 -0.275111
13283 -0.275102
14996 -0.275095
14921 -0.275093
21220 -0.275042
08353 -0.275016
09954 -0.275015
20725 -0.274993
11891 -0.274838
16351 -0.274832
02416 -0.274828
18979 -0.274808
13207 -0.274786
02672 -0.274773
20513 -0.274762
09329 -0.274757
09889 -0.274749
01477 -0.274747
11410 -0.274708
09959 -0.274698
09459 -0.274694
19663 -0.274667
00260 -0.274635
05740 -0.27462
08567 -0.27461
06282 -0.274594
18794 -0.274581
18020 -0.274573
17852 -0.274567
16488 -0.274538
04518 -0.274526
10222 -0.274523
06245 -0.274512
00150 -0.274508
17984 -0.274418
02299 -0.274393
11680 -0.274385
14748 -0.274385
00362 -0.274339
11520 -0.274333
12113 -0.274255
01031 -0.274252
06510 -0.274249
15278 -0.274222
09289 -0.274207
14264 -0.274201
10989 -0.274195
16917 -0.274195
17847 -0.27419
09443 -0.274172
02184 -0.274161
08937 -0.274106
01649 -0.274097
15585 -0.274028
04450 -0.27402
16493 -0.274019
11231 -0.273991
15936 -0.273988
15421 -0.273948
20398 -0.273948
20982 -0.273912
15111 -0.273906
11484 -0.273902
04058 -0.273901
03123 -0.273873
19379 -0.273868
09431 -0.273842
07407 -0.273827
11441 -0.273816
19159 -0.273812
10979 -0.273805
13229 -0.2738
00119 -0.273785
21210 -0.273756
19970 -0.273755
18240 -0.273668
12276 -0.273639
16823 -0.273635
02909 -0.273629
13202 -0.273618
15592 -0.273601
19772 -0.273589
17574 -0.273573
15862 -0.273549
03290 -0.273486
06439 -0.273469
06327 -0.273462
03345 -0.273457
17562 -0.273452
11408 -0.273449
14542 -0.273444
12106 -0.273443
07145 -0.27344
10458 -0.273413
11602 -0.273412
19811 -0.273379
15788 -0.273376
06193 -0.273347
19453 -0.273316
09102 -0.273293
06725 -0.273284
06755 -0.273242
13037 -0.273231
11926 -0.273227
09098 -0.273221
17648 -0.273214
03316 -0.273158
19703 -0.273141
15589 -0.273125
11309 -0.273111
18438 -0.27309
17809 -0.273069
01287 -0.273061
14563 -0.272988
15783 -0.272975
10939 -0.272923
18880 -0.272921
18577 -0.272906
03145 -0.272868
17349 -0.272833
07060 -0.272827
17148 -0.272824
05643 -0.272803
19406 -0.2728
13103 -0.272799
08571 -0.27276
11997 -0.272757
01233 -0.272754
11412 -0.272743
05789 -0.272662
14315 -0.272642
18325 -0.272635
07593 -0.272588
18202 -0.272534
09000 -0.272526
02114 -0.272521
19327 -0.272519
11329 -0.272457
08839 -0.272401
17732 -0.272377
17800 -0.272354
12917 -0.27232
08456 -0.272251
17763 -0.272234
19856 -0.272227
00154 -0.272208
11465 -0.272202
07180 -0.272201
00214 -0.272179
19839 -0.272134
03823 -0.272127
03709 -0.272124
05955 -0.272092
18643 -0.272086
03596 -0.272081
07973 -0.272073
21538 -0.272052
20644 -0.272039
05875 -0.272038
11125 -0.272023
04217 -0.272009
07333 -0.272006
18959 -0.271997
01450 -0.271995
15810 -0.271993
10152 -0.271984
04592 -0.271968
08689 -0.271954
12173 -0.271948
00498 -0.271923
00559 -0.271916
02735 -0.271905
08849 -0.271897
16463 -0.271878
08707 -0.271865
13659 -0.271806
03910 -0.271759
10794 -0.271737
10139 -0.271729
11598 -0.271611
02604 -0.271604
18575 -0.27155
16718 -0.271546
02295 -0.271521
00447 -0.271506
07925 -0.271467
19956 -0.271454
07415 -0.271452
12512 -0.271438
16295 -0.271391
03864 -0.271389
03812 -0.271371
08880 -0.271355
17825 -0.271351
00380 -0.271314
15468 -0.271296
16521 -0.271286
06807 -0.271264
10572 -0.27126
02434 -0.27125
17782 -0.271242
01313 -0.271207
07504 -0.271197
03656 -0.27119
11210 -0.271187
04661 -0.271139
05353 -0.271133
08287 -0.271114
19104 -0.271069
04807 -0.271012
05854 -0.271004
00807 -0.270995
05226 -0.270952
12443 -0.270923
06806 -0.27092
04605 -0.270896
09035 -0.270833
10007 -0.27083
16449 -0.270801
19312 -0.270793
03783 -0.270792
08919 -0.270786
08962 -0.270751
17729 -0.270736
03237 -0.270726
18811 -0.270691
20663 -0.270688
20627 -0.270683
20552 -0.27063
05946 -0.270608
20820 -0.270607
09596 -0.270567
10998 -0.270537
20540 -0.270519
19631 -0.270513
12345 -0.270468
00361 -0.270457
03120 -0.270406
18039 -0.270374
10106 -0.270339
15024 -0.270318
21143 -0.270313
11741 -0.270245
10507 -0.270228
06497 -0.270205
14585 -0.270116
20707 -0.270084
07463 -0.270082
05505 -0.270069
19346 -0.270066
03424 -0.27006
02770 -0.270053
14485 -0.270049
08974 -0.270022
08827 -0.269994
02128 -0.269986
14587 -0.269948
18381 -0.269948
09340 -0.269947
05499 -0.269946
10508 -0.269926
21301 -0.269902
11405 -0.269884
09733 -0.269878
08864 -0.269797
01126 -0.269786
11129 -0.269762
18528 -0.269753
00679 -0.269734
19961 -0.269712
17704 -0.2697
07109 -0.269615
11757 -0.269562
21089 -0.269535
11974 -0.269525
12386 -0.269482
11637 -0.269465
14859 -0.269445
20467 -0.269413
03879 -0.269336
06682 -0.269305
09898 -0.269287
01020 -0.269279
06887 -0.269257
08809 -0.269234
17776 -0.269191
08091 -0.26918
16710 -0.26918
10890 -0.269162
19447 -0.269112
05689 -0.26909
14631 -0.269053
15879 -0.269034
12981 -0.269031
12969 -0.268987
07475 -0.268984
06911 -0.268977
06953 -0.268955
02737 -0.268948
07288 -0.268896
02209 -0.268881
12953 -0.268879
16024 -0.268834
04646 -0.268831
05581 -0.268823
02637 -0.268815
16043 -0.268815
05203 -0.268804
19180 -0.268799
12094 -0.268712
05406 -0.268711
15107 -0.268695
13393 -0.268664
20875 -0.268613
16721 -0.268611
12759 -0.268566
20495 -0.268551
11663 -0.268538
18786 -0.268524
02107 -0.268476
16452 -0.268467
06050 -0.268456
08220 -0.268447
00334 -0.268446
19935 -0.268437
12822 -0.268431
19331 -0.268431
12889 -0.268408
07656 -0.268394
05362 -0.268375
20547 -0.268371
21097 -0.268353
09402 -0.268253
20491 -0.268249
06315 -0.268244
02410 -0.268214
21050 -0.268204
17810 -0.2682
18975 -0.268195
11358 -0.268192
04391 -0.268186
04178 -0.268086
08332 -0.268085
16404 -0.26807
04537 -0.268005
11134 -0.268002
16680 -0.267993
03152 -0.26799
15479 -0.267979
18040 -0.267977
19315 -0.267961
04587 -0.267951
19378 -0.267943
15968 -0.267925
09846 -0.267914
03242 -0.267909
10497 -0.26789
19324 -0.267823
04360 -0.267816
02081 -0.267796
21462 -0.267786
11457 -0.267769
17873 -0.26769
19095 -0.267689
18882 -0.267668
11150 -0.267647
08776 -0.267555
17863 -0.267554
15281 -0.26754
19876 -0.2675
16663 -0.267499
03077 -0.267491
18116 -0.267489
20998 -0.267489
04182 -0.267451
18760 -0.267446
02634 -0.267398
02768 -0.267368
02721 -0.267364
01676 -0.267336
19241 -0.267313
11847 -0.26729
06554 -0.267288
14397 -0.267265
19900 -0.267238
20352 -0.267191
05975 -0.267149
00034 -0.267081
02578 -0.26708
09668 -0.267036
20362 -0.266997
05335 -0.266984
02400 -0.266973
05623 -0.266963
16464 -0.266937
03396 -0.266933
18331 -0.266921
07704 -0.266897
03477 -0.266887
01447 -0.266881
03080 -0.266847
11079 -0.266837
00331 -0.266822
08566 -0.266813
03821 -0.266808
11631 -0.266804
11202 -0.266775
09474 -0.266768
17864 -0.266732
10714 -0.266592
14980 -0.26658
05557 -0.266579
17746 -0.266538
18567 -0.266531
02177 -0.266529
02690 -0.266518
16513 -0.266464
14154 -0.266449
09569 -0.266423
21421 -0.266419
06763 -0.266412
02039 -0.266406
05664 -0.266397
09814 -0.26634
15993 -0.266325
03125 -0.266296
12217 -0.266273
17601 -0.266265
14626 -0.266233
20109 -0.266233
15151 -0.266209
08231 -0.266166
10335 -0.266156
00996 -0.266108
10128 -0.266106
10595 -0.266094
04145 -0.266061
00537 -0.266035
09608 -0.265976
10167 -0.265959
20619 -0.265946
08130 -0.265856
15255 -0.265851
15349 -0.265845
14135 -0.265839
05348 -0.265825
02907 -0.265823
19575 -0.265795
02240 -0.265769
10018 -0.265747
05934 -0.265721
17678 -0.26568
17677 -0.265648
16326 -0.265638
17822 -0.265626
05272 -0.265599
07926 -0.265564
15091 -0.265542
12863 -0.265539
02846 -0.265508
08888 -0.265485
09809 -0.26548
02706 -0.265449
16689 -0.265294
04052 -0.265264
04127 -0.265264
15662 -0.265251
17571 -0.265247
11557 -0.265231
02462 -0.265211
19320 -0.265209
18342 -0.265191
06203 -0.265189
06449 -0.265186
01243 -0.265144
04186 -0.265097
19572 -0.265095
19423 -0.26507
12622 -0.265049
11068 -0.265033
18114 -0.265018
01237 -0.265017
20434 -0.264928
08855 -0.264923
17853 -0.264903
00736 -0.264897
11402 -0.264891
08065 -0.264879
15596 -0.264848
12853 -0.264826
11619 -0.264816
20777 -0.264811
14028 -0.264747
06550 -0.264744
21043 -0.264741
19886 -0.264709
18197 -0.2647
03344 -0.264682
11257 -0.26466
03409 -0.264659
08526 -0.264655
12378 -0.264651
11522 -0.26465
16035 -0.264641
13102 -0.264606
16667 -0.26459
00199 -0.264573
10816 -0.264513
12452 -0.264512
01989 -0.264498
17652 -0.264497
04064 -0.264451
08285 -0.26445
06616 -0.264394
05234 -0.26438
19706 -0.264356
19113 -0.26431
01497 -0.264306
10413 -0.264298
17872 -0.264297
09332 -0.264287
09233 -0.264271
18644 -0.264252
07497 -0.264237
17029 -0.264176
20877 -0.264171
10992 -0.264114
06112 -0.264063
00033 -0.264038
15035 -0.264022
01694 -0.264011
17867 -0.263972
20210 -0.263963
21571 -0.263934
17710 -0.263921
09106 -0.26392
12205 -0.263906
10721 -0.26377
07864 -0.263761
10058 -0.263752
18624 -0.263701
05350 -0.263649
08367 -0.263588
00045 -0.26354
19826 -0.263528
13218 -0.263522
12575 -0.263517
11048 -0.263493
01755 -0.263468
16479 -0.263464
20190 -0.263447
08904 -0.263436
17911 -0.263433
09020 -0.263408
16459 -0.263378
15974 -0.263353
00741 -0.263346
15031 -0.263319
08967 -0.263314
05652 -0.263307
16130 -0.263293
16215 -0.263293
03431 -0.263278
20713 -0.263264
04870 -0.263238
19117 -0.263229
03645 -0.263194
19280 -0.263149
07045 -0.263148
01083 -0.263144
00745 -0.263129
09414 -0.263117
16510 -0.263081
19120 -0.263047
00315 -0.263036
20595 -0.263016
12189 -0.263011
10559 -0.262974
17973 -0.262958
17595 -0.262957
16484 -0.262943
03747 -0.262931
11784 -0.262908
20115 -0.262856
10748 -0.262833
03093 -0.262817
05489 -0.262807
07178 -0.262802
01463 -0.262792
00941 -0.262697
21253 -0.262687
05108 -0.262675
05309 -0.26267
14533 -0.262652
12144 -0.26265
08288 -0.262649
18898 -0.262611
06909 -0.26254
17164 -0.262522
02763 -0.262467
12032 -0.262465
12930 -0.262462
10940 -0.262456
16675 -0.26244
07337 -0.262434
21454 -0.262419
11042 -0.262384
17151 -0.262316
21039 -0.262298
15545 -0.262232
17479 -0.262216
08781 -0.26221
06111 -0.262139
18038 -0.262099
17124 -0.262082
00682 -0.262071
11086 -0.262068
12600 -0.262048
15898 -0.26201
05411 -0.261956
11325 -0.261941
00448 -0.26194
02526 -0.261905
17659 -0.261886
03287 -0.261723
00389 -0.261704
03042 -0.261697
16524 -0.261686
14679 -0.261652
09593 -0.261569
04606 -0.261522
19608 -0.261503
03415 -0.261497
11292 -0.26148
11863 -0.26148
03877 -0.26144
09309 -0.26144
15920 -0.261402
09506 -0.261391
16237 -0.26138
05403 -0.261357
09324 -0.261301
07352 -0.261273
09064 -0.261243
03250 -0.261217
16979 -0.261211
10960 -0.261206
21065 -0.261203
02791 -0.261197
17250 -0.261193
12905 -0.261155
06246 -0.261142
02783 -0.26108
12644 -0.261078
13060 -0.261054
18778 -0.26104
09365 -0.260972
02126 -0.260938
03377 -0.260933
11905 -0.26093
18157 -0.260915
07627 -0.260871
18187 -0.260871
00853 -0.260845
06260 -0.260826
09338 -0.260808
11916 -0.260778
05295 -0.260741
05525 -0.260734
03168 -0.260724
11874 -0.260719
14574 -0.260715
14156 -0.260712
19746 -0.260699
03673 -0.260656
19858 -0.26063
05340 -0.26057
10078 -0.260564
15892 -0.260549
13265 -0.260519
12975 -0.260511
05304 -0.260499
19872 -0.26049
01289 -0.260481
02291 -0.260457
10570 -0.260447
18913 -0.260427
16475 -0.260426
19734 -0.260417
16210 -0.260416
14543 -0.260376
11077 -0.260371
12219 -0.260342
03009 -0.260336
17171 -0.260316
16450 -0.260275
10836 -0.260192
17000 -0.260165
03972 -0.260154
09553 -0.26014
08126 -0.260138
11833 -0.260054
00157 -0.260051
15320 -0.260027
05590 -0.260021
05732 -0.259962
17801 -0.259927
18471 -0.259847
07824 -0.259843
14090 -0.259826
09432 -0.259813
10551 -0.259809
09367 -0.259761
10457 -0.259722
01534 -0.259678
04615 -0.259672
06537 -0.259668
12222 -0.259637
17561 -0.259634
17839 -0.259581
10790 -0.259556
16307 -0.259544
03727 -0.259499
05094 -0.259485
10768 -0.259484
17958 -0.259478
01276 -0.259447
19881 -0.259411
09401 -0.259387
07677 -0.259378
02953 -0.259335
09252 -0.259329
18863 -0.259323
15963 -0.259295
08909 -0.25919
03880 -0.259185
07698 -0.259124
18245 -0.259119
21333 -0.259085
06780 -0.259059
14888 -0.259035
16682 -0.258983
16830 -0.25897
17969 -0.25897
04375 -0.258901
18730 -0.258901
03230 -0.258853
09499 -0.25883
03075 -0.258823
05562 -0.258815
02544 -0.25878
15034 -0.25875
21318 -0.258745
19612 -0.258726
04952 -0.258699
12661 -0.25869
16992 -0.258648
19767 -0.25863
05077 -0.258595
12717 -0.258574
19510 -0.258544
18629 -0.258501
05585 -0.258413
19907 -0.258394
03261 -0.258348
06020 -0.258342
03180 -0.258317
12374 -0.258282
20525 -0.258277
05873 -0.258273
13196 -0.258272
04850 -0.258192
17339 -0.25819
02950 -0.258174
18101 -0.258142
15001 -0.25813
07947 -0.25811
02010 -0.258109
07900 -0.258101
15461 -0.258079
06527 -0.258062
15698 -0.258037
16999 -0.258032
05974 -0.257875
08945 -0.257869
04243 -0.257867
12548 -0.257866
19462 -0.257843
19737 -0.257826
21241 -0.257823
16419 -0.257784
19297 -0.257765
05615 -0.257749
06789 -0.257744
06433 -0.25774
15261 -0.25773
10042 -0.257685
10787 -0.25768
06604 -0.257636
19731 -0.257609
06038 -0.257589
19984 -0.257535
12538 -0.257477
05435 -0.257458
11643 -0.257457
19383 -0.257447
04212 -0.257407
09045 -0.257404
19457 -0.257382
18607 -0.257371
16057 -0.257352
11892 -0.257328
11743 -0.257297
09918 -0.257286
18232 -0.25728
01666 -0.257272
00757 -0.257238
20876 -0.257223
19411 -0.25721
06767 -0.257198
05597 -0.257185
16840 -0.257167
02732 -0.257163
01788 -0.257141
17701 -0.257096
16512 -0.257056
04893 -0.257003
20301 -0.256999
06961 -0.256894
07030 -0.256894
03085 -0.256881
09817 -0.256858
02220 -0.256831
04510 -0.256818
03063 -0.256815
21070 -0.256814
15808 -0.256751
09497 -0.256741
17565 -0.256721
06422 -0.256702
17749 -0.256646
11509 -0.256604
15739 -0.256568
11925 -0.256566
02714 -0.256563
03071 -0.256491
19470 -0.256486
15861 -0.256474
11362 -0.256434
05005 -0.256382
18503 -0.256368
18141 -0.256312
19906 -0.256308
14982 -0.256219
18017 -0.256217
21534 -0.256202
02306 -0.256186
04448 -0.2561
15404 -0.256069
07932 -0.256
06501 -0.255994
17488 -0.255974
04659 -0.255972
06844 -0.255933
16262 -0.255915
08697 -0.25591
07729 -0.255772
01729 -0.255718
02951 -0.255707
05672 -0.255706
21140 -0.25569
05010 -0.255651
00304 -0.25564
19825 -0.255602
01628 -0.2556
09243 -0.255561
03161 -0.255509
01760 -0.255382
13199 -0.255311
10221 -0.255299
06695 -0.255234
21278 -0.255216
19270 -0.255175
20956 -0.255154
17968 -0.255153
10789 -0.255074
17524 -0.255073
04323 -0.255056
00849 -0.255039
12071 -0.254975
11237 -0.254974
20188 -0.254944
15961 -0.25485
00015 -0.254842
02810 -0.25484
12449 -0.254811
10002 -0.254802
03759 -0.254782
16373 -0.254769
15995 -0.254726
18596 -0.254698
15196 -0.254653
04373 -0.254521
21046 -0.254514
02331 -0.254487
15659 -0.254451
18801 -0.254413
00010 -0.254411
03251 -0.25437
12281 -0.254368
10533 -0.254319
12688 -0.254307
01209 -0.254234
20602 -0.254205
11875 -0.254177
17993 -0.254152
15335 -0.254128
10224 -0.254098
05609 -0.254056
03086 -0.253977
17673 -0.253976
08040 -0.253929
05097 -0.253928
19605 -0.2539
11929 -0.253896
08722 -0.253877
11268 -0.253787
09090 -0.253786
11576 -0.253755
14262 -0.253737
02736 -0.253685
20815 -0.253577
08293 -0.253528
08753 -0.253506
11508 -0.253505
15037 -0.253419
19983 -0.253409
08780 -0.253407
19344 -0.253395
05384 -0.253392
10022 -0.253322
19917 -0.253287
06217 -0.253233
04890 -0.253214
09063 -0.253167
12250 -0.253117
21466 -0.253093
16370 -0.253054
06908 -0.25305
18467 -0.252985
04107 -0.252944
09075 -0.252897
00302 -0.252871
02237 -0.25285
20898 -0.252784
15542 -0.252775
01098 -0.252723
07041 -0.252707
20503 -0.252639
01634 -0.252602
10451 -0.252524
07603 -0.252504
13054 -0.252481
17812 -0.252479
06519 -0.252455
10025 -0.25242
16862 -0.252359
02512 -0.252345
03912 -0.252321
19136 -0.252294
04249 -0.252288
12221 -0.252261
05044 -0.252257
13087 -0.252238
08615 -0.252202
15249 -0.252187
04167 -0.252175
16232 -0.252135
07220 -0.252133
17778 -0.25212
03459 -0.252115
09296 -0.251976
00960 -0.251953
16591 -0.251915
16618 -0.251878
11279 -0.251853
07464 -0.251827
05902 -0.251808
12305 -0.251795
20734 -0.251668
05641 -0.25163
20665 -0.251621
12540 -0.251548
10057 -0.251538
02815 -0.251515
10985 -0.251499
08217 -0.251494
04596 -0.251486
15061 -0.251457
11095 -0.251384
16866 -0.251321
10158 -0.251202
01739 -0.251109
13769 -0.251091
07816 -0.25109
17986 -0.25106
03198 -0.251056
09984 -0.251048
01159 -0.250925
09844 -0.250874
10872 -0.250874
15337 -0.250871
11954 -0.250839
19681 -0.250839
03573 -0.250812
04774 -0.250804
10961 -0.250797
13077 -0.250796
12574 -0.250707
16466 -0.250689
07548 -0.250635
10208 -0.250624
16523 -0.250622
18817 -0.250518
12865 -0.250409
15672 -0.250408
03491 -0.250342
07470 -0.250336
01526 -0.25029
09977 -0.250241
19968 -0.250232
07382 -0.25023
06135 -0.250186
13124 -0.250169
18479 -0.250081
18600 -0.250066
17681 -0.250054
08704 -0.250029
07435 -0.250003
06869 -0.249977
08944 -0.249944
09413 -0.249942
02945 -0.249847
07997 -0.249831
10313 -0.2497
08514 -0.249676
14907 -0.249645
17212 -0.249629
05212 -0.249607
17518 -0.249521
16223 -0.249511
06873 -0.249499
20510 -0.249499
10129 -0.249455
19930 -0.249454
11015 -0.249414
19766 -0.249319
18950 -0.249296
17716 -0.249291
02323 -0.249276
00703 -0.249261
19334 -0.249253
17687 -0.249232
14177 -0.249231
17184 -0.249203
00387 -0.249189
04567 -0.249177
17414 -0.249149
17752 -0.248982
12579 -0.248979
21419 -0.248954
11550 -0.24895
16136 -0.248945
07733 -0.24892
07899 -0.24884
11041 -0.248673
02668 -0.248592
09926 -0.248532
13171 -0.248475
07234 -0.248419
19144 -0.248416
03970 -0.248407
07773 -0.248405
16805 -0.248403
20884 -0.248403
03570 -0.248385
20489 -0.248376
05520 -0.248363
06556 -0.248248
19155 -0.248099
05379 -0.248004
06441 -0.247954
19973 -0.247929
06750 -0.247887
08730 -0.247842
12329 -0.247826
10867 -0.247732
17347 -0.247675
17796 -0.247655
00009 -0.247637
01297 -0.247573
19959 -0.247546
10994 -0.247538
09059 -0.247525
06331 -0.247495
20035 -0.247463
05299 -0.247446
20543 -0.247444
02268 -0.24744
00436 -0.24743
11923 -0.247424
13005 -0.247408
13011 -0.247329
11661 -0.247249
03378 -0.247243
04812 -0.247221
20824 -0.247175
02933 -0.247172
12668 -0.24712
09947 -0.24698
02948 -0.246972
06430 -0.24696
17719 -0.246936
05714 -0.246915
10479 -0.246899
19688 -0.246798
18573 -0.246647
15786 -0.246603
08685 -0.246536
02898 -0.246529
04024 -0.24647
12625 -0.246439
03598 -0.246408
05763 -0.246405
01425 -0.246332
11988 -0.246329
17957 -0.246293
05332 -0.246275
11962 -0.246237
10694 -0.246194
09536 -0.246145
18135 -0.246077
13193 -0.246059
05248 -0.24604
00978 -0.245819
00904 -0.245778
19963 -0.245738
06675 -0.245702
15463 -0.245611
09480 -0.245533
10238 -0.245465
12350 -0.245402
01601 -0.245392
11126 -0.245386
15778 -0.245355
09363 -0.245307
04301 -0.245289
05469 -0.245287
03056 -0.245245
20679 -0.245227
03264 -0.245211
00845 -0.245176
00366 -0.245147
01987 -0.24497
01302 -0.244935
18262 -0.244912
03119 -0.244835
16444 -0.244818
19838 -0.244801
02151 -0.244721
16832 -0.244707
19507 -0.244687
14594 -0.244638
19702 -0.244631
01874 -0.244583
10969 -0.244573
06856 -0.244516
07831 -0.244382
19137 -0.244337
19952 -0.244304
09472 -0.244276
08243 -0.24425
10744 -0.244205
20405 -0.244171
15128 -0.244133
07354 -0.243975
08373 -0.243959
03873 -0.243951
08546 -0.243939
06082 -0.243895
05082 -0.243668
06719 -0.243575
15004 -0.243548
08351 -0.243547
18931 -0.243527
20585 -0.243443
16287 -0.243314
12679 -0.24317
12172 -0.243154
09755 -0.243103
17086 -0.243099
17700 -0.242958
11369 -0.24295
05961 -0.242884
04690 -0.242881
12529 -0.242837
07659 -0.242792
15931 -0.242742
17638 -0.242692
12054 -0.242618
00882 -0.242569
15682 -0.242542
21041 -0.242515
13532 -0.242479
12356 -0.242455
17317 -0.242371
06518 -0.242352
01500 -0.242276
03693 -0.242248
16873 -0.24224
00706 -0.242192
01835 -0.242188
13072 -0.242158
07895 -0.242123
12965 -0.242103
21000 -0.242083
03916 -0.241988
08561 -0.241975
05708 -0.241967
15605 -0.241943
11889 -0.241909
12827 -0.241865
18654 -0.241809
14978 -0.241724
17174 -0.24165
21213 -0.241471
12834 -0.241458
19981 -0.241457
05020 -0.241374
02650 -0.241288
17612 -0.241254
05673 -0.24124
19860 -0.241235
18585 -0.241232
09283 -0.241224
09382 -0.241224
19609 -0.241216
07402 -0.24108
10978 -0.241054
10674 -0.241016
09027 -0.24101
09642 -0.24101
17510 -0.240967
15060 -0.240956
08771 -0.240886
15149 -0.240813
11722 -0.240605
02654 -0.2406
04798 -0.240511
03313 -0.240491
03094 -0.240477
02552 -0.240423
04201 -0.240412
01741 -0.240395
09920 -0.240395
11599 -0.240321
15176 -0.240313
19871 -0.240274
06328 -0.240262
02946 -0.24024
12282 -0.240181
11738 -0.240175
12331 -0.240151
02419 -0.240134
12767 -0.239945
13023 -0.239855
06817 -0.239844
07296 -0.239841
12492 -0.239841
11505 -0.239823
19368 -0.239732
09872 -0.239719
19602 -0.239659
13263 -0.239582
12186 -0.239572
19214 -0.23946
00655 -0.239424
00609 -0.2394
15119 -0.239397
00733 -0.239371
03775 -0.239298
12454 -0.239181
05713 -0.239117
00752 -0.239053
05965 -0.238974
15997 -0.238897
19666 -0.238874
21393 -0.238807
05517 -0.238694
16648 -0.238552
03999 -0.238521
17115 -0.238425
07810 -0.238406
09850 -0.238378
03025 -0.238228
15276 -0.238174
10918 -0.238171
17723 -0.238141
19221 -0.238112
13787 -0.238108
09392 -0.238105
15717 -0.238078
02281 -0.238061
09942 -0.238046
05910 -0.237976
03205 -0.237965
17694 -0.237956
02728 -0.237949
17168 -0.237903
02896 -0.237902
09112 -0.237858
01412 -0.237785
16796 -0.237736
20137 -0.237728
04447 -0.237722
02054 -0.237578
07693 -0.237522
10399 -0.237522
03599 -0.237513
05940 -0.237465
03868 -0.237443
09052 -0.237414
10213 -0.237411
19579 -0.237364
17502 -0.237303
18660 -0.237277
20328 -0.237259
17785 -0.237251
10555 -0.23714
18751 -0.237137
16398 -0.237126
03095 -0.237117
09976 -0.236984
03778 -0.236911
19343 -0.236904
03907 -0.236903
19127 -0.236885
19364 -0.236813
09239 -0.23677
12298 -0.236765
20773 -0.236657
18236 -0.236563
03918 -0.236228
09876 -0.236143
08355 -0.236092
16995 -0.236074
17559 -0.23601
08432 -0.23598
10232 -0.235931
15713 -0.235931
15736 -0.235896
21060 -0.235733
17738 -0.235728
17413 -0.235691
06443 -0.235588
09381 -0.235585
08712 -0.235504
07993 -0.235474
18079 -0.235229
19464 -0.235189
12629 -0.235141
12852 -0.235102
04043 -0.234878
00558 -0.234845
19830 -0.23483
02027 -0.234794
01855 -0.234751
03711 -0.234722
08558 -0.234662
01584 -0.234623
16656 -0.234443
06630 -0.234442
07252 -0.234436
00725 -0.234396
05876 -0.234354
12973 -0.234285
18223 -0.234235
12195 -0.234227
04623 -0.234214
10560 -0.234213
11102 -0.234175
18300 -0.234156
05306 -0.234094
00473 -0.23409
10168 -0.234043
17651 -0.234036
03392 -0.233982
06188 -0.233968
19428 -0.233914
20945 -0.233908
17053 -0.233869
00840 -0.233846
00025 -0.233763
16844 -0.233736
15571 -0.23372
08406 -0.233581
08428 -0.23357
01238 -0.233547
01262 -0.233544
07646 -0.233533
13794 -0.23339
17770 -0.233368
17039 -0.23329
19597 -0.233233
18859 -0.233232
17727 -0.233209
18696 -0.233133
10527 -0.233131
15992 -0.233086
16145 -0.23305
17110 -0.232855
01808 -0.232722
21093 -0.232711
03241 -0.232686
18027 -0.232596
18938 -0.232501
19050 -0.23247
21429 -0.232467
12722 -0.23238
04033 -0.232355
12739 -0.232324
19939 -0.232307
14394 -0.232238
07891 -0.232218
13189 -0.232214
04943 -0.232189
17876 -0.232171
01000 -0.231956
06655 -0.231955
20321 -0.231785
02528 -0.231758
18962 -0.231702
00967 -0.231678
17835 -0.231673
11748 -0.231638
18205 -0.231618
03096 -0.231595
11791 -0.231569
12663 -0.231538
16447 -0.231466
16026 -0.231453
07484 -0.231371
00153 -0.231264
04591 -0.231234
12317 -0.231217
11468 -0.230945
08518 -0.23091
20917 -0.230595
21133 -0.230483
05710 -0.230434
16477 -0.230301
01622 -0.230128
02450 -0.230098
13089 -0.230004
04233 -0.229948
21040 -0.229911
12409 -0.229802
00408 -0.229767
16427 -0.229685
06694 -0.229665
17551 -0.229665
18663 -0.229606
20298 -0.229208
13210 -0.229138
13146 -0.229085
16747 -0.229061
08770 -0.228979
17579 -0.228865
08467 -0.2288
20618 -0.228723
08224 -0.228655
10908 -0.228653
15210 -0.228634
06914 -0.228619
04153 -0.228611
07963 -0.228553
16037 -0.228345
03984 -0.228253
17048 -0.228208
04135 -0.228146
11374 -0.227972
08836 -0.227929
02924 -0.227912
08002 -0.227829
04937 -0.227807
20142 -0.227666
07469 -0.227594
05899 -0.227388
16176 -0.227322
05286 -0.227212
01606 -0.227199
03053 -0.227149
19441 -0.226983
03948 -0.226896
02013 -0.22689
12697 -0.226771
16041 -0.226752
03920 -0.22675
11968 -0.226715
21469 -0.226715
04310 -0.226671
20775 -0.226632
11239 -0.226574
15849 -0.226499
10971 -0.226495
07218 -0.226459
08345 -0.226366
15591 -0.226348
09661 -0.226231
19837 -0.226206
05757 -0.226178
05667 -0.226165
10893 -0.226065
11285 -0.225881
03839 -0.225794
17127 -0.225738
01291 -0.225626
18029 -0.225614
19833 -0.225607
03961 -0.225582
09929 -0.225509
02538 -0.225182
18635 -0.225138
14263 -0.225012
09538 -0.225
16231 -0.224974
02322 -0.224865
19599 -0.224796
11707 -0.224703
02520 -0.224567
05177 -0.224392
07370 -0.224371
04586 -0.22428
03263 -0.224263
17866 -0.224259
03154 -0.224212
19946 -0.224199
07789 -0.224092
21073 -0.223983
06092 -0.22397
05756 -0.223967
02120 -0.223955
02813 -0.22388
07867 -0.223866
02802 -0.223713
01673 -0.2236
16391 -0.22343
13043 -0.223273
02540 -0.22321
05135 -0.223177
16875 -0.22313
15912 -0.223091
12322 -0.223059
14506 -0.223012
12933 -0.222945
11449 -0.222894
06473 -0.222716
09637 -0.222661
05291 -0.222627
03993 -0.22258
12310 -0.222529
06697 -0.222489
07046 -0.222452
11298 -0.222409
00088 -0.22237
11867 -0.222359
08225 -0.222358
19504 -0.222332
03744 -0.222314
10311 -0.222262
20905 -0.222193
19675 -0.22217
18182 -0.222167
05935 -0.22201
06665 -0.221993
18566 -0.221961
19360 -0.221654
10423 -0.221646
08255 -0.221605
08975 -0.221588
07253 -0.221549
12069 -0.221533
05121 -0.22149
01862 -0.221482
17960 -0.221304
04964 -0.221301
05352 -0.221291
19381 -0.221248
12996 -0.221245
08472 -0.221237
03795 -0.221117
19281 -0.221116
03547 -0.221112
11504 -0.221062
06070 -0.220806
02505 -0.220758
07130 -0.220748
07813 -0.22071
15569 -0.220709
21401 -0.22067
19448 -0.220571
07737 -0.220531
18988 -0.22053
00724 -0.220365
12702 -0.220355
16831 -0.22024
04908 -0.220169
18238 -0.220152
03643 -0.220042
02551 -0.2199
01419 -0.219887
06056 -0.219834
17706 -0.219741
02475 -0.219676
18138 -0.219617
19341 -0.219547
07494 -0.219458
03964 -0.219409
01684 -0.219366
03107 -0.219246
15561 -0.219207
00712 -0.219157
19455 -0.218826
03384 -0.218799
07247 -0.218718
05117 -0.218474
16874 -0.218464
11074 -0.218174
07274 -0.218154
06096 -0.218143
07765 -0.218133
17340 -0.218104
00836 -0.218078
17004 -0.218018
09539 -0.217921
08361 -0.217884
01581 -0.217526
17025 -0.217497
02455 -0.217362
19461 -0.217357
19256 -0.217252
13212 -0.217195
12138 -0.21719
14736 -0.217147
06930 -0.217074
19258 -0.217031
12087 -0.217013
12797 -0.216999
13211 -0.216821
06562 -0.216803
20887 -0.2168
21411 -0.216491
01118 -0.216359
19181 -0.216287
19419 -0.21627
20216 -0.216193
01354 -0.216058
16460 -0.215931
11492 -0.215906
08853 -0.21587
07678 -0.215865
06659 -0.215835
10898 -0.215773
04229 -0.21557
04970 -0.215472
03402 -0.215436
20792 -0.215276
06059 -0.215199
15894 -0.215167
13041 -0.215149
03934 -0.215049
09108 -0.215023
02159 -0.214853
11514 -0.214837
02647 -0.214575
08115 -0.21454
10895 -0.21454
09036 -0.214409
07482 -0.214401
11143 -0.214345
04235 -0.214231
06853 -0.214227
02365 -0.214083
01981 -0.21399
21071 -0.213985
00401 -0.213974
05516 -0.213923
09454 -0.213899
05293 -0.213894
19451 -0.213859
21078 -0.213855
06065 -0.213553
11872 -0.213543
05455 -0.213534
03381 -0.213309
03153 -0.21315
03129 -0.213145
11915 -0.213112
18590 -0.21304
08690 -0.212911
04175 -0.212871
08947 -0.212868
14949 -0.212797
04204 -0.21267
21251 -0.212582
17625 -0.21242
17784 -0.212417
03394 -0.212359
05889 -0.212106
06815 -0.212082
19874 -0.211884
17760 -0.211851
11088 -0.211811
05349 -0.21162
02301 -0.211602
05665 -0.211498
17728 -0.211481
18229 -0.211412
14619 -0.211395
00551 -0.211378
20766 -0.211366
10788 -0.211155
10518 -0.211046
21404 -0.210962
00768 -0.210912
19240 -0.210875
05331 -0.210722
19679 -0.210667
10066 -0.210636
02609 -0.210552
07433 -0.210495
01039 -0.210461
19831 -0.21033
07796 -0.210203
03417 -0.210159
07305 -0.210105
09582 -0.210038
10874 -0.209996
15544 -0.209828
09343 -0.209799
13036 -0.209442
07983 -0.209317
19758 -0.20931
00125 -0.209299
17538 -0.209289
17777 -0.209268
07090 -0.20925
03991 -0.208957
02532 -0.20882
04411 -0.20873
16277 -0.208557
01847 -0.208524
05751 -0.208475
00851 -0.208344
19649 -0.208227
19585 -0.208158
16021 -0.208087
16923 -0.208011
01577 -0.207974
19325 -0.207953
06810 -0.207619
11515 -0.207525
20396 -0.20744
17837 -0.207322
00714 -0.207226
03176 -0.207207
00442 -0.207175
07992 -0.206857
16233 -0.206854
08204 -0.206834
16872 -0.206822
00657 -0.206815
00732 -0.206748
17576 -0.20659
03400 -0.206553
04477 -0.206388
19912 -0.206379
19099 -0.206338
06428 -0.206138
20744 -0.20603
01798 -0.205975
06463 -0.205622
08618 -0.20535
18895 -0.205161
06124 -0.204884
11563 -0.204772
02546 -0.204715
08438 -0.204677
19751 -0.204597
12858 -0.204563
13182 -0.20446
12146 -0.204233
09638 -0.204219
12610 -0.204162
07596 -0.204063
16420 -0.203611
00844 -0.203523
19435 -0.203397
18652 -0.20336
00748 -0.203351
02543 -0.20335
21228 -0.203322
18986 -0.203156
08496 -0.202928
11526 -0.202811
02376 -0.202748
02509 -0.202617
11078 -0.202493
06180 -0.202413
06928 -0.20224
08222 -0.202007
07068 -0.20198
21408 -0.201751
17671 -0.201668
19697 -0.201643
10088 -0.201555
17182 -0.201525
13206 -0.201474
18921 -0.201432
17491 -0.20134
19760 -0.20127
19732 -0.201134
06223 -0.201106
03933 -0.201004
14604 -0.200978
02251 -0.200697
06849 -0.200531
20835 -0.200379
16621 -0.200322
00570 -0.200273
13085 -0.200147
06085 -0.200007
12995 -0.199994
07847 -0.199785
03418 -0.199778
12719 -0.199776
10909 -0.199734
07670 -0.199621
18210 -0.199516
11920 -0.19945
01074 -0.199446
12557 -0.19943
09891 -0.199368
02224 -0.199191
18313 -0.199034
08512 -0.198982
19799 -0.198981
19351 -0.198915
16029 -0.198709
00547 -0.198683
15501 -0.198595
03632 -0.198343
14131 -0.198314
07635 -0.198297
17978 -0.198247
08023 -0.198144
17573 -0.198123
16925 -0.197912
21550 -0.197728
07490 -0.197715
02769 -0.197601
19880 -0.197592
17640 -0.197488
03223 -0.197479
08998 -0.197432
11161 -0.197398
08327 -0.19732
07687 -0.197262
09833 -0.197236
19188 -0.197182
02917 -0.197126
14623 -0.197085
01719 -0.196922
18682 -0.196721
14504 -0.196665
15700 -0.196524
05919 -0.196523
16677 -0.196425
02570 -0.196215
21319 -0.195582
02534 -0.195564
09088 -0.195294
14932 -0.195048
04161 -0.194921
11888 -0.194913
12698 -0.194829
06818 -0.194801
15370 -0.194798
20797 -0.194521
05091 -0.194417
00767 -0.194269
16247 -0.194107
11032 -0.194066
03023 -0.193988
01667 -0.193893
16395 -0.193611
00393 -0.193496
20114 -0.193421
18036 -0.193343
01994 -0.193299
07749 -0.193174
03139 -0.193081
17081 -0.192812
03157 -0.192677
06103 -0.192659
08711 -0.192512
10102 -0.192504
17787 -0.192494
12049 -0.192459
01920 -0.192339
07110 -0.192169
14201 -0.192021
16684 -0.191952
03833 -0.191881
03399 -0.191809
19810 -0.191638
09487 -0.191538
11144 -0.19141
19283 -0.191286
08010 -0.191202
17589 -0.191115
03797 -0.190975
17860 -0.190669
06499 -0.190653
11744 -0.190498
06442 -0.190387
02470 -0.190182
20457 -0.190182
09230 -0.190177
00135 -0.190065
10786 -0.190045
20811 -0.189879
02491 -0.18974
06819 -0.189586
11981 -0.189363
17507 -0.189266
17506 -0.189006
16211 -0.18867
16465 -0.188592
09087 -0.188552
09858 -0.188479
19482 -0.188291
06157 -0.188133
00545 -0.187783
20311 -0.187559
15600 -0.187505
01678 -0.187371
06874 -0.186878
11063 -0.186537
07817 -0.186512
17178 -0.186142
01303 -0.18609
03416 -0.186089
20698 -0.186013
03320 -0.1858
18334 -0.185652
10146 -0.185239
07342 -0.184712
02799 -0.184701
18658 -0.184614
03356 -0.184524
11016 -0.184257
19242 -0.184023
17513 -0.183836
02699 -0.183576
16685 -0.183564
17766 -0.183517
13194 -0.183476
06410 -0.183306
12699 -0.182699
09258 -0.182601
01228 -0.182391
05001 -0.182375
11253 -0.182267
09277 -0.182236
01562 -0.182169
16727 -0.182006
06027 -0.181968
02500 -0.181906
20379 -0.181829
09210 -0.181626
06689 -0.181602
18861 -0.181384
07747 -0.181326
11373 -0.181249
09047 -0.180875
10462 -0.180324
11755 -0.179954
21357 -0.179824
07319 -0.179511
11812 -0.179435
03100 -0.179425
01836 -0.179342
03422 -0.179138
17076 -0.178635
03413 -0.1785
05671 -0.178491
11349 -0.17839
11396 -0.178356
02638 -0.178301
03229 -0.178135
03239 -0.177906
04806 -0.177901
04159 -0.177864
10429 -0.176512
16163 -0.175877
12620 -0.175765
04772 -0.175444
16409 -0.175403
12156 -0.175259
07225 -0.175105
10950 -0.17458
03587 -0.174538
17956 -0.173629
11763 -0.173481
09544 -0.173183
13188 -0.171911
10171 -0.171862
08020 -0.171031
09971 -0.170459
03336 -0.169234
09677 -0.16854
00372 -0.168309
01153 -0.167403
16443 -0.167035
01213 -0.167027
09285 -0.167014
11029 -0.166656
03298 -0.166461
16676 -0.166407
09526 -0.16632
16737 -0.165815
16714 -0.165801
16700 -0.165372
04369 -0.165222
18605 -0.165186
01203 -0.165152
06402 -0.164648
09640 -0.164364
02902 -0.16429
02080 -0.164008
00424 -0.163767
08509 -0.163756
21387 -0.163327
08497 -0.1633
09779 -0.163253
07362 -0.163224
16203 -0.163214
02219 -0.163066
10676 -0.162663
10541 -0.160802
02375 -0.16078
06093 -0.160735
21287 -0.16052
00496 -0.160303
17099 -0.159668
16583 -0.159571
19683 -0.159517
02024 -0.158514
04277 -0.158286
12646 -0.157995
10361 -0.157859
05442 -0.157681
13714 -0.157389
16216 -0.154574
07650 -0.154091
10784 -0.153964
03072 -0.153821
12485 -0.153593
19713 -0.153276
10928 -0.152506
21376 -0.152001
11299 -0.150825
10098 -0.150626
04884 -0.150409
00128 -0.14993
08205 -0.147812
15122 -0.147708
15565 -0.147669
10883 -0.147631
08778 -0.147245
08691 -0.146648
07791 -0.145774
08823 -0.145732
19796 -0.14485
11294 -0.144761
05750 -0.144538
00850 -0.14327
00096 -0.142231
04918 -0.141938
04733 -0.141635
01771 -0.14142
04748 -0.139502
12676 -0.139229
04303 -0.13742
08932 -0.134945
09644 -0.13481
04910 -0.13476
03039 -0.130631
04933 -0.130492
19962 -0.128724
13790 -0.127644
10404 -0.123383
07977 -0.121986
11101 -0.120199
09246 -0.118138
01996 -0.113954
01735 -0.111631
03013 -0.106038
18239 -0.103831
19719 -0.0963865
19690 -0.0760787
05303 -0.0589296
