09640
09677
04277
19188
01981
13714
07847
10541
07225
10171
09858
19281
07670
16583
07362
12646
11088
17589
06027
16465
07090
10146
19240
20835
19732
11396
21387
01228
17787
15122
10088
01213
19697
01678
12620
00767
01719
18861
18232
10560
01735
11063
19675
06675
06818
04733
05001
01855
18895
04910
02080
03139
04161
09258
07773
19758
09544
01303
04175
17727
06689
10404
18036
03125
17860
19461
18658
06659
00442
03356
18652
01771
01153
03072
04748
11349
15544
04806
19939
11563
14604
01622
05751
06874
17507
07791
10066
16409
17978
21376
11812
09779
18921
19283
00393
01996
13790
02647
05750
10361
13043
03013
16277
07650
07130
12485
09891
08010
16203
08691
07433
09833
11299
11763
20887
09210
10429
07596
02375
02024
08205
16216
09285
09277
16443
03039
03157
19683
16163
00496
15565
01836
07068
08428
04369
06930
09047
02609
08853
04933
07687
11101
17513
17081
18236
11016
21550
17573
14932
17956
20792
03643
02500
16211
16727
12156
09971
00372
13194
20811
11294
01798
12676
04303
09246
13146
00714
12697
00424
00657
04884
02475
08932
08823
06914
11968
03336
11791
17766
03298
03176
16737
11526
08998
15370
17506
08778
20114
09635
17099
10784
03795
07435
04477
02491
21251
02520
19713
03154
13023
20744
02219
02538
12310
03107
11514
07977
01808
19946
15501
17538
20698
08711
21357
16460
17671
01847
19242
16447
09526
06442
01562
12699
20216
03100
21404
07247
02638
08497
10786
07342
07796
00732
15700
16477
17700
05442
17760
21287
09230
00025
19256
02532
10676
07319
18229
19419
21078
18682
10788
09638
00748
06428
01262
19679
18696
03934
19504
19831
06124
08618
12146
09454
10462
06085
12322
19810
08509
02534
20311
01862
19325
07747
02159
08023
02509
21401
06180
20379
16677
00570
16844
09536
02917
09582
02546
03129
00401
04970
11032
10555
06473
11144
10311
03991
11285
11504
07765
06093
15569
01419
05935
07678
06410
18313
11029
19968
14949
13263
07110
07789
12827
11863
02924
12409
11298
11889
06463
20595
06928
06665
19871
11492
11102
11468
03023
08512
09942
17866
12138
17048
12454
11074
00840
08204
11161
07296
06056
15149
18663
17168
16395
00088
21213
03744
19341
08361
05091
08944
15600
00725
12317
14263
01874
03797
03918
17837
12739
03400
05667
04153
05177
01297
03711
10883
17706
08345
03778
19825
13085
16700
08496
02301
03263
11520
07899
17770
21408
05710
08406
08438
07370
12069
05961
16223
11867
09108
03320
19455
19127
17778
19833
10895
21319
04229
05306
02505
10874
03381
17612
05349
05117
17182
03402
18334
05516
11078
06719
01000
21429
00724
19585
10950
05756
17004
11488
18962
06805
20905
06443
05331
09538
06449
14131
16685
10399
07490
06849
14201
20457
18182
06519
20396
01581
04964
17178
03933
03418
01118
03417
03239
00440
05876
05320
11006
00844
09343
02224
17784
08327
19597
08020
16391
16684
03416
20797
01606
19912
06654
19136
08753
11041
04411
09731
02551
12557
07057
06694
10844
11286
00851
19050
16872
06065
11143
05965
14394
01354
17576
16874
07482
04937
19428
20884
18988
07992
13211
10898
20766
07862
11934
00003
07981
19688
11748
20684
16831
09296
02909
17812
03920
02948
07402
17579
15128
11374
19144
19448
09976
00033
04204
06082
02650
06810
07784
19441
17535
19579
20298
12839
04591
18205
19221
19360
15004
11508
04323
02039
06817
08348
10224
20824
07200
04235
07993
05469
02128
03205
19952
17347
06697
16041
18079
17115
05517
12905
10674
00655
03715
18566
00712
02322
03094
09392
03313
17510
09289
19464
14262
10748
19155
03025
17864
08285
08224
00752
16466
04893
17723
13171
12834
09817
11509
13532
00366
09850
20679
00010
12452
16145
14907
16656
15561
17694
00009
17046
10559
09028
08836
04201
03305
02067
03598
17053
15239
07737
05212
15605
03775
07548
19900
18029
07603
00298
03235
10994
19411
18114
07810
16591
18596
12189
05082
02898
00408
15264
12579
05739
20489
18503
01694
08962
02940
08855
00733
20510
12933
04186
19984
06111
08839
13021
03075
03392
20328
02419
12973
00978
19415
01739
19137
04182
21333
16557
12018
05489
12172
11916
12106
02784
08065
18660
00400
16618
16215
05902
12600
06422
12644
21278
05044
21241
00703
10692
08730
17493
09633
20126
05384
10129
17687
21253
15060
03267
05520
01280
04518
07627
17993
13398
06752
09823
05373
16596
02783
19344
08864
04659
17488
19959
03673
02933
18643
01676
12028
17534
17973
00904
21003
14541
15778
09059
04052
16232
00361
11550
10025
04850
18325
18038
06780
15479
05077
05080
16675
10985
10161
02313
08433
19118
09918
04537
00558
18342
14542
18040
16710
05590
06141
19886
02291
20115
15970
08957
06220
19892
12965
18650
09809
19379
17659
16898
09607
11619
13175
11362
01788
05141
08734
19143
18201
08485
04924
11598
17886
03393
18187
02714
09626
20405
10058
03177
05946
20599
02195
01558
07641
11559
03799
04069
11871
03819
11056
01180
07419
03041
20726
02798
17678
15861
01659
01073
02444
03071
11325
10953
04515
08918
16524
11353
18253
17840
11737
10102
05303
03964
09644
15075
10501
16205
11782
02394
17250
15184
00806
11079
19296
11829
03652
03578
03454
19613
19290
09742
09568
19883
00537
15993
18864
12987
03596
18039
11925
07179
15458
05350
05463
19839
11663
03716
16459
04763
17571
17746
08907
07391
11876
07819
01001
02331
08508
13090
17585
06911
14469
17574
17776
09412
10005
14397
04526
04465
13250
19973
01477
20725
19241
12826
07604
15425
16035
01083
02846
21503
19095
02652
04753
09100
21297
06731
07050
11947
19315
06638
10846
04227
16563
11909
16823
18666
01960
05512
18435
14135
10419
01512
08761
00355
09387
21537
02623
16555
11458
03276
14941
19699
02091
15616
12342
08586
15407
05533
01447
16659
15466
19245
12553
04281
19326
05959
15044
04352
10471
11695
21434
18002
20579
00012
09086
15592
18951
18896
15396
05348
07855
17856
03926
01386
11386
03623
11986
01790
18162
07754
10595
11113
17232
16166
12586
12284
05644
14111
06617
03613
11517
06465
04978
00148
05465
04130
13160
10955
08527
17341
16794
02760
17877
01507
20830
19471
13382
05587
05258
12528
19715
00028
10623
03675
17572
17922
16956
01825
12726
20239
11020
08230
01138
07333
20686
18634
16830
08809
11473
20623
19445
15277
00677
12330
18813
12105
04730
05711
09935
10095
04333
04996
07578
16403
08732
11247
06857
17774
04583
16488
15225
13876
11814
19616
05936
01575
14665
15235
07089
05659
16748
01123
03992
15248
00429
03062
05186
11720
14071
02758
07649
03813
12264
16640
08052
06326
02547
18562
06724
02629
06364
02643
12938
04843
06581
10114
07905
20772
03015
20227
21476
17786
04961
03291
08769
03945
20107
10681
09282
16308
11556
13594
09348
01576
21197
20229
00344
17362
09080
10502
08278
04906
20200
15236
16965
02792
16208
07185
14880
01670
05577
11147
17854
03070
18531
15224
18244
10433
14711
15577
18118
07069
16515
02480
20348
07549
13249
17381
06958
12867
12927
21558
16456
12540
11981
03570
00128
06499
15764
11533
04585
20031
07263
03240
03265
03638
19847
01787
10123
21147
11337
12885
02741
09800
20690
08789
11971
16494
10468
00641
12181
06287
04364
15099
18687
13747
12654
05987
17389
17259
15143
00170
03560
20113
19641
18396
10935
14999
01082
10113
19404
12097
09658
05101
16438
04247
05053
00305
08649
07311
10247
13656
13244
00875
05837
15612
09956
01810
03701
20436
08078
04099
08128
10547
06377
04464
17533
02920
10732
04784
09651
20230
20614
18448
05281
07854
00951
19789
17483
08460
09006
11100
06450
15514
08136
01535
09636
10120
14720
08260
09704
00280
04552
10695
15602
11463
15947
10521
01097
15194
01092
06766
05096
12607
11521
08012
19658
05217
11419
07158
03714
09694
00348
12120
08600
10539
07159
11992
02469
18043
05067
05430
02246
07720
19564
14358
12802
07985
17711
07340
11248
13097
16124
19548
01338
14491
17841
03131
10835
19638
10289
02664
12164
12918
03141
04826
09276
13507
13739
12438
15724
06648
08815
06415
01393
21332
00892
13067
04502
08093
13493
09082
00192
08215
04088
00308
14493
04600
02968
16058
19692
13413
12046
15954
03892
01184
19371
01255
13708
09617
09802
15949
13799
15504
19291
20645
14024
13515
04823
10713
06016
04112
04355
00300
13329
03704
13108
11849
00668
04773
21216
12892
13616
02310
20678
01944
05368
11507
12656
08642
10747
14795
14052
13724
13630
02530
19671
18848
17979
13570
16110
21223
13628
14583
01273
18675
15368
17132
06715
14069
19925
02772
00633
06862
11069
14803
13448
11075
12862
09897
13308
19164
10476
00935
12124
17165
01515
08239
03685
14288
13601
14443
16069
00765
03195
07298
08686
20533
14984
13676
01121
09750
13389
15792
09166
10644
07011
13546
02347
10033
17916
07035
14768
07601
11608
15935
18623
16104
16357
01436
00700
19370
15049
16049
05796
06757
04046
18742
18010
11326
19313
02723
16001
14202
03931
17235
13871
01544
16714
19690
10098
05919
01987
01920
11230
01272
17919
20796
04717
09107
03068
05037
05210
00203
12811
09116
11914
06570
17282
13291
08648
03001
20104
13544
09272
06108
15897
04426
00200
18937
19377
10845
01345
17265
03024
20592
13332
06440
09457
21124
21179
06243
04909
20767
01906
20894
12915
16299
18996
05838
04744
12511
02965
21334
16708
02029
00828
10072
21248
10427
19197
16492
00883
04119
10966
02479
15704
04420
21480
06672
06254
12077
12042
08879
20564
12166
21385
12562
16642
11569
04472
21176
04361
21055
01494
02033
08318
08860
05654
12914
02761
06325
16715
20119
02668
12698
16676
02813
02220
13193
03587
18239
08002
03975
19719
11077
07978
02376
19962
18605
02251
00850
04159
19796
01994
17076
03984
01203
