00008
00017
00055
00064
00083
00161
00163
00178
00184
00210
00256
00324
00382
00427
00466
00509
00541
00554
00576
00588
00604
00618
00627
00645
00674
00701
00843
00872
00881
00896
00937
00942
00943
00979
00989
01115
01269
01308
01311
01323
01325
01329
01338
01351
01357
01404
01482
01503
01533
01578
01593
01612
01653
01704
01714
01767
01913
01963
01964
01972
01984
01985
02031
02134
02149
02198
02200
02222
02227
02262
02308
02496
02504
02594
02655
02657
02688
02731
02743
02845
02855
02872
02881
03015
03019
03078
03136
03247
03256
03359
03474
03483
03508
03574
03609
03631
03646
03663
03672
03680
03834
03849
03852
03876
03931
03937
03940
04003
04007
04010
04014
04040
04112
04136
04232
04241
04251
04256
04314
04399
04400
04420
04454
04491
04520
04540
04585
04747
04754
04780
04819
04851
04857
04909
04941
04946
04984
05036
05049
05109
05194
05198
05208
05219
05265
05281
05422
05434
05438
05485
05495
05535
05544
05560
05587
05594
05624
05630
05815
05827
05861
05865
05881
05887
05897
05941
05948
05962
05969
06006
06007
06042
06076
06144
06183
06196
06233
06313
06339
06393
06427
06504
06509
06657
06681
06687
06714
06735
06745
06799
06801
06828
06920
06940
06976
07011
07013
07016
07027
07032
07051
07054
07081
07097
07244
07332
07349
07432
07459
07462
07516
07526
07543
07557
07609
07669
07759
07767
07770
07832
07866
07877
07921
07950
07953
08043
08098
08158
08219
08221
08294
08305
08311
08388
08462
08539
08582
08587
08619
08670
08745
08828
08885
08899
08925
08959
09111
09155
09167
09263
09291
09399
09457
09463
09475
09624
09628
09723
09749
09791
09836
09848
09905
09914
09957
09969
09988
10010
10059
10089
10161
10216
10246
10520
10544
10556
10574
10600
10608
10610
10644
10664
10680
10705
10711
10716
10766
10778
10800
10980
10995
11014
11022
11081
11085
11118
11135
11165
11269
11281
11300
11365
11380
11536
11549
11582
11625
11931
11950
11957
11993
12025
12031
12059
12120
12216
12228
12260
12286
12302
12351
12383
12445
12477
12478
12507
12521
12595
12607
12616
12626
12630
12650
12696
12796
12799
12991
13081
13083
13100
13114
13126
13148
13179
13223
13225
13243
13252
13258
13390
13401
13405
13446
13459
13463
13471
13540
13586
13819
13846
13947
14097
14119
14183
14250
14302
14314
14321
14404
14417
14450
14524
14526
14572
14706
14757
14763
14781
14822
14858
14869
14874
14906
14947
15045
15047
15048
15058
15065
15090
15227
15280
15287
15291
15399
15400
15409
15432
15441
15450
15520
15534
15543
15551
15585
15597
15636
15683
15686
15718
15733
15773
15862
15878
15891
15908
15911
15917
15939
15951
15967
15999
16028
16156
16160
16254
16284
16295
16355
16389
16422
16514
16518
16539
16612
16669
16704
16726
16735
16802
16813
16865
16890
16955
17027
17042
17119
17147
17154
17173
17194
17202
17227
17228
17236
17271
17298
17394
17410
17433
17435
17516
17537
17584
17593
17598
17649
17658
17661
17742
17831
17848
17999
18081
18109
18204
18268
18280
18422
18442
18459
18468
18497
18501
18598
18617
18623
18678
18719
18734
18759
18773
18879
18885
18939
18954
19090
19130
19151
19190
19266
19369
19438
19450
19466
19476
19545
19589
19610
19725
19784
19832
19898
19929
19949
19964
19993
19997
20026
20042
20119
20150
20170
20184
20276
20338
20339
20342
20384
20408
20411
20447
20458
20490
20498
20555
20696
20751
20770
20771
20778
20784
20796
20926
20928
20975
21025
21032
21034
21148
21187
21285
21296
21349
21412
21424
21464
21488
21530
21531
21578
