00008
00017
00083
00161
00163
00178
00210
00382
00427
00466
00509
00541
00554
00576
00618
00627
00645
00674
00843
00896
00937
00942
00943
00979
00989
01269
01308
01311
01351
01357
01404
01482
01578
01612
01714
01767
01963
01964
01972
02134
02149
02198
02200
02227
02262
02308
02657
02731
02743
02855
02872
03019
03078
03136
03247
03256
03359
03483
03508
03574
03631
03646
03672
03680
03849
03876
03931
04010
04014
04136
04232
04241
04256
04400
04420
04454
04520
04747
04754
04780
04819
04851
04909
04941
04946
05036
05049
05109
05208
05219
05281
05422
05438
05485
05495
05535
05544
05587
05594
05624
05815
05827
05941
05948
05969
06006
06007
06042
06076
06183
06196
06233
06313
06339
06393
06427
06504
06657
06681
06687
06801
06940
07016
07027
07032
07051
07054
07097
07244
07332
07349
07432
07462
07516
07543
07557
07669
07759
07767
07832
07866
07877
07950
07953
08043
08098
08158
08219
08221
08294
08305
08388
08539
08582
08587
08619
08745
08828
08885
08899
08925
08959
09111
09167
09263
09463
09475
09624
09723
09749
09791
09836
09848
09905
09914
09957
09969
10010
10059
10089
10216
10246
10556
10600
10610
10644
10680
10705
10711
10716
10766
10778
10980
11014
11118
11135
11300
11365
11549
11582
11625
11950
11993
12025
12031
12302
12351
12383
12445
12477
12478
12507
12521
12595
12607
12616
12626
12630
12650
12799
12991
13081
13083
13100
13114
13126
13148
13179
13243
13252
13258
13390
13401
13405
13446
13459
13463
13471
13540
13586
13819
14097
14183
14250
14302
14321
14404
14524
14757
14858
14869
14874
14906
15045
15047
15058
15065
15090
15227
15280
15287
15400
15409
15450
15520
15534
15543
15551
15585
15597
15686
15733
15773
15878
15911
15917
15939
15951
15999
16028
16156
16160
16284
16422
16514
16518
16539
16612
16669
16704
16726
16735
16813
16865
16890
17027
17042
17119
17147
17173
17194
17202
17236
17271
17298
17410
17433
17516
17537
17584
17598
17831
17848
18109
18204
18280
18422
18459
18468
18501
18617
18719
18759
18773
18885
18954
19130
19151
19190
19266
19369
19450
19466
19476
19589
19610
19725
19784
19832
19949
19964
19993
19997
20026
20119
20170
20338
20339
20384
20408
20411
20447
20490
20498
20751
20770
20771
20784
20926
20928
20975
21032
21034
21148
21187
21285
21349
21412
21488
21530
21578
