00008
00083
00163
00178
00210
00382
00466
00509
00674
00843
00896
00937
00942
01308
01357
01404
01482
01714
01963
02149
02198
02227
02308
02657
02855
03019
03078
03247
03359
03508
03574
03631
03646
03672
03680
03931
04010
04014
04136
04232
04420
04747
04780
04819
04909
04946
05049
05109
05219
05422
05485
05495
05544
05594
05624
05815
05941
06183
06196
06233
06313
06339
06427
06504
06657
06681
07054
07332
07432
07462
07516
07557
07866
07950
07953
08098
08158
08219
08221
08388
08539
08582
08619
08885
08899
08925
08959
09111
09167
09263
09475
09723
09749
09836
09848
09905
09914
09969
10059
10089
10216
10246
10556
10600
10680
10711
10778
10980
11118
11135
11300
11365
11549
11993
12031
12302
12383
12445
12477
12521
12616
12630
12650
12799
12991
13081
13083
13114
13126
13148
13179
13258
13390
13446
13459
13540
14250
14524
14757
14858
14869
14874
14906
15065
15090
15227
15280
15287
15450
15520
15534
15551
15585
15686
15733
15773
15878
15917
15951
15999
16028
16156
16284
16422
16612
16669
16890
17027
17119
17173
17194
17202
17271
17410
17433
17584
17598
17831
17848
18280
18422
18468
18501
18719
19190
19369
19466
19589
19610
19949
19964
20119
20170
20338
20339
20384
20408
20498
20770
20771
20928
20975
21034
21148
21349
21412
21488
21530
21578
