00008
00083
00210
00382
00509
00843
00896
00937
01357
01404
02149
02198
02227
02308
03019
03078
03247
03359
03631
04014
04136
04420
04747
04909
04946
05049
05422
05485
05544
05594
05624
05941
06196
06504
06657
06681
07432
07866
07950
07953
08098
08219
08388
08582
08899
08925
09111
09475
09749
09848
09914
10059
10089
10246
10556
10600
10680
10980
11118
11135
11365
11549
12031
12477
12521
12616
13081
13114
13148
13179
13390
13446
14250
14757
14869
14874
14906
15065
15090
15227
15280
15287
15450
15551
15686
15733
15999
16028
16284
16422
16612
16890
17027
17202
17271
17410
17433
17598
17831
18280
18422
18468
18719
19466
20119
20170
20338
20339
20498
20770
20975
21349
21488
21530
21578
