10963 -0.713789
12163 -0.709594
11696 -0.703969
10966 -0.703
07914 -0.701586
02316 -0.698503
04370 -0.698262
02167 -0.697905
08337 -0.69683
13110 -0.695388
11588 -0.692863
11568 -0.692659
06257 -0.692457
05051 -0.692145
00202 -0.691768
02754 -0.691003
04363 -0.690842
12078 -0.690493
12379 -0.689854
13148 -0.689754
02856 -0.689666
19710 -0.689645
16888 -0.689458
02342 -0.68918
13203 -0.688948
06522 -0.688848
08582 -0.688251
20736 -0.688242
07439 -0.688133
08005 -0.687968
07830 -0.687897
08487 -0.687859
20927 -0.687453
12294 -0.686916
00621 -0.685989
07048 -0.685952
04620 -0.685693
15094 -0.685399
06850 -0.685245
21214 -0.685092
10879 -0.684659
05452 -0.684451
16346 -0.684242
02212 -0.684165
05013 -0.684128
12079 -0.683663
02409 -0.68353
11308 -0.683521
19440 -0.683366
08339 -0.683224
04504 -0.683126
01752 -0.682932
13118 -0.682688
01375 -0.682657
05501 -0.682541
11754 -0.682265
09003 -0.682259
11470 -0.682057
12176 -0.681967
08995 -0.681889
02602 -0.681874
03971 -0.681839
05968 -0.68175
10008 -0.681485
05931 -0.681401
03680 -0.681373
06123 -0.680618
05316 -0.680614
01524 -0.680575
09807 -0.680288
14569 -0.68022
02335 -0.680134
04273 -0.679662
06232 -0.679369
05898 -0.67936
04797 -0.67931
09610 -0.679203
05602 -0.679081
00151 -0.679007
12239 -0.678936
20947 -0.678667
09029 -0.678663
20600 -0.678587
03543 -0.678439
01877 -0.678433
19474 -0.678367
16804 -0.678324
08935 -0.678142
05422 -0.678102
16848 -0.678033
12562 -0.677946
07330 -0.677771
07676 -0.677761
16808 -0.677162
06298 -0.677109
03634 -0.676911
19815 -0.676828
21242 -0.676703
12166 -0.676666
15259 -0.676654
01011 -0.676573
20802 -0.67649
00848 -0.67636
06051 -0.676288
07229 -0.676211
10923 -0.67608
00013 -0.675993
11132 -0.675789
05530 -0.675614
10973 -0.67521
20226 -0.675013
12659 -0.674987
19475 -0.674955
02309 -0.674931
03626 -0.674915
16441 -0.674913
09425 -0.674884
06242 -0.674552
07449 -0.674447
05576 -0.674444
02519 -0.674426
02826 -0.674302
04361 -0.674122
07739 -0.674052
08580 -0.674
11878 -0.673898
07621 -0.673862
18719 -0.673752
02938 -0.673628
12149 -0.673618
03806 -0.673582
08981 -0.6735
07838 -0.673399
20135 -0.673247
06138 -0.673195
04000 -0.673064
06681 -0.673047
06496 -0.673006
06078 -0.672913
07410 -0.672832
05100 -0.672545
15777 -0.672495
08794 -0.672437
12715 -0.672418
11578 -0.672396
20507 -0.672197
04775 -0.672185
20176 -0.672116
02350 -0.672002
06701 -0.671971
20564 -0.671949
09818 -0.671912
00456 -0.6716
05018 -0.671496
15130 -0.671391
06551 -0.67138
08915 -0.671332
02751 -0.671227
04581 -0.67117
15482 -0.671038
18830 -0.671035
06837 -0.67095
03994 -0.670938
10500 -0.670769
08318 -0.670325
16348 -0.670232
21192 -0.670199
11689 -0.670093
21406 -0.670029
19267 -0.669873
02437 -0.669865
05725 -0.669809
16625 -0.669752
06466 -0.669483
03909 -0.66926
01033 -0.669229
04914 -0.669191
02089 -0.669111
20969 -0.669091
08335 -0.669077
19651 -0.668912
00538 -0.668833
02249 -0.668674
08742 -0.668566
01469 -0.668552
10924 -0.668484
05657 -0.668462
02276 -0.668443
17035 -0.668426
04378 -0.668248
09815 -0.668164
16812 -0.668041
01543 -0.668026
06211 -0.66789
04385 -0.667862
05976 -0.667785
08577 -0.66767
05105 -0.667507
08969 -0.667372
04337 -0.667336
21420 -0.667221
11687 -0.66712
15969 -0.667083
02708 -0.667036
02484 -0.667025
21388 -0.666934
04457 -0.666516
11690 -0.666502
11700 -0.666361
11019 -0.666295
03713 -0.666256
10165 -0.666208
09334 -0.666178
11336 -0.666178
02866 -0.66607
03801 -0.66601
11109 -0.665975
00098 -0.665939
02691 -0.665935
00038 -0.665884
08447 -0.66548
17848 -0.665463
20988 -0.665297
01633 -0.665271
00859 -0.66522
08027 -0.66519
10974 -0.665153
10032 -0.665131
20779 -0.665032
04745 -0.664872
12649 -0.664798
10597 -0.664757
06149 -0.664458
02028 -0.664379
06504 -0.664358
12042 -0.664236
08488 -0.664234
00680 -0.664183
06181 -0.664173
10254 -0.664104
15733 -0.664058
02188 -0.664035
12098 -0.663959
01191 -0.663812
18606 -0.663801
21286 -0.663747
03853 -0.663723
21295 -0.663663
05738 -0.663612
10089 -0.663579
08291 -0.663564
16561 -0.663492
02304 -0.663399
06094 -0.663393
06668 -0.663299
07774 -0.663276
07432 -0.663242
11993 -0.663178
09839 -0.663159
11300 -0.663074
02613 -0.663072
01837 -0.663058
10253 -0.663022
19466 -0.663018
17788 -0.662955
20161 -0.662881
01181 -0.662637
03958 -0.662624
20746 -0.662502
20206 -0.662485
20793 -0.662473
05573 -0.662421
01643 -0.66224
12169 -0.662233
07359 -0.662213
20419 -0.662164
21106 -0.662126
02471 -0.662058
18645 -0.662026
01446 -0.662015
00024 -0.66196
07953 -0.661669
00780 -0.661614
05592 -0.661611
21055 -0.661584
01541 -0.661574
04554 -0.6615
03545 -0.661497
21196 -0.661383
10097 -0.661376
06271 -0.661364
11429 -0.661311
10840 -0.661292
05492 -0.66122
21135 -0.661216
02016 -0.661172
05076 -0.661017
10853 -0.660993
03768 -0.660992
06323 -0.660927
00138 -0.660914
07096 -0.660864
05632 -0.660771
21224 -0.660592
01706 -0.660515
00601 -0.660503
08899 -0.660471
02834 -0.660381
21386 -0.660379
01602 -0.660337
20791 -0.66033
10478 -0.660289
05312 -0.660254
03557 -0.660137
02337 -0.660054
14963 -0.659932
16705 -0.659907
10094 -0.659891
04930 -0.659882
07115 -0.659832
12382 -0.659814
17967 -0.659793
04358 -0.659777
10393 -0.659764
21176 -0.659741
16422 -0.659721
02479 -0.659719
15065 -0.659711
18052 -0.65971
06325 -0.659689
09566 -0.659662
01404 -0.6596
11058 -0.659574
16284 -0.659545
10174 -0.659531
21068 -0.659446
15679 -0.659412
14985 -0.65928
01494 -0.659272
09894 -0.659243
05072 -0.659133
10083 -0.659111
02252 -0.659073
08893 -0.659001
07184 -0.658996
09937 -0.658945
15899 -0.658906
12258 -0.65878
05317 -0.658761
10884 -0.658745
09378 -0.658713
06765 -0.658693
21488 -0.658679
05723 -0.658677
09994 -0.658603
20672 -0.658602
03343 -0.658594
11115 -0.658506
16918 -0.658417
07883 -0.658378
06809 -0.65835
01532 -0.658326
09605 -0.658322
04155 -0.658283
18166 -0.658247
17034 -0.658121
08036 -0.658113
04747 -0.658111
13214 -0.658102
21233 -0.65807
07826 -0.658067
12705 -0.658054
02658 -0.658035
15145 -0.657984
09625 -0.657978
01137 -0.65793
10964 -0.657879
06601 -0.657871
07444 -0.657846
01564 -0.657818
16615 -0.657802
20498 -0.657792
00037 -0.657683
09475 -0.657655
20803 -0.65763
20583 -0.657556
20455 -0.657471
08391 -0.657466
00646 -0.657435
09049 -0.657386
08985 -0.657382
05624 -0.657343
00731 -0.657338
14744 -0.657299
02320 -0.657283
11302 -0.657271
00065 -0.657259
09103 -0.657205
20825 -0.657181
12572 -0.657162
04341 -0.657119
02149 -0.657116
01200 -0.657113
20480 -0.657069
20357 -0.657058
05461 -0.657037
01650 -0.657026
09287 -0.657023
20660 -0.656989
03631 -0.656981
15797 -0.656976
01638 -0.656959
20170 -0.656956
20255 -0.656931
05055 -0.656879
21049 -0.656876
01124 -0.656867
01525 -0.656847
06485 -0.656826
01301 -0.656767
16912 -0.656764
06187 -0.656703
00625 -0.656698
01768 -0.656671
14630 -0.656599
02562 -0.656597
18828 -0.656519
18769 -0.656488
20915 -0.656456
10870 -0.656446
05654 -0.656429
08292 -0.656284
17811 -0.656279
08219 -0.656253
02674 -0.656251
04901 -0.656073
00210 -0.656064
12077 -0.656049
11904 -0.656036
01655 -0.656034
19966 -0.656034
05741 -0.655962
14300 -0.655936
21415 -0.655934
10040 -0.655909
14971 -0.65588
08457 -0.655848
07620 -0.655772
15354 -0.655699
10046 -0.655689
16480 -0.655669
21283 -0.655334
16342 -0.655324
15336 -0.655306
16719 -0.655306
02687 -0.655257
11338 -0.655244
12085 -0.655167
20984 -0.655049
16817 -0.655017
02667 -0.65495
20976 -0.65491
00169 -0.654862
15211 -0.654772
17655 -0.654699
14983 -0.654671
19850 -0.654597
19957 -0.654594
13113 -0.654546
19304 -0.654514
16045 -0.654438
11980 -0.654356
07948 -0.654268
03669 -0.654236
16642 -0.654222
05475 -0.65417
02234 -0.654155
21016 -0.654137
09311 -0.654009
09896 -0.653998
07762 -0.653995
20658 -0.653976
08879 -0.653954
10925 -0.653937
10851 -0.653913
17543 -0.653901
15205 -0.65387
11305 -0.653749
11685 -0.653695
01759 -0.653689
09427 -0.653687
00466 -0.653679
20804 -0.653676
20380 -0.653659
02568 -0.653655
06227 -0.653632
16454 -0.653596
02518 -0.65357
09576 -0.653539
08388 -0.653533
10601 -0.653371
12182 -0.653326
08750 -0.6533
16798 -0.653258
21356 -0.653195
09238 -0.653179
02033 -0.653175
08340 -0.653135
15104 -0.653107
16372 -0.653082
09267 -0.653047
04184 -0.65304
10534 -0.653038
21337 -0.653027
06729 -0.653011
20706 -0.652992
03900 -0.652958
20630 -0.652929
20393 -0.652868
09647 -0.652807
05991 -0.652802
02700 -0.652695
00586 -0.65265
03895 -0.652609
19790 -0.652552
02227 -0.652549
02488 -0.652544
00528 -0.652516
16807 -0.652479
20400 -0.652367
05084 -0.652263
20949 -0.652257
16324 -0.652209
07261 -0.652187
20119 -0.652162
04892 -0.65216
08559 -0.652117
08313 -0.652046
02478 -0.652008
12893 -0.651989
09231 -0.651956
08317 -0.651953
00734 -0.651928
09091 -0.651909
09939 -0.651897
20735 -0.651878
01528 -0.651848
11966 -0.651807
18068 -0.6517
07192 -0.651686
05339 -0.651648
16244 -0.651645
19142 -0.651571
06711 -0.651539
05359 -0.651521
04644 -0.651475
01435 -0.651458
12255 -0.651451
02693 -0.651446
21447 -0.651396
07404 -0.65136
19029 -0.651303
20304 -0.651264
01271 -0.651251
05543 -0.65122
06179 -0.651208
09970 -0.651195
12031 -0.651188
06679 -0.651147
00837 -0.651115
00642 -0.651096
01128 -0.651061
14524 -0.651049
07476 -0.651006
06552 -0.650958
09312 -0.650947
15852 -0.650931
07339 -0.650835
05034 -0.650792
05544 -0.65073
02548 -0.650712
11630 -0.650687
13165 -0.650622
12110 -0.650618
12341 -0.650606
07836 -0.650605
00592 -0.650573
20747 -0.650539
00594 -0.650451
08767 -0.650441
20535 -0.650414
11697 -0.65038
06234 -0.650378
08810 -0.650374
05297 -0.650367
03785 -0.650363
10196 -0.650359
03755 -0.650348
04021 -0.650239
06458 -0.650229
06584 -0.650226
17496 -0.65011
12624 -0.650109
11317 -0.6501
11529 -0.650098
04015 -0.650096
11046 -0.65007
20470 -0.649962
04216 -0.649891
14646 -0.649871
06244 -0.649858
19178 -0.649826
13032 -0.64978
20338 -0.649639
02789 -0.649624
04420 -0.649597
05982 -0.649582
20279 -0.649581
01188 -0.64955
08579 -0.649541
21441 -0.64952
11106 -0.649476
08296 -0.649464
16551 -0.649446
08892 -0.649384
02820 -0.649331
08286 -0.649227
05595 -0.649202
05582 -0.649196
12505 -0.649185
01872 -0.649112
12904 -0.649104
19862 -0.649083
21195 -0.648976
20443 -0.648971
04920 -0.648872
16599 -0.648813
20185 -0.648803
11452 -0.648759
21448 -0.648741
21208 -0.648737
16022 -0.648713
05050 -0.648707
10538 -0.648696
03697 -0.64868
10999 -0.648645
01452 -0.648521
20648 -0.648501
15233 -0.648451
06672 -0.648439
04960 -0.648335
21109 -0.648282
12380 -0.648268
06642 -0.648239
20900 -0.648207
04972 -0.64817
01585 -0.648126
09441 -0.648118
20201 -0.648093
08530 -0.648056
05015 -0.648047
02092 -0.648003
12353 -0.647983
20937 -0.647945
17544 -0.647938
08425 -0.647931
21044 -0.647877
20651 -0.647819
16016 -0.647797
06540 -0.647756
16865 -0.647755
16913 -0.647745
05600 -0.647696
20223 -0.647664
09097 -0.647551
02761 -0.647543
20837 -0.647527
02266 -0.64752
11977 -0.647496
18096 -0.647428
16916 -0.647405
02561 -0.647404
05314 -0.647375
15985 -0.647322
06288 -0.647254
07438 -0.647249
11976 -0.647242
19803 -0.647222
04157 -0.647221
16606 -0.647207
09034 -0.647192
09860 -0.647169
01109 -0.647156
18076 -0.647156
19427 -0.647106
10600 -0.647068
09502 -0.647023
04194 -0.647017
16619 -0.646926
15327 -0.646862
06880 -0.646859
04788 -0.646838
04476 -0.646785
06273 -0.646757
01610 -0.646729
02748 -0.646715
01642 -0.646627
07884 -0.646625
04755 -0.646581
11877 -0.646554
20463 -0.646517
20407 -0.646482
16230 -0.646396
19648 -0.64639
03894 -0.64628
12296 -0.646248
08521 -0.646202
11967 -0.646165
06830 -0.646134
05367 -0.646133
06759 -0.646098
16337 -0.646092
20110 -0.64603
20904 -0.646027
21479 -0.645994
20235 -0.645993
07516 -0.645973
07388 -0.64589
11569 -0.645886
08708 -0.64588
21437 -0.645811
20569 -0.645791
08364 -0.645703
12362 -0.645682
11307 -0.645647
10529 -0.645624
03870 -0.645606
06459 -0.645604
11705 -0.6456
01010 -0.645586
04460 -0.645565
20374 -0.645558
03786 -0.645525
14103 -0.645498
04911 -0.645415
21203 -0.645404
04954 -0.6454
10532 -0.645399
00715 -0.645337
05354 -0.64532
21300 -0.645315
09274 -0.645311
20412 -0.645303
05669 -0.645297
00041 -0.645273
21081 -0.645263
19374 -0.645254
07922 -0.645243
21215 -0.645182
00603 -0.645099
15821 -0.645039
05758 -0.64485
05494 -0.644681
11566 -0.644613
20497 -0.644606
20657 -0.644506
09389 -0.644474
16801 -0.644436
08965 -0.644424
21442 -0.644283
04934 -0.644174
19357 -0.644174
08229 -0.644147
03860 -0.644136
11549 -0.644094
09237 -0.644084
12334 -0.644077
00490 -0.644014
03874 -0.64393
12613 -0.643827
21414 -0.643813
18832 -0.643773
03903 -0.64375
19854 -0.643747
14954 -0.643725
10907 -0.64372
01355 -0.64365
07074 -0.643573
07887 -0.643514
05566 -0.643462
21352 -0.643449
12154 -0.643428
20233 -0.643417
00126 -0.6434
21324 -0.6434
20249 -0.643391
05089 -0.64339
01344 -0.643386
00640 -0.643374
20308 -0.643349
15613 -0.643324
09562 -0.643316
15669 -0.643306
12914 -0.643246
16458 -0.643156
14388 -0.643124
20337 -0.643097
21281 -0.643096
09598 -0.643075
12506 -0.643071
03989 -0.643047
05321 -0.643039
05744 -0.64303
05327 -0.643012
20838 -0.642983
05483 -0.642973
20561 -0.642904
01853 -0.64289
01608 -0.642856
01314 -0.642821
20673 -0.642792
10027 -0.64279
02918 -0.642722
03721 -0.642604
16400 -0.642572
21325 -0.642557
16371 -0.64254
01284 -0.642529
06594 -0.642495
08399 -0.642485
12516 -0.642438
07728 -0.642416
04759 -0.642383
12664 -0.642301
21275 -0.642258
17975 -0.642252
08300 -0.642235
16206 -0.642229
01846 -0.642214
16410 -0.64217
07743 -0.642153
15704 -0.642132
04276 -0.642128
20207 -0.642118
09611 -0.641895
06523 -0.641839
00605 -0.641835
16886 -0.641797
15477 -0.641732
04475 -0.641724
02887 -0.641702
02275 -0.641681
21146 -0.641645
20567 -0.641636
10556 -0.641614
15680 -0.641586
01445 -0.641436
21199 -0.641436
08860 -0.641432
09101 -0.6414
05495 -0.641356
18308 -0.641346
03771 -0.641276
08047 -0.641252
20392 -0.641187
21175 -0.641184
04732 -0.641147
10185 -0.641142
14285 -0.641092
21237 -0.641087
06573 -0.64108
07191 -0.641076
20715 -0.641052
01364 -0.64105
02877 -0.640945
02005 -0.640918
20191 -0.640912
08925 -0.640902
06747 -0.640894
04288 -0.640874
05416 -0.64086
10855 -0.64084
04404 -0.640822
16440 -0.640819
20240 -0.640819
00606 -0.640755
16569 -0.640751
11153 -0.640747
19369 -0.640713
03676 -0.640707
09260 -0.640703
21219 -0.640684
06005 -0.64068
21436 -0.640667
02645 -0.64064
16294 -0.640617
21034 -0.640615
05716 -0.640586
09961 -0.640546
20771 -0.640532
20183 -0.64053
21480 -0.640494
20640 -0.640489
20794 -0.64043
05356 -0.640421
16432 -0.640393
06146 -0.64035
00484 -0.640339
11990 -0.640338
15152 -0.640332
07092 -0.640276
03667 -0.640247
21194 -0.640221
20152 -0.640206
06641 -0.640175
16030 -0.640172
02402 -0.640159
01157 -0.640072
01327 -0.640072
00596 -0.640047
20954 -0.63993
17616 -0.639842
16806 -0.639809
04205 -0.639797
00557 -0.639777
02047 -0.639769
18326 -0.639756
05679 -0.639716
15189 -0.63968
20593 -0.639676
00644 -0.63965
06254 -0.639637
04472 -0.639597
09316 -0.639591
06274 -0.639558
17685 -0.639553
09317 -0.63954
20634 -0.639523
15188 -0.639488
10390 -0.639484
00212 -0.639468
20918 -0.63946
03850 -0.639442
15944 -0.639437
20269 -0.639415
02253 -0.639368
20166 -0.639357
01003 -0.639344
04257 -0.63934
10919 -0.639291
20143 -0.639226
21284 -0.639215
10381 -0.639134
04307 -0.639097
10564 -0.639094
16662 -0.639069
18180 -0.639044
09525 -0.638999
19933 -0.638989
20531 -0.638953
18062 -0.638891
03730 -0.638865
04791 -0.638853
08017 -0.638843
02459 -0.638841
15126 -0.638816
02580 -0.638794
00183 -0.638787
18047 -0.638769
08814 -0.638688
11543 -0.638684
20968 -0.638666
04805 -0.638644
01311 -0.638594
12898 -0.638561
05095 -0.638514
20421 -0.638513
14968 -0.638489
19459 -0.638482
18703 -0.638462
15590 -0.6384
09111 -0.63835
06670 -0.638339
01554 -0.638226
20391 -0.638222
10119 -0.638214
07455 -0.63819
06104 -0.63818
08026 -0.638143
04292 -0.638082
15888 -0.638068
06454 -0.638065
05677 -0.638019
12061 -0.63794
09235 -0.637915
07857 -0.637897
20471 -0.637894
20237 -0.637893
18646 -0.63787
15326 -0.637775
16725 -0.637759
01101 -0.637753
21132 -0.637751
20339 -0.637734
15832 -0.637731
12364 -0.637623
04239 -0.637614
20476 -0.637587
06549 -0.637517
12631 -0.637504
09399 -0.637475
02333 -0.637431
20664 -0.637388
00774 -0.637387
15723 -0.637383
20140 -0.63738
06248 -0.637315
08999 -0.637315
20885 -0.637312
20368 -0.637284
03637 -0.637282
20376 -0.637279
04782 -0.637274
07483 -0.637246
20913 -0.637203
01258 -0.637181
19644 -0.637093
07730 -0.637089
01722 -0.637085
09366 -0.63705
20291 -0.636969
20499 -0.636898
00399 -0.636874
08407 -0.636867
19254 -0.636819
07954 -0.636806
03740 -0.636749
20671 -0.636718
21178 -0.636645
04777 -0.636593
02483 -0.636539
20165 -0.636521
12658 -0.636502
21255 -0.636494
01225 -0.636446
18732 -0.636441
05538 -0.63632
16301 -0.636277
07302 -0.636272
20363 -0.636261
10235 -0.636235
15886 -0.636164
21349 -0.636065
20319 -0.635954
02112 -0.635947
06520 -0.635939
05682 -0.635913
16890 -0.635902
20938 -0.635868
10980 -0.635844
15243 -0.635824
06243 -0.635802
03247 -0.63578
21490 -0.635778
18699 -0.635774
13615 -0.635766
00388 -0.635752
08731 -0.635746
05572 -0.635745
20826 -0.635742
08997 -0.635731
19978 -0.635708
13138 -0.635666
20975 -0.635628
04012 -0.635623
16478 -0.635567
09810 -0.635468
20299 -0.635359
07468 -0.635312
08424 -0.635265
20324 -0.635263
19053 -0.63525
20833 -0.635227
05925 -0.635226
09652 -0.635213
07505 -0.635186
03977 -0.635149
11629 -0.635134
06524 -0.635113
08745 -0.635085
09333 -0.635069
20639 -0.635033
21450 -0.635025
03872 -0.63502
12271 -0.634951
04820 -0.634881
00581 -0.634868
16418 -0.634838
20218 -0.634838
05313 -0.634818
04814 -0.634801
20334 -0.634793
12520 -0.634771
21460 -0.634712
01050 -0.634698
01096 -0.634672
04357 -0.634625
00449 -0.634619
00773 -0.634605
05029 -0.634585
07495 -0.634551
19887 -0.634519
09963 -0.634513
18713 -0.634477
00533 -0.634435
10891 -0.63443
20385 -0.634413
21014 -0.634371
01177 -0.634369
21383 -0.634366
20213 -0.634343
06738 -0.634253
20650 -0.634221
06213 -0.634186
04517 -0.634146
11683 -0.634023
21056 -0.63402
01229 -0.634013
04794 -0.633952
01320 -0.633936
15632 -0.633922
20138 -0.633905
12704 -0.63388
04218 -0.633865
11713 -0.63372
01384 -0.63366
08001 -0.633654
17802 -0.633644
02460 -0.633625
20214 -0.633617
04372 -0.633564
10561 -0.63356
01639 -0.633519
11481 -0.633505
00986 -0.633492
06084 -0.633441
16360 -0.633402
20708 -0.633393
17753 -0.633364
08970 -0.633357
18648 -0.63333
20557 -0.633227
15221 -0.633188
15056 -0.633166
16228 -0.633151
20784 -0.633145
02567 -0.633102
04803 -0.633075
01677 -0.633045
21226 -0.633037
20712 -0.633004
06310 -0.632934
20817 -0.632923
20274 -0.632915
01449 -0.632872
16448 -0.632868
11424 -0.632845
03946 -0.632844
10524 -0.632812
02048 -0.632808
20252 -0.632729
07106 -0.632698
05950 -0.632669
21385 -0.632664
06165 -0.632594
16380 -0.632529
20655 -0.632503
20920 -0.632473
06418 -0.63244
00783 -0.632422
06437 -0.63242
08297 -0.632415
08226 -0.632402
20180 -0.6324
07139 -0.63234
08946 -0.63234
06198 -0.632312
16347 -0.632177
04220 -0.632147
17031 -0.63214
21418 -0.632103
19723 -0.632099
09066 -0.632034
20950 -0.63196
09930 -0.631931
00483 -0.631913
13026 -0.631875
19915 -0.63182
21125 -0.631784
20189 -0.631761
11701 -0.631744
11340 -0.631728
01091 -0.631725
00861 -0.631689
06491 -0.631685
11034 -0.631684
09263 -0.631657
20120 -0.631629
06297 -0.631617
20154 -0.631611
07113 -0.631605
11721 -0.631587
21457 -0.631585
00027 -0.631536
07398 -0.631527
20381 -0.631513
02663 -0.631463
19639 -0.631401
20586 -0.631397
21191 -0.631386
21222 -0.631357
01293 -0.631274
02619 -0.63124
16715 -0.631198
20728 -0.631174
21117 -0.631095
07157 -0.631069
20169 -0.631061
11301 -0.631004
01438 -0.630992
01084 -0.630979
19712 -0.630785
00530 -0.630777
15315 -0.630766
08609 -0.630757
01122 -0.630744
20800 -0.63072
20789 -0.630664
12616 -0.630625
20598 -0.630597
07828 -0.630574
06495 -0.630511
06010 -0.63051
21453 -0.630477
08262 -0.630382
04185 -0.630365
10284 -0.630322
00728 -0.630316
09250 -0.630301
15307 -0.630268
09346 -0.630267
02101 -0.630259
21346 -0.630235
01849 -0.630203
07465 -0.630195
16910 -0.630183
20768 -0.630157
21112 -0.630114
07734 -0.630106
02839 -0.63008
01017 -0.630079
11565 -0.630079
00392 -0.630074
12153 -0.630071
21038 -0.63007
14960 -0.630068
05969 -0.630063
03359 -0.630059
10281 -0.630045
03840 -0.630038
01351 -0.630032
21334 -0.630031
10499 -0.63003
05415 -0.629988
20387 -0.629977
00781 -0.629968
19655 -0.629913
21463 -0.629912
02801 -0.629897
05911 -0.629853
20440 -0.629848
20144 -0.629832
02919 -0.629829
00011 -0.629816
17556 -0.629809
21095 -0.629798
06500 -0.629785
20652 -0.629765
08030 -0.629736
14622 -0.629718
05535 -0.629709
02203 -0.629683
20502 -0.629671
21218 -0.629656
20473 -0.629648
00968 -0.629606
12570 -0.629537
07331 -0.629489
05437 -0.629474
01288 -0.629428
20979 -0.629423
12266 -0.629399
03668 -0.629389
21264 -0.629315
12115 -0.629311
04346 -0.629297
01689 -0.629198
06073 -0.629178
20814 -0.629164
20358 -0.629147
21432 -0.629129
16275 -0.629115
08979 -0.629109
04974 -0.629052
08125 -0.628995
06173 -0.628963
20680 -0.628944
12063 -0.628897
20822 -0.628877
05594 -0.628841
00569 -0.62883
04169 -0.628826
00846 -0.628758
20479 -0.628668
01245 -0.628649
21312 -0.628581
12346 -0.628576
21474 -0.62857
06609 -0.628553
18591 -0.628535
00534 -0.628528
11750 -0.628463
06447 -0.628394
03672 -0.628383
07634 -0.628366
07276 -0.628359
03476 -0.628342
12681 -0.628297
12869 -0.62827
03738 -0.628232
02558 -0.628196
20813 -0.628192
06799 -0.628188
00573 -0.628167
19657 -0.628109
02205 -0.627927
08868 -0.627921
08826 -0.627896
11635 -0.627895
05407 -0.627878
00699 -0.627863
00455 -0.627862
02136 -0.627862
17558 -0.627844
15844 -0.627831
09273 -0.627829
08740 -0.627785
20198 -0.627767
09339 -0.627758
00758 -0.62775
12391 -0.627716
18155 -0.627614
20122 -0.627607
21489 -0.627605
15153 -0.627593
02752 -0.62757
20414 -0.627564
06105 -0.627552
21047 -0.627519
11060 -0.62751
11028 -0.627505
05426 -0.627499
06299 -0.627486
07752 -0.627459
12874 -0.627446
21165 -0.627441
07226 -0.627429
11443 -0.627401
02182 -0.627381
09682 -0.627333
20659 -0.627308
11031 -0.627298
05464 -0.627285
14540 -0.627273
10599 -0.627263
08056 -0.627258
20448 -0.627242
16260 -0.627231
19067 -0.627221
21234 -0.627188
16545 -0.627135
20646 -0.627118
04100 -0.62706
11478 -0.627056
19610 -0.627053
07272 -0.627007
20807 -0.627003
20344 -0.627
11501 -0.626994
01007 -0.626974
20118 -0.626924
02929 -0.626894
20349 -0.626888
11621 -0.62685
08394 -0.626832
20315 -0.626823
13093 -0.626773
15185 -0.626762
20468 -0.626746
05565 -0.626742
16797 -0.626691
11499 -0.626631
20685 -0.626606
00886 -0.6266
08409 -0.626594
20171 -0.626563
21236 -0.626538
06055 -0.626521
20894 -0.626488
20273 -0.626467
20309 -0.626467
20562 -0.626462
10227 -0.626449
20330 -0.626438
00598 -0.626429
20633 -0.626428
09558 -0.626377
00201 -0.626369
20450 -0.626359
02429 -0.626335
16608 -0.626237
13064 -0.626219
04451 -0.626172
21403 -0.626113
00140 -0.626106
21271 -0.626094
18120 -0.626084
16376 -0.626079
11614 -0.626023
09511 -0.62602
19375 -0.626005
05498 -0.625962
07726 -0.625845
15079 -0.625811
08738 -0.625782
12033 -0.625782
20770 -0.625776
05043 -0.625757
21413 -0.62573
06840 -0.625698
20558 -0.62569
06130 -0.625668
06620 -0.625667
20345 -0.625649
09301 -0.625645
03312 -0.6255
20515 -0.625409
16424 -0.625334
11727 -0.625325
10411 -0.625318
05090 -0.625283
20528 -0.62528
05378 -0.625237
05994 -0.625206
05549 -0.625186
20490 -0.625186
00572 -0.625161
07190 -0.625161
11479 -0.62504
12569 -0.625034
16799 -0.625019
11416 -0.625008
20278 -0.624957
01644 -0.62492
20453 -0.62489
20478 -0.624876
05906 -0.624867
06102 -0.624867
20155 -0.62484
07880 -0.624839
15026 -0.624824
08289 -0.624817
20329 -0.624773
15842 -0.624737
02850 -0.624724
20129 -0.624704
17661 -0.624664
21266 -0.62464
19787 -0.62462
05913 -0.624598
04029 -0.624587
06017 -0.62457
10598 -0.62457
04014 -0.62455
20256 -0.62454
07133 -0.624501
21310 -0.624482
20527 -0.624445
16266 -0.624358
21322 -0.624348
12351 -0.624336
20731 -0.624334
18997 -0.624307
21455 -0.624271
17751 -0.624268
20951 -0.624247
15851 -0.624216
17547 -0.624164
18708 -0.624137
00887 -0.624135
06779 -0.624135
21254 -0.624125
02055 -0.624123
15870 -0.62407
10943 -0.624044
20812 -0.623989
21373 -0.623974
17988 -0.623959
07212 -0.623913
16246 -0.623911
18627 -0.623908
11112 -0.623873
07188 -0.623866
11036 -0.623861
18294 -0.623858
12990 -0.623837
20442 -0.62371
03585 -0.623676
20340 -0.623542
02659 -0.623511
19410 -0.623477
21179 -0.623451
03602 -0.623403
21037 -0.623362
15207 -0.623311
16492 -0.623284
20172 -0.623245
21344 -0.623228
12187 -0.623184
11684 -0.623181
04089 -0.623169
18309 -0.623158
15136 -0.623148
07915 -0.623068
15028 -0.623043
00535 -0.62303
00560 -0.623029
07123 -0.622999
21244 -0.622931
04141 -0.62292
15729 -0.622897
14965 -0.622891
06309 -0.622875
05048 -0.622861
18243 -0.622847
09995 -0.622839
03610 -0.622825
16698 -0.622819
03334 -0.622732
06115 -0.622709
20195 -0.622707
01961 -0.622635
02593 -0.622635
08223 -0.622535
08236 -0.622505
00620 -0.622474
04304 -0.622447
16626 -0.622422
00066 -0.622396
16367 -0.622363
02490 -0.622348
08986 -0.622289
00998 -0.622287
10917 -0.622286
05078 -0.622265
16291 -0.622256
21336 -0.622244
20148 -0.622218
00920 -0.622217
18610 -0.622212
00619 -0.622209
16911 -0.6222
01117 -0.622199
15937 -0.622181
20221 -0.622099
15180 -0.622095
15667 -0.622063
20676 -0.622013
18953 -0.621988
16803 -0.621962
12630 -0.621921
02421 -0.6219
15692 -0.621895
06787 -0.621876
06233 -0.621807
03954 -0.621747
21164 -0.621718
20132 -0.621701
06175 -0.621674
21227 -0.621669
07878 -0.621662
14995 -0.621645
16795 -0.621614
10053 -0.621567
06420 -0.621564
21053 -0.621561
16815 -0.62156
06848 -0.621538
21256 -0.621487
02750 -0.621448
07462 -0.621445
02590 -0.621406
04258 -0.621396
08169 -0.621358
08275 -0.621324
20670 -0.621303
15495 -0.621291
20181 -0.621286
21032 -0.62125
04419 -0.621194
20156 -0.621193
16319 -0.621167
19680 -0.621156
08741 -0.621148
05930 -0.621137
04261 -0.621132
00610 -0.621107
05731 -0.621096
20957 -0.621083
21012 -0.621023
12511 -0.620968
16055 -0.620922
06831 -0.620909
21495 -0.6209
10983 -0.620877
13717 -0.620873
15515 -0.62087
01433 -0.620862
15889 -0.620835
11168 -0.620833
08581 -0.620824
21209 -0.620774
04142 -0.620768
06231 -0.620761
06591 -0.620727
20926 -0.620727
03629 -0.620645
11354 -0.620639
17672 -0.620609
11128 -0.620607
00160 -0.620572
01152 -0.620548
20836 -0.620539
21231 -0.620517
11978 -0.620515
21354 -0.620499
20401 -0.620492
16365 -0.620476
01428 -0.620457
20548 -0.62044
16013 -0.620434
14525 -0.620327
06969 -0.62031
02148 -0.620291
16317 -0.620291
15172 -0.62029
11570 -0.620269
07544 -0.620231
11898 -0.6202
20266 -0.620182
20606 -0.62018
15719 -0.62016
13854 -0.62015
15874 -0.620145
20257 -0.620127
17660 -0.620075
05922 -0.620064
17607 -0.62005
13131 -0.620044
11622 -0.620031
14566 -0.619934
15769 -0.619864
15868 -0.61981
15984 -0.619789
16377 -0.619747
01764 -0.61973
20370 -0.619715
15594 -0.619713
19704 -0.619697
10035 -0.619693
21182 -0.619666
12721 -0.619605
00422 -0.619581
11649 -0.619569
20999 -0.619568
20174 -0.619543
04657 -0.619539
01381 -0.619521
04330 -0.619489
21350 -0.619428
14958 -0.619408
21446 -0.619408
21045 -0.619395
15869 -0.619373
14516 -0.619341
15321 -0.61931
18602 -0.619226
01087 -0.61922
12645 -0.619178
00883 -0.619167
20150 -0.619134
21232 -0.619037
19450 -0.619009
16598 -0.618995
07072 -0.61899
06185 -0.618987
20438 -0.618926
07841 -0.618925
12204 -0.618922
21248 -0.618919
20767 -0.618912
07491 -0.618873
16641 -0.618869
01178 -0.618866
18144 -0.618854
00624 -0.618791
12972 -0.618777
19365 -0.61874
01285 -0.618735
15695 -0.6187
08890 -0.618665
16363 -0.618664
11736 -0.618615
05815 -0.61857
16825 -0.61857
16654 -0.618563
03480 -0.618556
06534 -0.618525
18319 -0.618525
00739 -0.618508
20284 -0.618487
16539 -0.618474
20147 -0.618474
19865 -0.618465
06048 -0.61846
20910 -0.618419
18354 -0.618408
21148 -0.618406
13114 -0.618398
15062 -0.618358
03335 -0.618345
16670 -0.618333
20127 -0.618332
21139 -0.618286
07078 -0.618262
11407 -0.618251
20365 -0.618226
20372 -0.618213
18816 -0.618212
16592 -0.618206
01251 -0.618133
01111 -0.618091
11283 -0.618087
17773 -0.618062
20545 -0.618039
11567 -0.617979
18242 -0.617881
00014 -0.617871
16428 -0.617843
05046 -0.617795
11896 -0.617778
02458 -0.617755
20302 -0.617753
20711 -0.617741
15640 -0.617731
20972 -0.61772
15000 -0.617709
18433 -0.617681
15978 -0.617665
09486 -0.617636
10459 -0.6176
08793 -0.617567
17791 -0.617515
21272 -0.617495
01461 -0.617491
19562 -0.617477
16858 -0.617454
07061 -0.617451
16655 -0.617447
16315 -0.617446
10839 -0.617433
16810 -0.617428
11758 -0.617422
19667 -0.617406
12014 -0.617395
07338 -0.617375
20983 -0.617325
19784 -0.617322
12596 -0.617267
21100 -0.617261
04438 -0.61725
20695 -0.617212
17032 -0.617202
00196 -0.617193
00615 -0.617148
01108 -0.617131
03311 -0.617069
15822 -0.617
01134 -0.616984
05264 -0.616982
09113 -0.616872
16530 -0.616845
04219 -0.616841
09444 -0.616834
18718 -0.61683
16269 -0.616824
16385 -0.616784
12150 -0.616765
05764 -0.616736
20628 -0.616712
20566 -0.616685
11306 -0.616643
01861 -0.616609
03968 -0.616538
10108 -0.616506
19170 -0.616491
19171 -0.616491
20359 -0.616478
11859 -0.616475
06475 -0.616436
09428 -0.616414
15144 -0.616412
12022 -0.61639
21405 -0.616365
11564 -0.616335
20246 -0.616331
03517 -0.616309
06283 -0.616263
15103 -0.61626
11333 -0.616258
09270 -0.616227
19674 -0.61622
21042 -0.616212
05939 -0.616169
07459 -0.616162
10972 -0.616111
16585 -0.616084
12817 -0.616051
08619 -0.615976
16664 -0.615958
02806 -0.615955
21113 -0.615878
10401 -0.615873
02042 -0.615812
21416 -0.615812
06042 -0.615794
21142 -0.615771
05079 -0.615764
08865 -0.615738
06455 -0.615682
12352 -0.615676
18249 -0.615658
16635 -0.615654
21390 -0.615648
18495 -0.615588
03569 -0.615574
07128 -0.615533
11733 -0.615527
18829 -0.615488
16388 -0.615386
10231 -0.615275
20364 -0.615269
08048 -0.615164
06311 -0.61504
10037 -0.61502
15070 -0.615002
00539 -0.614976
20395 -0.614947
16172 -0.614918
08270 -0.614872
12915 -0.614799
08254 -0.614758
16665 -0.614729
09519 -0.614711
05417 -0.614696
13715 -0.61469
06529 -0.614626
06129 -0.614625
13092 -0.614616
20286 -0.614596
09372 -0.614573
16350 -0.614571
20883 -0.614557
07735 -0.614542
20117 -0.614516
01193 -0.614439
20696 -0.614438
06505 -0.614435
13468 -0.614408
08153 -0.614399
06279 -0.614389
20896 -0.61438
05532 -0.614379
03582 -0.614353
02099 -0.614343
01205 -0.614323
12477 -0.614308
00410 -0.614279
04701 -0.614275
06313 -0.614179
02298 -0.614161
12306 -0.614066
03615 -0.614042
06533 -0.614009
02757 -0.614002
00164 -0.613985
11503 -0.613983
13695 -0.613971
09767 -0.61395
16476 -0.613891
21189 -0.613891
11494 -0.613889
10215 -0.613867
12207 -0.613855
21262 -0.613854
20974 -0.613841
06440 -0.613834
18455 -0.613817
12231 -0.613782
20151 -0.613727
00879 -0.613674
20669 -0.613606
04534 -0.613601
20523 -0.613596
05308 -0.613561
21181 -0.613556
15715 -0.613497
03468 -0.613489
17834 -0.613421
08614 -0.613403
03695 -0.613386
03314 -0.613372
03913 -0.613367
01924 -0.61327
18524 -0.61326
20215 -0.613189
04351 -0.613174
17964 -0.613169
20314 -0.613162
09463 -0.613135
21166 -0.613104
06476 -0.6131
04062 -0.613073
02026 -0.613049
18283 -0.613015
11644 -0.61301
17630 -0.613
20675 -0.612996
18481 -0.612957
18006 -0.612756
06785 -0.612737
20205 -0.612737
01070 -0.612715
10211 -0.612649
20105 -0.612646
09162 -0.61264
12508 -0.612638
08481 -0.612606
06865 -0.612581
20879 -0.612544
21330 -0.612511
16623 -0.612502
06306 -0.612477
15790 -0.612473
02825 -0.61244
08665 -0.612432
08746 -0.612432
02194 -0.612422
01460 -0.612333
21331 -0.612243
15002 -0.61223
16263 -0.612225
09914 -0.61213
15141 -0.612119
05984 -0.612115
20097 -0.612091
20098 -0.612091
10225 -0.612016
04494 -0.611991
07790 -0.611967
06983 -0.611959
10430 -0.611928
19788 -0.611897
21105 -0.611893
05575 -0.611892
13915 -0.611832
12674 -0.611804
06172 -0.611803
01536 -0.611757
16297 -0.611684
06859 -0.611613
08520 -0.611582
00924 -0.611527
06814 -0.611503
17808 -0.611452
01059 -0.611434
05678 -0.611412
13890 -0.611403
16814 -0.611336
11047 -0.611292
17037 -0.611272
05684 -0.611081
10573 -0.611079
08120 -0.61104
20271 -0.611032
16595 -0.610977
01529 -0.610967
11667 -0.610966
09768 -0.610949
16819 -0.610949
05257 -0.610938
20367 -0.610893
06680 -0.610826
21316 -0.610816
03099 -0.610784
16486 -0.610784
20173 -0.610716
08155 -0.61071
21238 -0.610657
03760 -0.610608
21022 -0.610602
18721 -0.610513
06041 -0.610486
06696 -0.610482
21431 -0.610438
18996 -0.610429
21212 -0.61041
07079 -0.610398
19168 -0.610283
04533 -0.610273
10178 -0.610273
17885 -0.610271
01366 -0.610267
01317 -0.610264
13122 -0.610262
11850 -0.610185
20973 -0.610164
16546 -0.610099
09973 -0.61008
05451 -0.610047
07994 -0.610038
08644 -0.610031
15566 -0.610021
07029 -0.609995
03486 -0.609961
04313 -0.60993
19066 -0.609903
15865 -0.609888
06999 -0.609882
02020 -0.609766
04415 -0.609758
03065 -0.609753
00698 -0.609746
06771 -0.609743
19647 -0.609739
12448 -0.609713
06592 -0.609711
10130 -0.609703
05692 -0.609684
19708 -0.609668
11420 -0.609638
00614 -0.609616
15427 -0.609608
06134 -0.609606
05749 -0.60958
01135 -0.609569
05219 -0.609566
00235 -0.609564
11158 -0.60954
04092 -0.609516
08643 -0.609492
04078 -0.609466
08528 -0.609448
08616 -0.609443
10297 -0.609441
20187 -0.60942
12035 -0.609405
20494 -0.609403
01698 -0.609398
04087 -0.609376
11732 -0.609361
07723 -0.609344
04376 -0.609246
20384 -0.60923
00818 -0.609194
16802 -0.609166
05617 -0.609121
16461 -0.609025
06743 -0.609011
05444 -0.608992
06783 -0.608989
16809 -0.608987
09985 -0.608985
17385 -0.608956
20331 -0.608932
13031 -0.608931
11018 -0.608909
06669 -0.608898
19812 -0.60889
19642 -0.60888
08956 -0.608866
15863 -0.608852
05128 -0.608809
03624 -0.6088
01453 -0.608715
01569 -0.608712
02035 -0.608676
17932 -0.608676
20353 -0.608675
15247 -0.608663
14981 -0.60866
19422 -0.608611
04656 -0.608603
00283 -0.608588
10650 -0.608531
12463 -0.608531
04827 -0.608478
09181 -0.608449
08612 -0.608426
16221 -0.608418
19742 -0.608396
13482 -0.608377
13004 -0.608363
21240 -0.608361
16434 -0.608351
21221 -0.608331
18985 -0.608243
15383 -0.608226
18484 -0.608205
05068 -0.6082
05496 -0.608178
20798 -0.608128
15980 -0.608056
19424 -0.607985
21464 -0.607914
02279 -0.607911
15027 -0.607867
00095 -0.607812
15356 -0.607782
10295 -0.607777
09825 -0.607776
05508 -0.60777
06970 -0.60775
05375 -0.607742
06813 -0.607736
17545 -0.607714
13025 -0.607579
21439 -0.607531
10652 -0.60749
11805 -0.607489
04729 -0.60747
18214 -0.607461
16533 -0.607442
19603 -0.607421
07120 -0.60741
11111 -0.60741
00831 -0.607392
14998 -0.607388
09493 -0.60738
06952 -0.607377
00271 -0.607372
05901 -0.607335
16818 -0.607331
07738 -0.607292
00579 -0.607258
12381 -0.607239
02979 -0.607236
08858 -0.607229
02401 -0.607206
12848 -0.607197
06355 -0.607186
15981 -0.607166
21389 -0.607113
02098 -0.607088
21360 -0.607073
17440 -0.607029
00101 -0.606968
15668 -0.606961
21378 -0.606948
02698 -0.606938
11633 -0.606892
21456 -0.606879
11145 -0.606847
16067 -0.606803
21311 -0.606786
21173 -0.606768
11320 -0.60676
18048 -0.606747
21451 -0.606714
21302 -0.606683
05805 -0.606663
08633 -0.606609
07244 -0.606584
04710 -0.606555
09159 -0.606549
20378 -0.606541
19328 -0.606524
09191 -0.60651
16735 -0.606484
21471 -0.60648
16672 -0.606472
15548 -0.60644
15570 -0.606363
15387 -0.606338
21359 -0.606307
05894 -0.606295
20415 -0.606233
03024 -0.606222
15053 -0.606221
14755 -0.606194
04999 -0.606192
16717 -0.606191
06358 -0.606141
00937 -0.60614
08137 -0.606125
08263 -0.606117
16207 -0.606106
20520 -0.606083
04765 -0.606053
21211 -0.606039
05393 -0.605932
16298 -0.605932
06406 -0.6059
02353 -0.605858
02386 -0.605858
09741 -0.605827
13900 -0.605797
16299 -0.60579
07541 -0.605758
16399 -0.605732
09964 -0.605723
05214 -0.605674
10376 -0.605641
08366 -0.605568
05274 -0.605523
05926 -0.605494
01132 -0.605472
18158 -0.60546
20654 -0.605451
05629 -0.60545
10201 -0.605422
15535 -0.605409
05680 -0.605386
07538 -0.605386
09744 -0.605352
07221 -0.605343
07009 -0.605327
21329 -0.605321
01615 -0.605299
05545 -0.605195
07807 -0.605186
03481 -0.605149
03134 -0.605102
08382 -0.605102
10814 -0.605102
17537 -0.605102
00713 -0.605096
08350 -0.60507
14969 -0.604992
17368 -0.604962
15877 -0.604958
04094 -0.604942
01508 -0.604861
18563 -0.604853
21114 -0.604831
01487 -0.60483
17459 -0.604778
08534 -0.604762
07003 -0.604757
16281 -0.604743
14417 -0.604742
18065 -0.604714
01566 -0.604696
05371 -0.604644
11227 -0.604599
00420 -0.604543
16587 -0.60453
20526 -0.604524
06464 -0.604513
06147 -0.604511
05838 -0.604493
01651 -0.604489
06803 -0.604482
07052 -0.604482
08820 -0.604463
20371 -0.604459
03019 -0.60444
18875 -0.604439
13266 -0.60436
19515 -0.604268
21252 -0.604261
03604 -0.6042
13256 -0.604184
17914 -0.604165
08584 -0.604096
18991 -0.604091
18307 -0.60407
16584 -0.604066
05765 -0.604054
18540 -0.604027
19730 -0.604013
19755 -0.604013
15840 -0.603978
18870 -0.60386
20488 -0.603839
03922 -0.603789
05355 -0.603765
00580 -0.603653
07472 -0.603645
15295 -0.603641
10780 -0.603599
00142 -0.603473
06875 -0.603473
04176 -0.603469
01049 -0.60346
16743 -0.603451
15866 -0.603438
15976 -0.60339
16754 -0.603384
20310 -0.60338
20668 -0.603351
08132 -0.60334
18152 -0.60334
19045 -0.603299
08326 -0.603187
07821 -0.603161
00293 -0.603149
06333 -0.603097
09655 -0.603069
02110 -0.603013
02743 -0.603013
04929 -0.603013
18355 -0.603003
02622 -0.602978
00843 -0.60297
07256 -0.602937
15135 -0.602912
15391 -0.602902
10926 -0.60289
15833 -0.602883
09678 -0.602879
00284 -0.602865
09772 -0.602839
21298 -0.602816
20243 -0.602806
21206 -0.602805
03030 -0.602793
10099 -0.60279
08165 -0.602785
07869 -0.602748
05342 -0.602728
08671 -0.602723
08458 -0.602693
10362 -0.602678
19308 -0.602641
07259 -0.602583
19954 -0.602546
02963 -0.602539
02122 -0.602517
04473 -0.602495
07554 -0.602462
06431 -0.602428
20605 -0.602428
07569 -0.602421
19044 -0.602418
03996 -0.602415
17795 -0.602413
12017 -0.602358
05967 -0.60235
09748 -0.602334
12860 -0.602293
03060 -0.602276
04123 -0.60225
08972 -0.602226
05438 -0.602211
15359 -0.602206
16590 -0.602195
10592 -0.602189
13010 -0.602189
04635 -0.602141
02686 -0.60213
02197 -0.602126
06186 -0.602012
02504 -0.601969
10612 -0.60191
17460 -0.60191
05070 -0.601892
21468 -0.601885
16219 -0.60188
10431 -0.601874
04189 -0.601871
07014 -0.601853
16850 -0.601836
05650 -0.601769
10463 -0.601758
07264 -0.6017
17044 -0.601698
15023 -0.601692
20139 -0.601633
16775 -0.601625
21124 -0.601616
07543 -0.601537
20063 -0.601536
05966 -0.601522
00433 -0.601514
01264 -0.60151
17712 -0.601475
11879 -0.601436
10756 -0.601426
00593 -0.601363
06341 -0.601358
01527 -0.601352
00082 -0.601305
17815 -0.60122
04114 -0.601213
17933 -0.601206
18422 -0.6012
10176 -0.601163
04077 -0.601115
18482 -0.601091
12403 -0.601072
05181 -0.601054
10611 -0.601054
05017 -0.600948
03726 -0.600932
13577 -0.600914
05778 -0.600873
05858 -0.600873
06088 -0.600866
02995 -0.600864
11787 -0.600864
20399 -0.600859
18981 -0.600853
11828 -0.600812
04792 -0.600808
07881 -0.600799
09764 -0.600725
14091 -0.600724
05848 -0.600723
12829 -0.600686
11724 -0.600671
16311 -0.600664
19752 -0.600622
11083 -0.600591
13328 -0.600579
16633 -0.600552
05344 -0.600549
09857 -0.600549
09278 -0.600533
16386 -0.60049
01907 -0.600483
20930 -0.600442
20943 -0.600442
06860 -0.60043
02649 -0.600418
19174 -0.600384
18541 -0.600353
01727 -0.600311
21257 -0.600304
04799 -0.600278
06657 -0.600212
16813 -0.600196
15626 -0.600137
16374 -0.600071
13192 -0.600054
17135 -0.600048
20542 -0.600042
14708 -0.600018
20874 -0.599978
07390 -0.599962
06782 -0.599944
00330 -0.5999
06201 -0.599889
16361 -0.59987
15807 -0.599813
04165 -0.599752
04085 -0.599699
14218 -0.59969
17883 -0.599684
00756 -0.599682
18483 -0.599648
07970 -0.599635
04455 -0.599629
10287 -0.599628
02403 -0.599625
14962 -0.599606
14862 -0.599574
00896 -0.599552
09749 -0.599539
16668 -0.5995
00132 -0.599495
00216 -0.599494
11500 -0.599491
01967 -0.599457
05769 -0.599429
20388 -0.599424
03639 -0.599414
01467 -0.599373
16250 -0.599304
14390 -0.599299
13208 -0.599275
01549 -0.599263
12475 -0.599238
20483 -0.599237
16708 -0.599222
19075 -0.59918
01717 -0.599138
18798 -0.59912
14853 -0.599109
00092 -0.599057
02465 -0.599057
07117 -0.599047
09691 -0.599044
00638 -0.599029
16522 -0.598937
07420 -0.598916
08173 -0.598901
05912 -0.59889
04652 -0.598853
02270 -0.598848
05809 -0.598834
05853 -0.598834
17887 -0.598833
17380 -0.598825
15611 -0.598754
09782 -0.59875
14180 -0.598725
02709 -0.598712
17199 -0.598674
08702 -0.598664
17469 -0.598664
18235 -0.59866
08905 -0.598655
15551 -0.598653
17906 -0.598614
20264 -0.598598
09770 -0.598547
01658 -0.598528
10255 -0.59852
03762 -0.598517
09784 -0.598507
10680 -0.598486
01940 -0.598438
00880 -0.598434
16175 -0.598432
14835 -0.598417
08338 -0.598415
01244 -0.598398
14832 -0.598394
09710 -0.598384
14752 -0.598376
10263 -0.598355
13348 -0.598337
05458 -0.598332
10737 -0.598298
03249 -0.598277
02836 -0.598209
07222 -0.598202
04630 -0.598194
09429 -0.598186
16896 -0.598186
02435 -0.598171
03851 -0.59817
15109 -0.598097
11359 -0.598083
06794 -0.598077
20287 -0.598061
12495 -0.598045
18011 -0.598045
07425 -0.598034
00077 -0.598033
02870 -0.598033
04521 -0.597966
16080 -0.597931
18303 -0.597901
16118 -0.597896
16759 -0.59785
08654 -0.597831
03729 -0.597822
06044 -0.597822
09972 -0.597822
10859 -0.597822
11666 -0.597761
17882 -0.597753
07755 -0.597692
21473 -0.597686
00890 -0.597672
11771 -0.597657
15430 -0.597644
13322 -0.597601
03414 -0.597589
15903 -0.597584
15423 -0.597575
21530 -0.597561
12788 -0.597541
13479 -0.59754
20320 -0.597512
02756 -0.597505
13391 -0.597474
09229 -0.59747
10021 -0.597467
17923 -0.597466
20596 -0.597458
13336 -0.597457
16800 -0.59745
05981 -0.59743
15934 -0.597426
07387 -0.597415
09187 -0.597403
04463 -0.5974
09821 -0.5974
15904 -0.59738
14928 -0.597377
20862 -0.597322
09572 -0.597312
08684 -0.597297
01265 -0.597278
03341 -0.597267
11686 -0.597252
14560 -0.597252
09841 -0.597245
09364 -0.597241
04074 -0.597226
04962 -0.597221
09577 -0.597209
20637 -0.597171
02990 -0.597168
15435 -0.597156
02579 -0.597139
07287 -0.597112
09805 -0.5971
09135 -0.597085
05256 -0.597013
16106 -0.59701
02496 -0.597008
17997 -0.597005
14517 -0.596993
20112 -0.596987
03554 -0.596939
00299 -0.596922
04084 -0.596881
05800 -0.596881
17180 -0.596866
02965 -0.596861
17953 -0.596812
00900 -0.596804
12026 -0.596766
09405 -0.59676
00431 -0.596752
02221 -0.596715
04050 -0.596699
00227 -0.596686
02962 -0.596683
15895 -0.596666
07329 -0.596665
17972 -0.596645
15457 -0.596629
07843 -0.596604
03330 -0.596599
07531 -0.596591
14860 -0.596571
03465 -0.596549
18506 -0.596525
18797 -0.596525
12407 -0.59652
19761 -0.596515
16921 -0.596469
10260 -0.596454
02183 -0.596443
02610 -0.596443
12771 -0.596441
12598 -0.596418
18497 -0.596406
02441 -0.596386
04068 -0.596351
04119 -0.596351
06770 -0.596346
18501 -0.596298
14970 -0.596282
02876 -0.596281
05842 -0.59625
02341 -0.596244
04409 -0.596244
07321 -0.596244
10072 -0.596244
15805 -0.596244
15304 -0.596241
20203 -0.596241
02697 -0.59624
20343 -0.596221
12416 -0.596184
09074 -0.596178
15757 -0.596134
12433 -0.596121
03111 -0.596116
11573 -0.596113
08164 -0.596105
06593 -0.596069
00546 -0.59605
06942 -0.596019
15896 -0.596019
10109 -0.595986
03671 -0.595954
16678 -0.595935
04115 -0.595914
02666 -0.595882
02678 -0.59587
10495 -0.59587
08069 -0.595855
10427 -0.595836
19997 -0.595832
10154 -0.59582
07135 -0.595819
05688 -0.595812
17075 -0.595788
09127 -0.595776
17900 -0.595743
06362 -0.595714
19000 -0.595714
11293 -0.595713
09747 -0.59569
10693 -0.595673
00274 -0.595622
01277 -0.595593
17703 -0.595561
11159 -0.595546
11765 -0.595542
05879 -0.595539
09304 -0.595529
07012 -0.59552
15262 -0.59552
02961 -0.595489
11241 -0.595457
19617 -0.595448
20346 -0.595435
19040 -0.595427
07007 -0.595424
16783 -0.595386
13419 -0.595363
03472 -0.595309
03520 -0.595309
04610 -0.595307
15853 -0.595283
20682 -0.595279
07710 -0.595276
10207 -0.595241
12986 -0.595224
16202 -0.595208
00822 -0.59518
19745 -0.595167
00419 -0.595164
06107 -0.59511
03488 -0.595084
21036 -0.595081
15521 -0.59508
21190 -0.595062
01546 -0.595055
09178 -0.595048
20197 -0.595036
10135 -0.594993
18507 -0.594986
00103 -0.594981
00519 -0.59498
01120 -0.59498
03159 -0.59498
11422 -0.59498
05768 -0.594955
00899 -0.594947
07000 -0.594945
09177 -0.594921
20145 -0.59492
00916 -0.594912
04136 -0.594897
11291 -0.594887
10294 -0.59478
01026 -0.594767
03764 -0.594729
02722 -0.594719
02973 -0.594707
10324 -0.594689
03504 -0.594685
13332 -0.594683
06426 -0.594644
12293 -0.594638
01174 -0.594635
09905 -0.594629
07066 -0.594612
05846 -0.594604
09457 -0.594597
20474 -0.594586
02338 -0.594574
20386 -0.594573
07026 -0.594518
03048 -0.594508
15006 -0.594497
00237 -0.594478
02557 -0.594464
04082 -0.594458
06359 -0.594439
13842 -0.594426
02521 -0.594412
14207 -0.594398
08565 -0.594393
08138 -0.594384
14836 -0.594379
05989 -0.594368
15819 -0.594322
06356 -0.594316
00357 -0.594303
18990 -0.594303
18272 -0.594281
01307 -0.594259
06258 -0.594259
09004 -0.594259
08032 -0.594258
08011 -0.594251
04821 -0.594242
15749 -0.59422
17352 -0.594191
01067 -0.594185
05795 -0.594183
05797 -0.594153
00179 -0.594133
07589 -0.594081
19107 -0.594058
12791 -0.594048
06259 -0.594026
03456 -0.594012
12778 -0.593999
16490 -0.593978
11170 -0.59395
07557 -0.593938
15651 -0.593917
03782 -0.593912
01685 -0.593879
02466 -0.593861
04532 -0.593861
07426 -0.593861
10177 -0.593861
17375 -0.593859
08475 -0.593819
07099 -0.593802
09393 -0.593793
12432 -0.593774
01906 -0.593772
08683 -0.593751
04950 -0.593749
13738 -0.593748
05555 -0.593738
16779 -0.593665
10276 -0.593653
21263 -0.593648
20251 -0.593621
05767 -0.593602
12265 -0.593597
02618 -0.593591
21289 -0.59359
02960 -0.593568
10683 -0.593526
16141 -0.593523
10651 -0.593504
00649 -0.593494
03470 -0.593466
00860 -0.593447
01378 -0.59344
10609 -0.593428
00076 -0.59341
12764 -0.593406
12830 -0.593406
18911 -0.593403
03593 -0.593378
04771 -0.593358
16305 -0.593345
04909 -0.593322
17195 -0.593322
11596 -0.593316
06197 -0.593307
11855 -0.593248
17325 -0.593247
10699 -0.593231
12762 -0.593231
05807 -0.593225
18520 -0.593218
15046 -0.593207
13319 -0.593196
16068 -0.593193
10754 -0.593121
11540 -0.593116
04523 -0.593097
17170 -0.593094
05220 -0.593085
20265 -0.593075
07297 -0.593064
17243 -0.593041
04987 -0.593036
10372 -0.593022
10685 -0.593011
21001 -0.592991
06469 -0.592982
06948 -0.592964
17251 -0.592902
04744 -0.592886
03540 -0.592867
12799 -0.592867
00094 -0.592859
09313 -0.592845
04944 -0.592831
11711 -0.592812
04928 -0.592805
04544 -0.592793
19197 -0.592793
16746 -0.592791
05554 -0.592772
09793 -0.592768
06515 -0.592757
01068 -0.592756
09531 -0.592727
02827 -0.592715
17871 -0.59271
05830 -0.592709
06964 -0.592691
05110 -0.592686
19843 -0.592654
01726 -0.592612
05779 -0.592609
02029 -0.592592
00335 -0.59255
19235 -0.59255
07628 -0.592537
05290 -0.592535
12466 -0.592523
09174 -0.592518
14770 -0.592491
14931 -0.592491
08174 -0.59249
12714 -0.592479
18849 -0.592475
00901 -0.592464
01928 -0.592443
11616 -0.592435
03621 -0.592431
09167 -0.59243
09219 -0.59243
14109 -0.592428
02873 -0.59242
09530 -0.592416
00209 -0.592409
17372 -0.592391
13123 -0.592346
00828 -0.592332
05663 -0.592327
15093 -0.592299
10746 -0.592268
14813 -0.592259
16948 -0.59224
00121 -0.592226
15743 -0.592197
02781 -0.592196
16439 -0.592178
17207 -0.592178
21499 -0.592171
14871 -0.592137
14902 -0.592137
17807 -0.592129
02456 -0.592114
16063 -0.592107
06619 -0.592097
00461 -0.592089
12634 -0.592045
20601 -0.592033
06542 -0.592003
10757 -0.591974
19493 -0.591972
05255 -0.591959
05929 -0.591959
18409 -0.591958
11823 -0.591948
05418 -0.591944
00100 -0.591904
12801 -0.591901
10267 -0.591885
17456 -0.591881
13771 -0.59187
00506 -0.591868
04293 -0.591845
15930 -0.591827
12435 -0.591825
05253 -0.591819
15573 -0.591801
05204 -0.591767
06347 -0.591738
09848 -0.59172
08449 -0.5917
17186 -0.591696
07005 -0.591673
13027 -0.591653
10349 -0.591648
08762 -0.59164
18770 -0.591611
20026 -0.59161
11668 -0.591609
14150 -0.591593
19005 -0.591575
04637 -0.591571
00759 -0.591561
10279 -0.591545
07580 -0.591512
13396 -0.591506
05323 -0.591499
21094 -0.591499
01903 -0.591497
18929 -0.591479
07155 -0.591466
09494 -0.591465
03449 -0.591456
03528 -0.591456
12672 -0.591441
12818 -0.591428
11772 -0.591419
17489 -0.591416
17936 -0.59138
06036 -0.591331
14811 -0.591325
04836 -0.59132
02171 -0.591318
03808 -0.591315
03073 -0.591266
06596 -0.59125
06637 -0.59125
14942 -0.591238
16951 -0.591238
06151 -0.591227
01953 -0.591223
12430 -0.591223
07006 -0.591215
17617 -0.591211
20592 -0.591204
21372 -0.591195
06773 -0.591165
05146 -0.591091
13059 -0.591082
10711 -0.59107
20281 -0.591052
18025 -0.59105
04210 -0.591047
05389 -0.591046
14891 -0.591044
18490 -0.591043
06453 -0.591042
17242 -0.591029
01112 -0.591008
12758 -0.590985
12841 -0.590977
10494 -0.59093
00891 -0.590919
11288 -0.590911
10610 -0.590908
20524 -0.590885
20757 -0.590878
08884 -0.590877
09788 -0.590863
05803 -0.590858
20016 -0.590848
07015 -0.590842
19554 -0.590839
18496 -0.590834
05307 -0.590825
09735 -0.5908
17363 -0.590781
00438 -0.590778
17620 -0.590774
10308 -0.590768
10364 -0.590768
16816 -0.590766
13964 -0.590755
14325 -0.590752
12488 -0.590732
00889 -0.590725
14612 -0.590695
14782 -0.590684
16052 -0.590679
00972 -0.590667
14275 -0.590663
06963 -0.590635
11327 -0.590614
10341 -0.590612
08724 -0.590594
13809 -0.590583
10956 -0.590576
05061 -0.590569
05176 -0.590542
10531 -0.590542
01272 -0.590469
11259 -0.59045
13569 -0.590432
05814 -0.590412
17451 -0.590404
04484 -0.590397
19547 -0.59039
00279 -0.590377
20275 -0.590373
06943 -0.590356
17741 -0.590304
17079 -0.590272
08968 -0.590255
01999 -0.590241
14889 -0.590241
07607 -0.590233
15793 -0.590228
03484 -0.590211
15990 -0.590205
17190 -0.590202
01959 -0.590199
01963 -0.590198
14698 -0.590186
16177 -0.590178
09580 -0.590174
02468 -0.590154
11221 -0.590116
11365 -0.590115
06575 -0.590109
04459 -0.590078
07389 -0.59007
08983 -0.59007
16757 -0.590015
06416 -0.589988
03162 -0.589962
20997 -0.589936
18061 -0.589915
14573 -0.589908
06618 -0.589905
15496 -0.589904
04487 -0.589879
19046 -0.589876
00529 -0.589873
04354 -0.589869
16933 -0.589859
09787 -0.589829
02522 -0.589826
06387 -0.58981
10285 -0.589801
12311 -0.589796
06531 -0.589777
17396 -0.589742
10845 -0.589736
10873 -0.589736
14545 -0.589703
07127 -0.589693
10280 -0.58969
10282 -0.58969
13053 -0.589688
00111 -0.589663
07590 -0.589661
19017 -0.589659
13390 -0.589655
01079 -0.589615
03580 -0.589554
13410 -0.58954
01815 -0.589536
05189 -0.589534
10183 -0.589488
18425 -0.589425
14549 -0.589406
11209 -0.589377
15287 -0.589357
21561 -0.589354
02061 -0.589348
04468 -0.58934
07923 -0.58934
06252 -0.589335
05701 -0.589316
10104 -0.589314
02925 -0.589301
01257 -0.589246
07804 -0.589197
17217 -0.589197
17271 -0.589197
00099 -0.589188
19478 -0.589184
01239 -0.589174
19841 -0.589161
09732 -0.589154
00166 -0.589143
17767 -0.589131
21543 -0.589128
02584 -0.589108
16368 -0.589091
20687 -0.589072
08112 -0.589067
10322 -0.589067
20104 -0.589056
15442 -0.589043
13564 -0.589034
04835 -0.589015
10881 -0.589014
04483 -0.588999
17327 -0.588993
21562 -0.58898
16079 -0.588972
01640 -0.588967
07583 -0.588961
17374 -0.588951
05885 -0.588944
07267 -0.588932
16195 -0.58891
00802 -0.588904
09769 -0.588897
20303 -0.588894
13657 -0.588892
18475 -0.588856
12733 -0.588849
14874 -0.588837
13286 -0.588828
08714 -0.588823
04638 -0.588806
15450 -0.588801
09149 -0.588796
06528 -0.58879
06481 -0.588788
18526 -0.588787
04283 -0.588755
12396 -0.588745
20482 -0.588741
21392 -0.588736
09048 -0.58873
02765 -0.588729
10043 -0.588728
03505 -0.588692
10827 -0.588676
15567 -0.588672
15012 -0.588665
18672 -0.588648
02987 -0.588602
19539 -0.5886
15989 -0.588597
20846 -0.588596
20847 -0.588596
17061 -0.588551
07143 -0.588534
03512 -0.588504
08004 -0.588499
14567 -0.588487
12355 -0.588469
21573 -0.588463
04695 -0.588458
19028 -0.588458
18363 -0.588454
12210 -0.588451
09213 -0.588448
20085 -0.588445
13294 -0.588443
00189 -0.588433
04949 -0.588432
03421 -0.588427
15549 -0.588396
04898 -0.588395
08597 -0.588383
07324 -0.588353
06037 -0.588338
03353 -0.588328
08490 -0.588323
17970 -0.588304
05085 -0.588298
00359 -0.588287
11413 -0.58828
03466 -0.588279
05637 -0.588257
06236 -0.588257
16624 -0.588257
00228 -0.588248
02049 -0.588208
17143 -0.588208
14734 -0.588195
13284 -0.58819
15414 -0.588172
02236 -0.588166
05279 -0.588148
17198 -0.588147
00416 -0.588146
15975 -0.588146
20208 -0.588145
01268 -0.588138
09702 -0.588128
17027 -0.588127
06352 -0.588125
08501 -0.588108
17050 -0.588094
17068 -0.588094
09836 -0.588075
03269 -0.58807
09822 -0.58807
21123 -0.588059
02059 -0.588044
05985 -0.588043
00867 -0.588031
15634 -0.58803
21511 -0.587992
17096 -0.587959
14214 -0.58795
06547 -0.587916
05712 -0.587893
01878 -0.587891
12614 -0.587886
19795 -0.587885
07761 -0.587881
01611 -0.587869
12283 -0.587869
20868 -0.587865
16092 -0.587862
08314 -0.587851
05178 -0.58783
01912 -0.587825
13810 -0.58782
12428 -0.587779
04067 -0.587776
05831 -0.587766
05856 -0.587766
19460 -0.587758
04993 -0.587752
06091 -0.587749
12556 -0.58773
09592 -0.587727
07437 -0.587701
03448 -0.587696
04741 -0.587696
02535 -0.587676
08055 -0.587655
14410 -0.587636
02145 -0.587625
01100 -0.587577
01328 -0.587573
10137 -0.587537
11856 -0.587533
05836 -0.587528
07555 -0.587528
15157 -0.58751
17427 -0.587508
14897 -0.587498
08620 -0.587494
15418 -0.587476
14093 -0.587473
13081 -0.587471
00898 -0.587453
09824 -0.587435
08152 -0.587404
11154 -0.587399
12748 -0.587392
07098 -0.58738
10696 -0.587373
10807 -0.587373
19791 -0.587352
01206 -0.587341
17896 -0.587335
09265 -0.587334
04113 -0.587316
17282 -0.587271
08648 -0.587241
14780 -0.587239
08063 -0.587208
10271 -0.587204
19526 -0.587195
04311 -0.587192
12413 -0.587185
18009 -0.587181
16393 -0.587177
07520 -0.587169
08959 -0.58716
14208 -0.587157
11776 -0.587154
19348 -0.58715
03995 -0.587148
16015 -0.587135
17292 -0.587125
20025 -0.587117
04278 -0.587108
08627 -0.587107
09613 -0.587094
17598 -0.58708
15325 -0.587079
00855 -0.587035
10443 -0.587035
17185 -0.586992
05236 -0.58699
15648 -0.586989
20032 -0.586973
13453 -0.586955
07077 -0.586925
12887 -0.586904
13446 -0.586903
18437 -0.586892
01926 -0.586883
02354 -0.586883
06996 -0.586873
07772 -0.586871
04698 -0.586867
15470 -0.586826
01166 -0.586818
04449 -0.586814
12655 -0.586808
09271 -0.586798
11820 -0.586795
19888 -0.586757
10863 -0.586751
19619 -0.586748
03001 -0.586745
12480 -0.586732
13255 -0.586728
05835 -0.586724
18028 -0.586679
20853 -0.586669
00200 -0.586668
08321 -0.586653
00464 -0.586642
07987 -0.586641
17409 -0.586629
15768 -0.58662
01921 -0.586594
01973 -0.586594
15948 -0.586575
17919 -0.586575
20082 -0.586569
09547 -0.586568
05337 -0.586562
04528 -0.586537
15926 -0.586537
19512 -0.586535
01946 -0.586518
00289 -0.586517
01443 -0.586516
09634 -0.586506
09903 -0.5865
16171 -0.586482
06881 -0.586478
11818 -0.58647
04060 -0.586461
16950 -0.58645
16969 -0.586432
18987 -0.58643
18964 -0.586416
00213 -0.586408
14230 -0.586407
02288 -0.586406
00459 -0.586396
13933 -0.586384
01977 -0.586378
09107 -0.586367
06324 -0.586354
05346 -0.586352
12787 -0.586348
05490 -0.586332
04991 -0.586329
09171 -0.586309
12455 -0.586303
20006 -0.586302
13995 -0.58628
17976 -0.586273
10525 -0.586267
02423 -0.586264
07105 -0.586248
02064 -0.586228
13889 -0.586224
09005 -0.586211
09574 -0.586211
10144 -0.586211
13274 -0.586206
07062 -0.586204
16960 -0.586199
00317 -0.586184
17307 -0.586174
08158 -0.586161
05414 -0.586147
01809 -0.586137
00866 -0.586112
20475 -0.586112
13046 -0.586111
00048 -0.586102
07943 -0.586068
15351 -0.586065
21533 -0.586057
05206 -0.586048
19408 -0.586035
01036 -0.586031
13561 -0.586029
11135 -0.585989
00955 -0.585988
03659 -0.585979
04602 -0.585975
08818 -0.58596
20948 -0.585958
20958 -0.585958
09578 -0.585951
05844 -0.585947
19377 -0.585935
21505 -0.585935
00830 -0.585918
04674 -0.585911
12411 -0.585891
14866 -0.585882
00123 -0.585838
12479 -0.585838
07575 -0.58583
13384 -0.58583
02176 -0.585814
11290 -0.585802
06385 -0.585797
10261 -0.585796
20456 -0.58579
06893 -0.585782
17450 -0.585781
08127 -0.585765
16003 -0.585762
01552 -0.585761
19051 -0.58576
05816 -0.585726
08147 -0.585722
08673 -0.585709
14848 -0.585709
02662 -0.585702
06949 -0.585656
13237 -0.58565
10617 -0.585626
00524 -0.585622
02992 -0.585621
05052 -0.58561
18095 -0.585594
17202 -0.585576
11229 -0.585544
10259 -0.58554
19101 -0.585521
15574 -0.585512
00470 -0.585502
11187 -0.5855
08025 -0.585485
02186 -0.58546
10701 -0.585447
18968 -0.585444
18459 -0.585437
20131 -0.58539
10920 -0.585366
19569 -0.585365
20033 -0.585358
18498 -0.585348
06946 -0.585335
03304 -0.585333
18948 -0.585317
14654 -0.585308
14710 -0.585307
19561 -0.585293
00509 -0.585291
08964 -0.585284
09272 -0.585283
04631 -0.585276
11215 -0.585253
09058 -0.585244
17312 -0.58523
06761 -0.585191
18776 -0.585182
18453 -0.585177
05515 -0.585176
06972 -0.585176
01969 -0.585163
07025 -0.585163
18937 -0.585153
05037 -0.585137
18527 -0.585134
17966 -0.585115
17449 -0.585091
20192 -0.585087
08117 -0.585074
11261 -0.585055
18993 -0.585049
15622 -0.585042
01708 -0.585027
15707 -0.585011
02242 -0.585008
12453 -0.584995
13281 -0.584994
20854 -0.584972
08903 -0.584959
18897 -0.584956
17905 -0.58492
08315 -0.584897
14357 -0.584864
01890 -0.58485
12734 -0.584843
03190 -0.58484
20096 -0.584822
07167 -0.584817
07517 -0.584807
06861 -0.584793
08878 -0.584778
04562 -0.584751
04574 -0.584751
12962 -0.584749
09763 -0.584732
17144 -0.584726
11176 -0.584719
11208 -0.584719
11245 -0.584719
00608 -0.584711
00940 -0.584705
20580 -0.584704
06959 -0.584695
09712 -0.584662
09777 -0.584662
16138 -0.584657
18086 -0.58465
05983 -0.584646
13341 -0.584633
18846 -0.58463
13571 -0.584593
05225 -0.584577
17377 -0.584576
00220 -0.584574
16870 -0.584545
19728 -0.584533
02172 -0.584512
10175 -0.584505
13636 -0.584504
18143 -0.584501
20776 -0.584497
15520 -0.584493
05453 -0.584491
11611 -0.58449
15652 -0.584487
11813 -0.584472
03022 -0.584447
15118 -0.584434
08622 -0.584433
08659 -0.584433
13405 -0.584428
11806 -0.58442
15364 -0.584415
03657 -0.58441
07499 -0.584409
02424 -0.5844
09022 -0.584378
09180 -0.584357
01357 -0.584337
06360 -0.584316
12434 -0.584296
15428 -0.584294
13126 -0.584289
09464 -0.584273
17474 -0.584269
02554 -0.584263
15977 -0.584252
18128 -0.584249
14547 -0.584199
01163 -0.584188
08621 -0.584186
08664 -0.584186
06035 -0.584138
16853 -0.584132
09124 -0.584129
13807 -0.584127
13832 -0.584127
14815 -0.584107
07197 -0.584094
10344 -0.584093
16072 -0.584074
10795 -0.584066
10812 -0.584066
01951 -0.584049
19545 -0.584044
08723 -0.584043
15386 -0.584029
11260 -0.584026
14927 -0.584024
19061 -0.584009
12838 -0.584008
12628 -0.584005
02824 -0.584
05811 -0.583986
15382 -0.583975
00439 -0.583957
17505 -0.583945
01568 -0.583944
12875 -0.583942
16401 -0.583937
19722 -0.583931
00512 -0.583911
10079 -0.5839
09958 -0.583899
13495 -0.583891
11162 -0.583849
08149 -0.583847
00303 -0.583836
09812 -0.583827
13323 -0.58382
06647 -0.58381
04095 -0.5838
04116 -0.5838
16501 -0.583799
06396 -0.58377
15472 -0.583758
09128 -0.583746
05271 -0.583743
05196 -0.583735
10309 -0.583728
04290 -0.583723
03514 -0.583722
01550 -0.58372
02153 -0.583717
17895 -0.583702
17947 -0.583702
19792 -0.583695
19794 -0.583686
20069 -0.583682
04297 -0.583681
09975 -0.583665
18361 -0.583658
06272 -0.583653
17511 -0.583626
07148 -0.583617
17316 -0.583617
05819 -0.583603
08629 -0.583603
01388 -0.583591
12184 -0.583591
10402 -0.583579
16726 -0.583572
05098 -0.583564
03583 -0.583556
01478 -0.583554
11127 -0.583554
10336 -0.583518
03787 -0.583516
00514 -0.583509
03898 -0.583488
04625 -0.583482
01147 -0.583479
13216 -0.583475
15845 -0.583473
09138 -0.583463
09216 -0.583463
18977 -0.583455
10593 -0.583454
18250 -0.583448
05721 -0.583447
04727 -0.583444
11794 -0.583434
15446 -0.583434
13347 -0.583429
02908 -0.583427
00513 -0.583425
16164 -0.583408
17980 -0.583403
04101 -0.58338
05759 -0.58338
10200 -0.583374
01797 -0.583355
09116 -0.583351
07567 -0.58335
21542 -0.583328
06981 -0.583325
03653 -0.583324
19604 -0.583322
18994 -0.58332
13456 -0.583317
13550 -0.583317
00307 -0.583304
04679 -0.583279
02977 -0.583277
01377 -0.583274
17454 -0.583271
13279 -0.583264
10718 -0.583243
16328 -0.583225
17402 -0.583218
01696 -0.583212
18781 -0.583195
04979 -0.583186
01141 -0.583185
07681 -0.583181
17594 -0.58318
03792 -0.583163
09856 -0.583157
04433 -0.583121
01483 -0.583116
10326 -0.583115
13416 -0.583115
13530 -0.583115
12136 -0.583103
11256 -0.583069
08098 -0.583058
07375 -0.583057
13278 -0.583055
19588 -0.583047
10931 -0.583024
05241 -0.583011
07211 -0.58301
00078 -0.583006
12643 -0.583004
10553 -0.582986
11853 -0.582986
00913 -0.582985
18109 -0.582981
15032 -0.582977
14856 -0.582962
10355 -0.582919
05086 -0.5829
13471 -0.582897
06376 -0.582885
19150 -0.582875
10649 -0.582873
02563 -0.582866
17260 -0.582861
15921 -0.582856
00323 -0.58284
17416 -0.582834
04047 -0.582833
03750 -0.58283
08199 -0.582821
00974 -0.582815
11228 -0.582803
19798 -0.582797
19793 -0.582795
00839 -0.582775
16150 -0.582768
06235 -0.582765
16415 -0.582761
14855 -0.582753
08161 -0.582723
09701 -0.58271
01932 -0.582709
17041 -0.582708
17066 -0.582708
06371 -0.582706
02975 -0.5827
08103 -0.582682
08184 -0.582682
05210 -0.582677
17077 -0.582646
12813 -0.58264
19082 -0.582631
16158 -0.582618
05485 -0.58261
11769 -0.582602
02915 -0.582601
15637 -0.582584
10882 -0.582574
04380 -0.58256
15448 -0.582559
16133 -0.58255
09196 -0.582542
10107 -0.582486
20724 -0.582477
05706 -0.582473
08908 -0.582455
16392 -0.582432
05254 -0.582425
08140 -0.582414
09828 -0.582405
00508 -0.582393
06686 -0.582384
00233 -0.582363
18518 -0.582355
00275 -0.582352
14940 -0.582327
01199 -0.582321
19624 -0.582321
06802 -0.582316
01385 -0.582314
19483 -0.582299
14447 -0.58229
00203 -0.582289
04801 -0.582278
09385 -0.582263
13424 -0.582263
11496 -0.582259
14217 -0.582207
11185 -0.58219
18487 -0.582188
12811 -0.582187
17395 -0.582185
17397 -0.582185
03474 -0.582179
18432 -0.582172
14895 -0.582171
03522 -0.582169
17628 -0.582162
18460 -0.582151
17258 -0.582141
17503 -0.582141
02391 -0.582125
07850 -0.58211
11546 -0.582107
10604 -0.582093
13637 -0.58208
12429 -0.582069
13006 -0.582058
12879 -0.582046
04105 -0.582045
09369 -0.582037
15347 -0.58203
14599 -0.582013
02492 -0.582004
18378 -0.581967
21486 -0.581961
19986 -0.58195
18124 -0.581939
05216 -0.581935
20576 -0.581918
14876 -0.581913
13434 -0.581912
10710 -0.581901
02440 -0.581889
17204 -0.581889
19077 -0.581888
09698 -0.581886
00319 -0.581881
16196 -0.581859
09354 -0.581834
04177 -0.581829
08135 -0.581798
08929 -0.581792
12780 -0.581788
07757 -0.581785
11057 -0.581769
02339 -0.581765
09900 -0.581764
03482 -0.58176
09299 -0.581757
08107 -0.581754
08187 -0.581754
14847 -0.581749
01970 -0.581743
03273 -0.581726
02109 -0.581717
10243 -0.581709
16612 -0.581695
11832 -0.581688
17193 -0.581688
00217 -0.581685
02893 -0.581681
05810 -0.581671
13949 -0.58167
02467 -0.581655
10385 -0.581654
07683 -0.58163
09374 -0.581617
03757 -0.581607
17918 -0.581591
09827 -0.581581
04645 -0.581578
14854 -0.58157
16234 -0.581559
19200 -0.581559
18216 -0.581542
00702 -0.581534
00263 -0.581523
02994 -0.581497
03503 -0.581487
01399 -0.581434
11225 -0.581431
02406 -0.581425
05782 -0.581424
14829 -0.581405
00915 -0.581332
09319 -0.58132
08764 -0.581288
09433 -0.581288
08172 -0.581275
13733 -0.581267
18125 -0.581248
13019 -0.581231
15193 -0.581222
19047 -0.581208
11768 -0.581196
12615 -0.581196
16752 -0.581192
02632 -0.581187
21491 -0.581162
20283 -0.581158
20262 -0.581153
19068 -0.58114
03533 -0.581139
18515 -0.581097
06205 -0.581096
16771 -0.581095
03165 -0.581092
01964 -0.581087
13531 -0.581082
01234 -0.581062
11160 -0.581056
13441 -0.581056
13444 -0.581056
18756 -0.581042
18665 -0.581039
05887 -0.581038
16108 -0.581038
18360 -0.581038
05127 -0.58103
14861 -0.58102
05251 -0.581013
07076 -0.581007
15045 -0.580997
11885 -0.580973
13719 -0.580957
17367 -0.580956
10332 -0.580948
03949 -0.58094
11914 -0.580926
15901 -0.580925
14950 -0.580917
17156 -0.580911
04938 -0.580895
11273 -0.580892
16009 -0.580888
12709 -0.580886
16944 -0.580862
13224 -0.580847
13606 -0.580847
01086 -0.580845
01089 -0.580845
19002 -0.580829
00458 -0.580824
05462 -0.580821
15902 -0.580821
10567 -0.5808
05269 -0.580779
00423 -0.580778
15406 -0.580778
14884 -0.580776
01858 -0.580765
13423 -0.580749
06427 -0.580748
12445 -0.580745
10724 -0.580741
19400 -0.580741
07662 -0.580732
11234 -0.58073
18083 -0.580716
10810 -0.580711
00611 -0.580694
16156 -0.580691
10461 -0.580683
15397 -0.58068
09699 -0.580677
12597 -0.580672
03137 -0.580667
00690 -0.580662
07913 -0.580615
03498 -0.580586
16565 -0.580586
11882 -0.580585
16768 -0.580578
06572 -0.580575
13008 -0.580564
07682 -0.58056
13291 -0.580557
14882 -0.580552
05785 -0.580548
02997 -0.580545
19740 -0.58052
15246 -0.580518
10905 -0.580516
14591 -0.580515
15300 -0.580515
12486 -0.580476
17205 -0.580471
17283 -0.580471
11224 -0.58047
13359 -0.580425
02396 -0.58042
17246 -0.580409
14935 -0.580403
18003 -0.5804
05223 -0.580383
08636 -0.58038
12763 -0.580363
01880 -0.58035
04366 -0.580341
05318 -0.580333
00931 -0.580325
19568 -0.580319
16270 -0.580305
02744 -0.580285
17305 -0.580285
17085 -0.580264
12406 -0.58026
03049 -0.580255
00225 -0.580253
03439 -0.580247
20361 -0.580235
07751 -0.580233
08578 -0.580224
13944 -0.580195
12241 -0.580192
17261 -0.580186
04516 -0.580184
10745 -0.580179
15655 -0.580178
04470 -0.580172
01889 -0.580146
04829 -0.580146
09240 -0.58014
10321 -0.580132
15737 -0.580125
10804 -0.580123
10658 -0.580115
18424 -0.580099
05171 -0.580092
15362 -0.580091
09986 -0.580079
12745 -0.580073
07146 -0.580048
18833 -0.580044
13388 -0.580036
07674 -0.580031
02773 -0.58002
18556 -0.580008
00613 -0.580007
01637 -0.580002
18893 -0.58
00278 -0.579975
21368 -0.579955
05570 -0.579944
05424 -0.579942
06568 -0.579934
14655 -0.579925
15893 -0.579913
06730 -0.579903
18552 -0.579901
05916 -0.579896
16285 -0.579895
05787 -0.579886
14903 -0.579858
13333 -0.579852
05336 -0.57985
04767 -0.579827
16168 -0.579827
08803 -0.579823
17161 -0.579812
15460 -0.579784
12750 -0.57978
16946 -0.579764
19194 -0.579764
08171 -0.57976
06395 -0.579759
07597 -0.579745
16955 -0.579734
05593 -0.579727
12580 -0.579726
05927 -0.57972
02482 -0.57971
16541 -0.579702
11379 -0.579696
05140 -0.579694
11734 -0.579686
15697 -0.579676
09957 -0.579661
03651 -0.579647
16976 -0.579643
10690 -0.579634
19625 -0.57963
17131 -0.579624
07767 -0.579613
18568 -0.579613
14588 -0.579603
08624 -0.579596
00152 -0.579593
13559 -0.579534
18871 -0.579518
06285 -0.579517
11103 -0.57951
12323 -0.579505
08325 -0.579503
10565 -0.579493
16200 -0.579484
18457 -0.579462
13730 -0.579432
01769 -0.579415
19889 -0.579412
06262 -0.579408
06468 -0.579395
12401 -0.579365
14238 -0.579363
06369 -0.579352
01363 -0.579347
10677 -0.579339
10761 -0.579339
05798 -0.579325
18749 -0.579319
19294 -0.579312
13277 -0.579303
15408 -0.579302
15456 -0.579302
07937 -0.579295
02565 -0.579268
13525 -0.579267
07313 -0.579236
07566 -0.579231
14551 -0.579231
11819 -0.57922
16075 -0.57922
00450 -0.579218
14342 -0.579213
12993 -0.579211
10741 -0.579197
15410 -0.579191
16268 -0.579183
13169 -0.579174
13510 -0.579132
17614 -0.579127
08211 -0.579121
18340 -0.579103
02657 -0.579102
13941 -0.5791
16518 -0.579089
10751 -0.579056
01995 -0.579052
09394 -0.579033
00554 -0.579023
17930 -0.579009
04642 -0.579002
06801 -0.578993
08277 -0.57899
17410 -0.578957
02293 -0.578951
08121 -0.578944
08196 -0.578944
07768 -0.578943
15876 -0.578931
04080 -0.57893
01653 -0.578918
01169 -0.578902
17279 -0.578886
05720 -0.578883
13261 -0.578866
16897 -0.578863
00254 -0.578861
06685 -0.578858
03516 -0.578854
07235 -0.57884
00897 -0.578825
09672 -0.578817
01773 -0.578816
11331 -0.578811
14223 -0.578799
07020 -0.578795
06804 -0.578782
17091 -0.578778
13917 -0.578766
06876 -0.578755
00047 -0.57874
10825 -0.578716
07551 -0.578713
16938 -0.578708
17252 -0.578677
14799 -0.578676
08178 -0.578664
19947 -0.578659
16843 -0.578652
09198 -0.578647
15897 -0.578636
10061 -0.578604
01873 -0.578598
05360 -0.578598
15911 -0.578591
03558 -0.578582
00259 -0.578579
18451 -0.578579
18874 -0.578562
05425 -0.578541
19396 -0.578541
17383 -0.578539
18007 -0.578529
04117 -0.578525
07851 -0.578519
13843 -0.578499
09261 -0.578495
12304 -0.578493
08119 -0.578464
07275 -0.578443
10242 -0.578437
08785 -0.578426
17036 -0.578424
13749 -0.578415
07950 -0.578409
15082 -0.578402
10486 -0.578395
08347 -0.578371
05412 -0.578367
08179 -0.578366
18008 -0.578365
01885 -0.57836
01322 -0.578354
15617 -0.578329
04666 -0.578311
17747 -0.578297
05315 -0.578291
15552 -0.578289
19668 -0.57828
14068 -0.578274
06741 -0.578268
06448 -0.578264
16653 -0.578264
06158 -0.578243
05918 -0.578216
08378 -0.57821
06474 -0.578196
04262 -0.578192
08928 -0.578192
10246 -0.57818
04397 -0.578143
05546 -0.578132
19284 -0.578126
15708 -0.5781
13552 -0.578071
07835 -0.578069
17939 -0.578054
20500 -0.578034
04426 -0.578005
07861 -0.577997
19135 -0.577989
10262 -0.577984
09224 -0.577973
14751 -0.577971
18904 -0.57796
16330 -0.577958
11864 -0.577949
09176 -0.577939
14641 -0.577937
14611 -0.577936
11753 -0.577924
18369 -0.577916
10186 -0.577906
17924 -0.577904
12196 -0.577882
17915 -0.577855
12457 -0.577854
12473 -0.577854
20796 -0.577836
17613 -0.577833
09295 -0.577831
17897 -0.577827
04654 -0.577822
04717 -0.577822
02591 -0.577819
05847 -0.577809
15424 -0.577762
15906 -0.577752
12720 -0.57775
07623 -0.577722
17213 -0.57772
00517 -0.577715
04454 -0.577715
04031 -0.577708
14687 -0.577708
08585 -0.577699
09766 -0.577691
03875 -0.57769
05909 -0.577681
03666 -0.57768
14762 -0.577666
10074 -0.577661
04988 -0.577651
12418 -0.577649
00291 -0.577644
15709 -0.577633
20005 -0.577616
00740 -0.577615
10976 -0.577613
01326 -0.577605
06683 -0.577597
06452 -0.577596
01065 -0.577592
21566 -0.577585
13726 -0.577574
06339 -0.577571
13574 -0.577556
09993 -0.577537
13592 -0.577527
02385 -0.577525
17254 -0.577495
17289 -0.577495
11183 -0.577494
15283 -0.577494
11269 -0.577486
11137 -0.57748
09992 -0.577479
04063 -0.577451
10377 -0.57744
19310 -0.577436
16160 -0.577434
07103 -0.577428
01930 -0.577416
16774 -0.577409
16940 -0.577408
11284 -0.577403
15987 -0.577402
09715 -0.5774
01474 -0.577388
14919 -0.577384
03136 -0.577377
07942 -0.577368
19499 -0.577365
05818 -0.577358
10300 -0.577347
17470 -0.577343
11789 -0.577341
07591 -0.577339
17564 -0.577333
19019 -0.577333
15686 -0.577313
18366 -0.577299
16251 -0.577295
18978 -0.577277
17420 -0.577276
04660 -0.577259
00258 -0.577241
00425 -0.577241
07036 -0.577215
14890 -0.57721
06776 -0.577195
15422 -0.577192
15444 -0.577183
09923 -0.57718
16926 -0.577175
16787 -0.577157
17051 -0.577143
17071 -0.577143
10697 -0.577141
00297 -0.577138
01898 -0.577135
15913 -0.577094
07265 -0.577085
02494 -0.57706
18184 -0.57706
13751 -0.577026
17934 -0.577013
10416 -0.577009
17087 -0.577001
09422 -0.57698
07474 -0.57697
01081 -0.576959
16978 -0.576947
04633 -0.57693
04709 -0.57693
07049 -0.576894
10230 -0.576858
20568 -0.576856
14271 -0.576855
14391 -0.576855
00943 -0.576838
14724 -0.576835
04384 -0.57682
17063 -0.576817
14934 -0.576809
06383 -0.576804
13269 -0.576804
16111 -0.576775
16189 -0.576775
07356 -0.576768
02449 -0.576725
10932 -0.576724
18403 -0.576717
08182 -0.576682
12199 -0.576678
03031 -0.576672
06570 -0.576672
13379 -0.576669
12070 -0.576647
07894 -0.57664
06457 -0.57663
08070 -0.57663
06709 -0.5766
09649 -0.576583
08606 -0.576581
03441 -0.576579
03553 -0.576579
15890 -0.576528
05531 -0.576526
13573 -0.576516
03282 -0.576503
00322 -0.576487
03478 -0.576486
03519 -0.576486
08190 -0.57648
20842 -0.57648
06903 -0.576452
15759 -0.576449
20554 -0.576445
11356 -0.576444
01190 -0.576443
16755 -0.576417
18755 -0.576403
07032 -0.5764
01471 -0.576397
15197 -0.576392
18619 -0.576377
02555 -0.576366
13418 -0.576364
01892 -0.576363
14175 -0.576358
06063 -0.576351
08101 -0.576327
08183 -0.576327
11230 -0.576321
08556 -0.576314
13516 -0.576312
15208 -0.576307
01012 -0.576301
17230 -0.576286
17265 -0.576286
13392 -0.576283
00953 -0.57624
12494 -0.576206
15212 -0.576205
05812 -0.576193
04005 -0.576183
14987 -0.576178
05896 -0.576175
04226 -0.576166
02503 -0.576165
15203 -0.576131
13486 -0.576124
03644 -0.576119
03648 -0.576119
15576 -0.576088
14779 -0.576064
14913 -0.576064
01913 -0.576055
00071 -0.576047
01154 -0.576039
03352 -0.576039
01545 -0.576026
01555 -0.576026
12436 -0.57602
18304 -0.576018
11459 -0.575993
12642 -0.575961
12337 -0.575944
12884 -0.575941
04946 -0.57594
20038 -0.575938
11704 -0.57593
01681 -0.575924
06739 -0.57592
11347 -0.575892
15013 -0.575866
06399 -0.575848
14043 -0.575842
04006 -0.575801
01931 -0.575795
20259 -0.575793
00536 -0.575792
13825 -0.575784
15454 -0.575775
06108 -0.575756
18352 -0.57575
11994 -0.57574
18165 -0.575738
06935 -0.575732
10356 -0.575732
08522 -0.57573
04768 -0.575712
15816 -0.5757
19376 -0.575699
06492 -0.575691
20844 -0.575656
14212 -0.57564
17948 -0.575639
11572 -0.575635
05604 -0.575626
01927 -0.57561
08898 -0.575604
04387 -0.575578
09754 -0.575576
04822 -0.57556
15258 -0.575524
17047 -0.575511
00776 -0.575471
11930 -0.575436
11817 -0.575415
11848 -0.575415
16051 -0.575412
06890 -0.575388
11195 -0.575381
11244 -0.575381
07599 -0.575377
10684 -0.575363
10762 -0.575363
03535 -0.575362
15999 -0.57536
14277 -0.575344
09477 -0.575313
18050 -0.575312
10162 -0.575285
02340 -0.575261
16836 -0.575253
01824 -0.575249
14773 -0.575247
21088 -0.575245
03068 -0.575236
07027 -0.575199
04388 -0.575192
04389 -0.575178
14833 -0.57515
09170 -0.575148
09864 -0.575147
14597 -0.575092
13847 -0.575083
10618 -0.575074
21328 -0.575053
09117 -0.575043
04131 -0.575017
07278 -0.574974
18470 -0.57496
02787 -0.574954
09056 -0.574954
20514 -0.574931
18397 -0.574929
12340 -0.574923
12208 -0.574902
10659 -0.574898
10769 -0.574898
15688 -0.57489
03763 -0.574881
09023 -0.57488
01345 -0.574875
13371 -0.574844
09134 -0.57483
09220 -0.57483
09588 -0.574825
01820 -0.574806
06483 -0.574774
11189 -0.574713
17072 -0.574692
04173 -0.574676
06028 -0.574663
11798 -0.574621
07562 -0.574606
06043 -0.574603
11894 -0.574603
10661 -0.574596
10774 -0.574596
00336 -0.574585
15436 -0.574578
07286 -0.574568
06152 -0.574564
00415 -0.574562
00427 -0.574562
00999 -0.574526
01405 -0.57451
08555 -0.574488
03541 -0.574481
03005 -0.57448
08453 -0.574471
12092 -0.57442
17058 -0.574389
03690 -0.574367
14079 -0.574331
14081 -0.574317
02771 -0.574303
04076 -0.574292
08360 -0.574288
15179 -0.57428
04144 -0.574273
01983 -0.574259
06827 -0.574256
08625 -0.574244
20553 -0.574221
01943 -0.574219
15523 -0.574205
13524 -0.57418
05523 -0.574169
13487 -0.574103
17176 -0.574101
07536 -0.574047
07630 -0.574047
19338 -0.573959
15453 -0.573904
16834 -0.573904
12819 -0.573903
16188 -0.573895
01814 -0.57389
00395 -0.573885
08016 -0.573869
18233 -0.573852
11263 -0.573837
10092 -0.573822
09792 -0.57379
07652 -0.573778
10755 -0.573755
18613 -0.573751
08607 -0.573698
08658 -0.573698
08710 -0.573698
09218 -0.573658
13844 -0.573658
14343 -0.573604
16744 -0.573563
02223 -0.573486
12227 -0.573385
11919 -0.573359
06931 -0.573349
16977 -0.573341
11545 -0.573239
17332 -0.573225
13880 -0.573182
13315 -0.57315
13544 -0.57315
01309 -0.573148
06263 -0.573148
14005 -0.573066
16525 -0.573059
11804 -0.573042
11200 -0.573029
04881 -0.573018
13445 -0.572948
02576 -0.572933
13399 -0.572931
15206 -0.572904
04240 -0.572866
10354 -0.572803
06705 -0.572644
18274 -0.572516
08871 -0.572471
12523 -0.572428
01325 -0.572402
15510 -0.572341
06906 -0.572178
05905 -0.572168
04682 -0.572159
08678 -0.57209
06690 -0.572006
09037 -0.572006
11673 -0.572006
07080 -0.571985
03584 -0.571872
14565 -0.571787
01382 -0.571674
06965 -0.571643
06920 -0.571537
03661 -0.571501
09781 -0.571481
12501 -0.571369
05945 -0.57112
04188 -0.571103
09871 -0.571098
01933 -0.570866
15550 -0.570859
10796 -0.570775
08194 -0.570708
13650 -0.570703
17523 -0.570658
01457 -0.570557
09217 -0.570364
10542 -0.57012
09745 -0.569726
09880 -0.568479
00341 -0.568099
00326 -0.568054
