10963 -0.957949
12163 -0.949539
08005 -0.947845
11696 -0.947193
19710 -0.946603
10966 -0.944858
02409 -0.944183
07914 -0.942621
01524 -0.941892
02342 -0.939551
11470 -0.938945
04273 -0.937639
03971 -0.937537
09029 -0.937512
04370 -0.937031
05898 -0.936196
02167 -0.936046
13203 -0.935597
00202 -0.934961
02316 -0.934885
08337 -0.934259
13148 -0.933973
08582 -0.933245
13110 -0.932125
10924 -0.930771
07048 -0.930728
06257 -0.930309
02751 -0.929994
05051 -0.929749
05501 -0.928968
02212 -0.928858
05013 -0.928409
11588 -0.928219
07830 -0.928051
05100 -0.927956
02856 -0.927819
00456 -0.927691
20564 -0.927565
02089 -0.927208
07676 -0.926886
12078 -0.926839
12379 -0.926456
00621 -0.926092
08995 -0.925925
19475 -0.925614
04363 -0.925377
21214 -0.925214
02754 -0.925163
02335 -0.925061
20927 -0.924517
06850 -0.924303
16625 -0.924092
12239 -0.923988
16888 -0.92397
08318 -0.923757
11568 -0.923757
07439 -0.923504
12294 -0.923431
05452 -0.923282
05968 -0.922848
08487 -0.922672
00038 -0.92235
00151 -0.92234
06522 -0.922312
16346 -0.921962
10478 -0.921412
20969 -0.921291
15259 -0.921072
20736 -0.920345
13118 -0.920301
02304 -0.919871
05576 -0.919629
20988 -0.919552
05316 -0.919489
05931 -0.919472
06094 -0.919209
04457 -0.919045
11308 -0.918861
12176 -0.918723
20600 -0.918564
09807 -0.918425
14569 -0.918342
12079 -0.918274
07330 -0.918209
04504 -0.917693
05738 -0.917664
06123 -0.917618
21055 -0.917607
01543 -0.917562
04620 -0.917512
16848 -0.917418
19440 -0.917228
16812 -0.917185
08794 -0.917013
09003 -0.91689
01752 -0.916808
19474 -0.916456
08339 -0.916211
10879 -0.916019
04797 -0.915989
20779 -0.915977
16804 -0.915661
07229 -0.915653
09610 -0.915504
10008 -0.915357
08292 -0.91486
01375 -0.914767
21242 -0.914596
01033 -0.914538
10254 -0.914316
15094 -0.914002
06837 -0.913724
21192 -0.913631
00013 -0.913356
20206 -0.913302
20803 -0.913144
12715 -0.913115
11336 -0.91291
07449 -0.912851
07739 -0.912825
00601 -0.912762
05602 -0.912761
05422 -0.912634
03680 -0.912498
09425 -0.912405
01404 -0.912386
12042 -0.912258
12562 -0.912221
06232 -0.912159
16808 -0.912056
10974 -0.911899
03626 -0.911624
06323 -0.911482
12659 -0.911459
06466 -0.911439
07621 -0.91126
02602 -0.911234
04361 -0.911207
06298 -0.911171
20802 -0.911072
20947 -0.911057
12149 -0.911021
06181 -0.910894
02826 -0.910821
11754 -0.910813
10851 -0.910753
05492 -0.910457
06765 -0.910441
05530 -0.910364
12098 -0.91036
10853 -0.910279
02337 -0.910247
10923 -0.910148
08935 -0.909975
02437 -0.909945
20507 -0.909891
05018 -0.90988
08580 -0.90965
03634 -0.909592
01564 -0.90956
21135 -0.90953
11689 -0.909409
11115 -0.909314
05976 -0.9093
15336 -0.909293
10097 -0.909239
20226 -0.909106
10500 -0.909033
07826 -0.908898
20161 -0.908879
18830 -0.908776
04747 -0.908764
00065 -0.908714
11132 -0.908502
07096 -0.908444
02309 -0.908324
03994 -0.908227
03543 -0.908136
02562 -0.908131
01877 -0.907772
18052 -0.907681
12166 -0.907655
16705 -0.90735
15130 -0.90732
09576 -0.907254
01532 -0.907215
19651 -0.907213
01011 -0.907162
02938 -0.907121
16348 -0.907059
06701 -0.906966
02519 -0.906909
16441 -0.906872
09049 -0.906838
05632 -0.906819
20583 -0.906793
14300 -0.906792
01494 -0.906495
06051 -0.90642
20357 -0.906381
06242 -0.906244
21049 -0.906109
08969 -0.906071
08915 -0.906047
07838 -0.905854
04775 -0.905668
04581 -0.905517
03713 -0.905505
00848 -0.905468
20672 -0.905425
05312 -0.905369
08981 -0.905332
03806 -0.905148
03557 -0.905039
06681 -0.904987
08291 -0.90491
20455 -0.904876
11687 -0.904819
20255 -0.904738
19850 -0.904613
14971 -0.904532
04378 -0.904502
09818 -0.904476
07115 -0.904465
20498 -0.904441
11878 -0.904427
06078 -0.904386
09267 -0.90423
06551 -0.904228
20825 -0.90422
02674 -0.904206
02484 -0.904153
08750 -0.904109
06138 -0.904087
05657 -0.903559
02350 -0.90344
20735 -0.903076
10032 -0.902989
17543 -0.902967
02320 -0.902778
20135 -0.902765
10165 -0.902758
10597 -0.902703
18645 -0.902691
07410 -0.902604
20176 -0.902603
01181 -0.902498
08027 -0.90242
20658 -0.902379
00466 -0.902008
08447 -0.901972
08340 -0.901967
04000 -0.901939
15777 -0.901911
04155 -0.90189
00538 -0.901866
03895 -0.901844
03631 -0.901809
20791 -0.901734
11980 -0.901707
10973 -0.901585
01137 -0.901583
02249 -0.901365
00169 -0.901361
21406 -0.901359
12085 -0.901351
17655 -0.901243
19815 -0.901164
02866 -0.90116
19267 -0.901153
19966 -0.901136
04337 -0.901133
00586 -0.900983
18719 -0.900944
04914 -0.90092
04184 -0.900888
08577 -0.900865
15482 -0.900865
09378 -0.900823
04385 -0.900809
03545 -0.900759
10174 -0.900717
11578 -0.900548
10870 -0.900537
21068 -0.900523
20746 -0.900497
15679 -0.900436
06211 -0.900424
02693 -0.900389
05105 -0.90036
06496 -0.900266
14985 -0.9002
01446 -0.900152
03909 -0.900113
20660 -0.90009
02708 -0.90004
09937 -0.900008
09091 -0.899987
03853 -0.899983
16284 -0.899832
00528 -0.899779
05725 -0.899727
11700 -0.89972
08893 -0.899716
20984 -0.899707
17035 -0.899451
08742 -0.899354
00680 -0.899219
09334 -0.89917
15211 -0.899111
17848 -0.899087
01638 -0.899079
00592 -0.899044
16801 -0.899042
03697 -0.89901
08335 -0.898888
07948 -0.898695
00024 -0.898542
09311 -0.898497
16551 -0.898492
09103 -0.89836
06668 -0.898228
05055 -0.898209
12893 -0.898165
20535 -0.898014
08899 -0.897998
15899 -0.897972
15969 -0.897878
18068 -0.897755
21356 -0.89775
01525 -0.897648
11109 -0.897535
09994 -0.897498
00859 -0.897491
01469 -0.897473
21196 -0.89742
11993 -0.897066
20400 -0.896819
08767 -0.896726
10253 -0.896722
20747 -0.896718
05314 -0.896501
18606 -0.896486
21295 -0.896458
11019 -0.896451
10601 -0.896444
15233 -0.896329
09427 -0.896323
11976 -0.89615
00594 -0.896112
00098 -0.896067
09815 -0.896
20630 -0.895909
21016 -0.895575
12904 -0.895488
11429 -0.895483
21441 -0.895398
08488 -0.895328
16454 -0.895323
10196 -0.895293
10393 -0.895228
00646 -0.895174
21195 -0.895171
07192 -0.895139
21388 -0.895118
10094 -0.895071
21420 -0.895042
06504 -0.894927
16817 -0.894908
02834 -0.894877
01633 -0.89485
04021 -0.894835
19427 -0.894822
09287 -0.894818
09441 -0.894817
07184 -0.894798
02188 -0.894658
01188 -0.894624
19466 -0.89459
06809 -0.89458
20470 -0.894529
20648 -0.894495
06729 -0.894487
01643 -0.894463
08313 -0.894402
07620 -0.894332
02613 -0.894331
10840 -0.894253
09274 -0.894186
12649 -0.894119
07432 -0.894101
02092 -0.894021
11300 -0.893941
08810 -0.893936
07476 -0.8939
16561 -0.893876
17034 -0.893873
02266 -0.893866
21448 -0.893738
02276 -0.893722
06325 -0.893659
21109 -0.893614
04911 -0.893574
02028 -0.893414
02548 -0.893409
05592 -0.893259
04194 -0.893092
12505 -0.893092
20915 -0.89306
02016 -0.893023
01301 -0.892972
20900 -0.892971
01452 -0.892958
15205 -0.892872
20904 -0.892847
20561 -0.892834
01706 -0.892703
09839 -0.892691
11977 -0.89265
07836 -0.892532
01191 -0.892522
15145 -0.892407
06485 -0.892376
17788 -0.89234
02691 -0.892334
12382 -0.892302
00780 -0.892301
19648 -0.892225
16719 -0.892159
16916 -0.89212
04276 -0.892103
10529 -0.892087
17967 -0.892056
11058 -0.89198
06523 -0.891885
09566 -0.891862
19803 -0.89179
16372 -0.891753
21081 -0.891745
05317 -0.891703
12296 -0.891492
09625 -0.89145
16865 -0.891409
20419 -0.891342
14954 -0.891301
12169 -0.891295
20279 -0.891188
05573 -0.891183
00138 -0.891113
02149 -0.891072
01768 -0.891016
04930 -0.89099
21286 -0.890953
16798 -0.890901
07774 -0.890831
04745 -0.890711
08364 -0.890657
01344 -0.890627
12572 -0.890568
20443 -0.890521
21437 -0.890465
06149 -0.890457
08457 -0.890446
21106 -0.890436
21224 -0.890419
06273 -0.890377
11307 -0.890377
06642 -0.890348
06187 -0.89034
11685 -0.890276
01642 -0.89019
09605 -0.890102
03768 -0.8901
11690 -0.890067
02658 -0.890059
20837 -0.890032
09894 -0.890029
04216 -0.889961
05624 -0.889895
01837 -0.889877
20706 -0.889874
00037 -0.889873
20119 -0.889808
02479 -0.889792
03343 -0.889764
07884 -0.889713
14983 -0.889676
03860 -0.889634
19142 -0.889536
09238 -0.889485
02580 -0.889481
09860 -0.889409
06271 -0.889367
07074 -0.889367
11338 -0.889327
10925 -0.88931
04341 -0.889308
02568 -0.889277
20235 -0.889184
15852 -0.888904
18166 -0.888841
10040 -0.888811
09896 -0.888779
18769 -0.888737
20569 -0.888726
11904 -0.888707
20223 -0.888703
01124 -0.888653
07922 -0.888587
21044 -0.888475
21352 -0.888416
14963 -0.888402
16422 -0.888372
12705 -0.888352
05076 -0.888339
01314 -0.888335
02687 -0.888238
05582 -0.888183
08036 -0.888168
01128 -0.888145
02700 -0.888109
17544 -0.888092
04358 -0.888038
05367 -0.887988
16324 -0.887877
02471 -0.887788
20207 -0.887772
09475 -0.88776
05072 -0.8877
01541 -0.887633
03958 -0.887618
09939 -0.887616
10884 -0.887554
20463 -0.887508
01655 -0.887486
04420 -0.887471
05741 -0.887425
20337 -0.887422
16807 -0.88741
05723 -0.887334
20976 -0.887307
10089 -0.8873
01759 -0.887285
16599 -0.887285
11305 -0.887243
07953 -0.887178
10083 -0.887064
15065 -0.887054
12624 -0.886949
10532 -0.886947
21176 -0.886911
05461 -0.886878
12110 -0.886822
03786 -0.886743
13214 -0.88674
20885 -0.886621
12255 -0.886463
01271 -0.88642
21233 -0.886301
14744 -0.886278
12258 -0.886141
05297 -0.886138
15985 -0.886093
04901 -0.88608
16918 -0.886011
20480 -0.885956
21283 -0.885939
06458 -0.885902
16206 -0.885895
05716 -0.885819
02252 -0.88579
19957 -0.885553
02047 -0.885533
01846 -0.885495
19304 -0.885484
13113 -0.885453
15104 -0.885447
16458 -0.885431
04934 -0.885423
16642 -0.885383
00596 -0.88537
10964 -0.885345
00606 -0.885343
12898 -0.885287
16480 -0.885258
02518 -0.885239
16410 -0.885193
20640 -0.885176
03801 -0.885166
04288 -0.885147
18828 -0.885127
15613 -0.885044
01200 -0.885016
09970 -0.885012
12664 -0.88501
00642 -0.884986
15669 -0.884975
09260 -0.884973
11966 -0.884793
15797 -0.88475
21215 -0.884748
21414 -0.884716
16342 -0.884702
21255 -0.884698
10119 -0.884585
16371 -0.884529
06830 -0.884503
08219 -0.884452
09231 -0.884435
12182 -0.88439
20338 -0.884367
05566 -0.884356
20233 -0.884334
14630 -0.884304
00183 -0.884285
07728 -0.88426
01853 -0.884259
19357 -0.884223
02561 -0.884214
01650 -0.88415
06227 -0.88404
20380 -0.884027
00774 -0.883907
05494 -0.88382
02227 -0.8838
20339 -0.883726
06244 -0.883679
05654 -0.883635
02234 -0.883605
07762 -0.883582
05475 -0.883545
01610 -0.883499
20593 -0.883492
21325 -0.883484
20793 -0.883466
10907 -0.88344
00210 -0.883368
16244 -0.883367
02488 -0.883357
05483 -0.883352
21415 -0.883352
01528 -0.883318
08317 -0.883305
02789 -0.883279
12031 -0.88322
08860 -0.883207
07359 -0.883189
02005 -0.883171
10855 -0.883167
04805 -0.88316
19369 -0.883149
21219 -0.882964
00731 -0.882942
03785 -0.882942
10046 -0.882924
20110 -0.882847
20166 -0.882845
06288 -0.882843
03730 -0.882832
07883 -0.882828
11452 -0.882825
15888 -0.882766
20201 -0.882753
01602 -0.882726
08559 -0.882714
21281 -0.882696
06274 -0.882674
01364 -0.882608
08985 -0.882571
20412 -0.882569
09333 -0.882553
21447 -0.882469
02887 -0.882434
21386 -0.882423
20949 -0.882362
20715 -0.882299
05084 -0.882238
05495 -0.882224
16913 -0.882217
06540 -0.882193
19854 -0.882149
11302 -0.882111
04892 -0.882066
03989 -0.882022
20937 -0.881977
21488 -0.881909
04554 -0.8819
20838 -0.881873
06005 -0.881868
03667 -0.881867
04788 -0.881839
04972 -0.881757
03669 -0.881754
21237 -0.881746
15126 -0.881717
10534 -0.881696
07404 -0.881612
00625 -0.881575
10538 -0.881562
07261 -0.881561
15327 -0.88156
12334 -0.881554
02478 -0.88145
11046 -0.881334
16615 -0.881323
16912 -0.88131
00041 -0.881284
20497 -0.881273
11317 -0.881252
08892 -0.881232
09502 -0.881188
18732 -0.881177
07444 -0.881172
00837 -0.88117
15733 -0.881165
21479 -0.88116
21480 -0.881139
12353 -0.881136
16230 -0.88113
03721 -0.881126
03676 -0.880931
15821 -0.880927
06459 -0.880921
20249 -0.880871
20651 -0.880747
05034 -0.880643
06601 -0.880568
02459 -0.88051
12631 -0.880489
20771 -0.880456
05991 -0.88045
03903 -0.88023
16045 -0.880172
21337 -0.880168
12520 -0.880095
08997 -0.880091
20968 -0.880085
11106 -0.880076
06254 -0.879982
02033 -0.879945
05356 -0.879918
04307 -0.879892
09097 -0.879876
21436 -0.879861
12077 -0.879791
09235 -0.879756
09961 -0.879752
14646 -0.879737
04257 -0.879704
15704 -0.879693
19887 -0.879622
01585 -0.87962
03755 -0.879568
20913 -0.879526
10381 -0.879521
20421 -0.879519
20269 -0.879507
10564 -0.87942
05543 -0.879371
20185 -0.879312
08391 -0.87931
01435 -0.879294
06711 -0.879265
16022 -0.87924
08388 -0.879222
17811 -0.879208
05544 -0.879148
20368 -0.879105
14524 -0.879096
05339 -0.878996
11629 -0.878918
18703 -0.878913
16440 -0.878904
20240 -0.878904
01109 -0.878889
18076 -0.878889
20391 -0.878868
21194 -0.878852
16569 -0.878764
04960 -0.87876
20191 -0.878755
09312 -0.878752
04759 -0.878731
21208 -0.878697
20407 -0.878665
18326 -0.878656
20393 -0.878632
06165 -0.878616
14968 -0.878529
12380 -0.878519
11630 -0.878493
04920 -0.878446
15354 -0.878436
16662 -0.878393
21324 -0.878365
08731 -0.878288
06641 -0.878265
08521 -0.87826
06759 -0.878205
02667 -0.878187
09647 -0.878174
20376 -0.878171
13165 -0.878146
00640 -0.878125
00734 -0.878069
19790 -0.87801
04755 -0.877963
20170 -0.877929
06179 -0.877887
08879 -0.877729
01722 -0.877712
00715 -0.877676
02820 -0.877603
05677 -0.877492
01327 -0.877491
21132 -0.877437
20975 -0.877387
15944 -0.877362
00557 -0.877353
18180 -0.877348
10600 -0.877346
06672 -0.877307
08407 -0.877287
00399 -0.877272
01554 -0.877243
04015 -0.877243
08579 -0.87724
11697 -0.877236
13032 -0.877234
05600 -0.877223
19978 -0.877193
19178 -0.877138
01872 -0.877088
18646 -0.877073
06234 -0.87702
12341 -0.877018
05095 -0.876987
06146 -0.87698
18699 -0.876947
08708 -0.876889
12061 -0.876832
20918 -0.876829
08286 -0.876812
21014 -0.876719
08925 -0.876701
03900 -0.876685
19644 -0.87665
21199 -0.876645
01384 -0.876604
18096 -0.876574
10980 -0.876494
05595 -0.876444
05029 -0.876318
09111 -0.876315
15590 -0.876313
04476 -0.876307
06552 -0.876295
09366 -0.876255
20671 -0.876226
06679 -0.876212
16016 -0.876189
09263 -0.876184
17616 -0.876173
17802 -0.876147
20471 -0.876126
20143 -0.876109
20183 -0.876109
04292 -0.876052
16890 -0.876036
07339 -0.87603
01010 -0.876028
11549 -0.87596
05682 -0.875936
02253 -0.875901
19029 -0.875889
20794 -0.875885
17496 -0.87587
05327 -0.875868
05744 -0.875826
05359 -0.875738
11569 -0.875698
08399 -0.875677
20476 -0.875667
04472 -0.875639
06104 -0.875625
00986 -0.875611
02748 -0.875603
06584 -0.875595
01608 -0.875588
04239 -0.875571
08026 -0.87557
04777 -0.875374
05050 -0.875322
16886 -0.875312
04205 -0.875272
03874 -0.87526
08296 -0.875228
08530 -0.875217
08965 -0.875111
12516 -0.875104
19862 -0.875025
04791 -0.874949
20531 -0.874822
09317 -0.874731
20784 -0.874667
03894 -0.87465
05950 -0.874572
09237 -0.874547
20954 -0.874395
16448 -0.874381
20804 -0.874358
08970 -0.874343
15632 -0.874318
14285 -0.874238
12154 -0.874229
20213 -0.874226
15326 -0.874205
04820 -0.874198
01177 -0.874168
11705 -0.874151
16337 -0.874067
05982 -0.874063
20499 -0.873979
13615 -0.873977
02761 -0.873818
12914 -0.873757
02918 -0.873662
05015 -0.873583
12362 -0.873569
20650 -0.873549
07113 -0.873522
11877 -0.873491
20557 -0.873489
21203 -0.873454
03870 -0.873446
01293 -0.87344
20140 -0.873421
20392 -0.87342
21165 -0.87342
07438 -0.873414
10891 -0.873378
00533 -0.873346
11543 -0.873305
04803 -0.873267
21300 -0.873261
04644 -0.87326
16478 -0.873213
12704 -0.873156
20334 -0.873013
09034 -0.872996
04954 -0.872962
20502 -0.872946
20657 -0.87294
02112 -0.872869
12506 -0.87285
20237 -0.872845
18047 -0.872811
16294 -0.872804
19254 -0.872773
16400 -0.872684
09101 -0.872664
08300 -0.872591
00773 -0.872578
19374 -0.87251
08946 -0.872465
19915 -0.872456
15221 -0.872444
20385 -0.872442
04220 -0.872403
06491 -0.872324
18062 -0.872287
01849 -0.872259
01284 -0.872186
18308 -0.872182
09346 -0.872161
18832 -0.872137
00449 -0.872123
06213 -0.872054
20291 -0.871981
16360 -0.871917
03247 -0.871864
15832 -0.871847
08001 -0.871846
00605 -0.871808
20165 -0.871788
05089 -0.871759
10027 -0.871755
01677 -0.871697
04157 -0.871646
20252 -0.871646
06880 -0.871639
06130 -0.871631
09598 -0.871623
11481 -0.8716
05669 -0.871579
11529 -0.871536
20274 -0.871484
03668 -0.871457
02839 -0.871425
17975 -0.871423
01245 -0.871407
03850 -0.871382
12613 -0.871359
01229 -0.871348
04357 -0.871329
10390 -0.871304
16619 -0.87129
20634 -0.871266
20800 -0.871237
01096 -0.871152
01320 -0.871094
06198 -0.871093
08226 -0.87106
06454 -0.871036
02645 -0.870971
21284 -0.870967
11060 -0.870948
14103 -0.870926
04732 -0.870919
15886 -0.870911
21385 -0.870866
15680 -0.87084
08229 -0.870831
10235 -0.870778
00783 -0.870764
20273 -0.870639
20309 -0.870639
09316 -0.870621
06495 -0.870618
04475 -0.870536
20920 -0.87025
05758 -0.870225
00603 -0.870221
20473 -0.870091
18648 -0.870055
02483 -0.87002
04460 -0.869975
09611 -0.869948
07734 -0.869941
21453 -0.86993
01122 -0.869917
11566 -0.869902
07157 -0.869862
21234 -0.869851
20304 -0.869834
12658 -0.869824
09066 -0.869791
10556 -0.86975
21442 -0.869651
01355 -0.869629
10499 -0.869502
06173 -0.869464
20138 -0.86943
08425 -0.869413
01351 -0.869411
20308 -0.869389
20586 -0.86935
06297 -0.86932
07516 -0.869258
09562 -0.86924
12616 -0.86922
20440 -0.869197
03637 -0.869186
21490 -0.869058
09652 -0.869055
06055 -0.869048
00490 -0.868972
21146 -0.868909
08017 -0.868867
16725 -0.868833
07743 -0.868832
00483 -0.868779
03771 -0.868757
20214 -0.868618
20358 -0.868578
16432 -0.868538
04814 -0.868425
00581 -0.868324
20180 -0.868286
04794 -0.868109
10999 -0.868069
11499 -0.868024
15189 -0.867986
17031 -0.86795
07092 -0.867927
16347 -0.867906
00126 -0.86783
09525 -0.8678
14960 -0.867796
20728 -0.867759
07191 -0.867749
07388 -0.867712
07887 -0.867698
16418 -0.867698
20218 -0.867698
09273 -0.867672
06010 -0.867662
20979 -0.867641
20814 -0.867615
08047 -0.867543
21275 -0.867535
06738 -0.867492
10185 -0.867381
00027 -0.867338
16606 -0.867324
21034 -0.867288
12570 -0.867271
04169 -0.867246
16910 -0.867238
20479 -0.867185
21349 -0.86708
20256 -0.86707
06549 -0.867044
20817 -0.866988
02877 -0.866928
16797 -0.866927
20673 -0.866914
06573 -0.866814
01445 -0.866806
08826 -0.866766
17753 -0.866762
20562 -0.866738
07226 -0.866729
21191 -0.866604
16715 -0.866582
00728 -0.86657
21383 -0.866528
15477 -0.866492
16376 -0.866416
21264 -0.866307
20319 -0.866296
11721 -0.866275
05426 -0.866268
14388 -0.866238
13026 -0.866214
05437 -0.86621
05594 -0.866181
11967 -0.866096
18155 -0.866073
19655 -0.866035
14622 -0.866024
02275 -0.866006
00861 -0.865999
08745 -0.865967
00968 -0.865934
09963 -0.865921
05354 -0.865916
12869 -0.865836
08740 -0.865706
13064 -0.865691
08409 -0.865687
16030 -0.865687
06670 -0.865668
20414 -0.865656
16380 -0.865593
11443 -0.865536
01438 -0.865535
09389 -0.865473
12063 -0.865466
04782 -0.865434
01003 -0.865296
09250 -0.865247
02460 -0.865245
20833 -0.865211
05679 -0.865208
20374 -0.865206
20822 -0.865197
15723 -0.86518
00212 -0.865148
09930 -0.865059
00846 -0.865032
04372 -0.865031
06594 -0.86503
02663 -0.865026
20154 -0.864969
07483 -0.864923
21218 -0.86492
05321 -0.864798
19723 -0.864786
15243 -0.864716
06084 -0.864703
04218 -0.864687
07190 -0.864682
11635 -0.864654
11478 -0.864636
06620 -0.86461
01258 -0.864557
07495 -0.864524
04014 -0.864517
15152 -0.864485
00530 -0.864467
02752 -0.864434
00573 -0.864409
16492 -0.864395
02101 -0.864351
02182 -0.864291
05911 -0.864215
21450 -0.864208
16228 -0.864197
05535 -0.864193
21418 -0.864182
00598 -0.864164
21346 -0.86414
06747 -0.864056
10411 -0.864039
20118 -0.864037
20813 -0.864037
02333 -0.864001
19657 -0.863972
00388 -0.863874
21457 -0.86385
00644 -0.863805
21125 -0.863746
00569 -0.863696
03977 -0.863695
06799 -0.863647
03740 -0.863622
11990 -0.863554
16608 -0.863533
07106 -0.863527
20826 -0.863526
05565 -0.86352
10561 -0.863487
09558 -0.863478
06447 -0.863411
06779 -0.86341
07133 -0.863399
02619 -0.863395
03738 -0.863391
07455 -0.863359
20189 -0.863352
08738 -0.863314
20768 -0.863293
00011 -0.863291
06524 -0.862979
05407 -0.862977
21266 -0.862948
05415 -0.862945
08868 -0.86286
07276 -0.862852
02929 -0.862789
00066 -0.862773
07139 -0.86267
07302 -0.862652
16301 -0.862644
07331 -0.862578
05969 -0.862566
21095 -0.862525
18120 -0.862491
20344 -0.862472
21175 -0.862459
16806 -0.862452
07726 -0.862403
07880 -0.862379
20129 -0.862349
04185 -0.862346
08424 -0.862337
21117 -0.862175
17556 -0.862082
20894 -0.862077
05994 -0.861989
20567 -0.86198
06073 -0.861973
02567 -0.861967
17685 -0.861912
18953 -0.861907
04517 -0.861901
06105 -0.861898
06017 -0.861858
08236 -0.861858
20450 -0.861794
00484 -0.861728
21403 -0.861723
20169 -0.861677
11112 -0.861604
20527 -0.861574
21334 -0.86157
02136 -0.861527
20652 -0.861517
04404 -0.861491
16275 -0.861475
00619 -0.861446
06609 -0.861445
21226 -0.861428
20152 -0.861422
07505 -0.861414
07468 -0.861388
20468 -0.861352
17751 -0.861335
07954 -0.861321
21178 -0.861239
21474 -0.861237
10919 -0.861198
20387 -0.861158
20639 -0.861124
11713 -0.861081
18294 -0.861078
21463 -0.861039
02048 -0.861034
02205 -0.860998
01449 -0.860992
04451 -0.860908
09810 -0.860904
15851 -0.860881
05538 -0.860872
12266 -0.860872
06283 -0.860781
06115 -0.86076
20278 -0.860728
05090 -0.860719
08297 -0.860716
15028 -0.860687
20144 -0.860683
15307 -0.860673
09399 -0.860561
11621 -0.86056
00201 -0.860555
02055 -0.860503
20442 -0.860387
01644 -0.860314
08262 -0.860281
03585 -0.860241
12153 -0.860173
08999 -0.860145
03946 -0.860137
08814 -0.86002
19459 -0.859984
01091 -0.859979
04141 -0.859938
21432 -0.859923
21489 -0.859897
00535 -0.859894
05549 -0.859851
20324 -0.859836
20120 -0.859829
01689 -0.859778
12391 -0.85977
13717 -0.859746
20659 -0.859708
11031 -0.859671
15188 -0.859663
00392 -0.859624
21038 -0.859555
20363 -0.859476
18713 -0.859314
20680 -0.859304
11424 -0.859293
05416 -0.859278
19933 -0.859226
09511 -0.859124
19610 -0.859109
07272 -0.859098
05925 -0.859079
07857 -0.858945
12364 -0.85893
11565 -0.858929
21460 -0.85889
21232 -0.85888
03359 -0.858762
11416 -0.858747
03954 -0.85872
18627 -0.858712
06840 -0.858696
20938 -0.858683
11340 -0.858665
20448 -0.858652
00560 -0.858641
12346 -0.858609
06243 -0.858581
20401 -0.858575
03629 -0.858569
20807 -0.858536
03672 -0.85849
00781 -0.858489
00572 -0.858446
05313 -0.858423
02148 -0.858399
17988 -0.858373
00455 -0.85837
20812 -0.858351
01101 -0.858262
20789 -0.858241
04346 -0.858217
01311 -0.858216
01381 -0.85821
04012 -0.858179
15144 -0.858179
15207 -0.858147
06175 -0.858119
21254 -0.858073
20340 -0.858053
20257 -0.858031
20528 -0.858019
21413 -0.858013
20221 -0.858009
16377 -0.857976
01225 -0.857966
02593 -0.857944
20171 -0.857943
11896 -0.857912
00620 -0.85791
17558 -0.857888
16799 -0.857758
08986 -0.85767
05913 -0.857669
20664 -0.85763
20266 -0.857552
19680 -0.857533
16260 -0.857506
04330 -0.857496
15056 -0.857482
17660 -0.857395
20349 -0.857378
20122 -0.857366
06848 -0.857356
20299 -0.857319
21112 -0.857294
21373 -0.857287
20655 -0.857256
01639 -0.857239
20181 -0.857184
11034 -0.85718
20315 -0.857152
21312 -0.85711
20198 -0.857107
09682 -0.857073
18602 -0.857043
06310 -0.856994
20767 -0.856967
07730 -0.856965
16795 -0.856937
21236 -0.856936
11153 -0.856891
19787 -0.85689
20712 -0.856869
16266 -0.856816
06248 -0.856714
20195 -0.856631
19639 -0.856557
15719 -0.856485
10917 -0.856483
05464 -0.856281
01178 -0.856275
01251 -0.856255
06299 -0.856233
01461 -0.85613
20453 -0.85611
20598 -0.856078
06437 -0.856073
18591 -0.856064
06233 -0.856034
20983 -0.855981
08979 -0.85598
16641 -0.855972
20490 -0.855944
21322 -0.855926
01157 -0.855907
12271 -0.855884
20345 -0.855831
06500 -0.855825
15180 -0.855806
05572 -0.855801
07634 -0.855704
05922 -0.855657
21037 -0.855585
13138 -0.855571
05043 -0.855562
14540 -0.855549
21227 -0.855538
20330 -0.855511
15185 -0.855478
11727 -0.855425
12187 -0.855405
00534 -0.855403
16424 -0.855403
01111 -0.855336
19674 -0.855292
11683 -0.855281
04029 -0.855278
12874 -0.855274
20329 -0.855179
06520 -0.855173
07398 -0.855151
20478 -0.855113
12033 -0.855085
03840 -0.854999
12150 -0.854996
01087 -0.85497
16013 -0.854859
21053 -0.854821
07752 -0.85473
11479 -0.854724
07841 -0.854679
01288 -0.854668
21350 -0.854657
15079 -0.854597
15889 -0.854595
02919 -0.854545
12231 -0.854535
00610 -0.854422
17547 -0.854417
20548 -0.854373
00160 -0.854266
20685 -0.854265
20155 -0.854229
16803 -0.854213
20836 -0.854187
21354 -0.854123
21272 -0.854112
11301 -0.854098
02402 -0.854082
18243 -0.854078
21164 -0.853998
21344 -0.853976
20132 -0.853943
16363 -0.853935
11750 -0.853882
08254 -0.853872
19410 -0.853868
08125 -0.853711
11283 -0.853709
19053 -0.853661
20302 -0.853646
08030 -0.853584
21256 -0.853513
05906 -0.853508
06102 -0.853508
05930 -0.853438
15062 -0.853399
21310 -0.853279
02490 -0.853224
06231 -0.853222
15515 -0.85316
21455 -0.853141
16815 -0.853124
11028 -0.853094
05731 -0.853034
10599 -0.852985
15153 -0.852879
06185 -0.852862
15136 -0.852853
06534 -0.852847
16476 -0.852821
16825 -0.852708
00998 -0.852669
19712 -0.852545
21405 -0.852538
20370 -0.852471
19667 -0.852409
06591 -0.852394
21148 -0.852394
09995 -0.852385
08223 -0.852365
20770 -0.852365
10037 -0.85232
15495 -0.852233
19704 -0.85219
20105 -0.852186
15594 -0.852185
15667 -0.852183
00140 -0.852104
18309 -0.852096
12204 -0.852073
20381 -0.852029
02298 -0.851959
07123 -0.851944
07465 -0.851914
11736 -0.851841
21244 -0.851841
02020 -0.851803
16655 -0.851803
20438 -0.851796
00014 -0.851774
21222 -0.851773
08581 -0.851755
06455 -0.851681
10284 -0.851665
09444 -0.851652
06831 -0.851651
20558 -0.851611
16545 -0.851576
00615 -0.851565
09339 -0.85146
20950 -0.851458
12022 -0.851408
15729 -0.851406
21209 -0.851385
03968 -0.851374
04419 -0.851341
01084 -0.85134
21336 -0.851322
10524 -0.851286
21100 -0.851284
20172 -0.85127
14516 -0.851269
08394 -0.851252
00422 -0.851221
20372 -0.851214
12681 -0.851185
20708 -0.851183
20628 -0.851158
07878 -0.851157
04304 -0.85107
21271 -0.851059
20951 -0.851038
04974 -0.850919
11701 -0.850901
03569 -0.850832
17630 -0.850829
03872 -0.850808
00164 -0.850735
20646 -0.85071
21262 -0.850691
17672 -0.850606
15640 -0.850498
14525 -0.850495
12115 -0.850488
11614 -0.850485
08270 -0.850468
18610 -0.850451
21045 -0.850442
15000 -0.850413
21416 -0.850407
15937 -0.850402
20156 -0.850394
21042 -0.850377
16670 -0.850323
08056 -0.850299
12645 -0.850259
21182 -0.850237
08890 -0.850209
02421 -0.850193
17773 -0.850186
15315 -0.850173
18816 -0.850164
00624 -0.850158
19865 -0.850136
01050 -0.850126
10281 -0.850078
21012 -0.850071
16428 -0.85006
16055 -0.850041
14965 -0.850037
08741 -0.850003
12352 -0.849907
17032 -0.849907
21179 -0.849885
16698 -0.849861
06048 -0.849848
15026 -0.849838
04438 -0.849815
18708 -0.8498
04313 -0.849763
02042 -0.849722
00196 -0.849655
19375 -0.849654
12014 -0.849653
18354 -0.849617
02558 -0.849505
02659 -0.849487
21032 -0.849451
20633 -0.849441
16263 -0.849433
15692 -0.849369
01134 -0.849337
20395 -0.849335
06129 -0.849153
13093 -0.84911
17791 -0.849109
20957 -0.848995
20676 -0.848985
02590 -0.848975
21056 -0.848938
02429 -0.848915
01764 -0.84891
09270 -0.848894
20364 -0.848888
06309 -0.848866
21495 -0.848828
15141 -0.848822
10972 -0.848792
16626 -0.848708
05417 -0.848664
04494 -0.848637
20314 -0.848621
05078 -0.848502
07491 -0.848344
12915 -0.848291
15172 -0.848284
05048 -0.848278
16317 -0.848245
16269 -0.84817
16635 -0.848168
01007 -0.848162
12596 -0.848155
18829 -0.848066
07072 -0.848064
12721 -0.848057
07459 -0.848051
14958 -0.848035
21446 -0.848035
07544 -0.847877
03582 -0.847842
07128 -0.847809
05532 -0.847808
11047 -0.847785
21231 -0.847732
13114 -0.847696
04142 -0.847686
16319 -0.847667
16291 -0.847632
02801 -0.847599
09301 -0.847532
07078 -0.847503
16365 -0.847434
01460 -0.84738
06865 -0.847366
20284 -0.847351
16858 -0.847344
02757 -0.847281
18242 -0.847189
20974 -0.84715
11684 -0.847128
06279 -0.847067
04100 -0.847062
02750 -0.847032
06306 -0.847027
17661 -0.84702
11494 -0.846998
00699 -0.846988
08793 -0.846976
07828 -0.846929
02194 -0.846864
21139 -0.846762
20926 -0.846672
12351 -0.846619
08865 -0.846614
11503 -0.846554
06533 -0.846533
01017 -0.846433
06418 -0.846424
13092 -0.84639
08289 -0.846359
16385 -0.846326
20117 -0.846289
20695 -0.846199
07338 -0.846198
20174 -0.846197
16654 -0.846196
21212 -0.846179
02850 -0.84616
00886 -0.846088
01108 -0.846048
09486 -0.846032
16246 -0.846019
20566 -0.845995
06311 -0.845951
06420 -0.845778
02099 -0.845751
21330 -0.845692
19170 -0.84569
19171 -0.84569
10108 -0.845632
20246 -0.845565
06476 -0.845542
21189 -0.845529
20151 -0.84552
21113 -0.845509
20148 -0.845467
15695 -0.845455
21105 -0.845433
20523 -0.845416
03602 -0.845381
10598 -0.845243
16486 -0.845168
03695 -0.845123
21047 -0.844929
06505 -0.844922
21248 -0.844883
01205 -0.844839
11733 -0.844615
20972 -0.844596
06172 -0.844587
16315 -0.844518
06969 -0.844509
18718 -0.844398
11649 -0.844279
10227 -0.84426
11564 -0.84424
16388 -0.844237
20910 -0.844147
12511 -0.84413
00887 -0.843993
20606 -0.84394
20150 -0.843937
18249 -0.843882
20286 -0.843837
12569 -0.843762
13695 -0.843725
18997 -0.843709
16297 -0.843669
11570 -0.843659
06696 -0.843593
20215 -0.843587
17834 -0.843583
13890 -0.843539
07462 -0.843513
16717 -0.843489
19450 -0.843402
11978 -0.843391
09825 -0.843303
17607 -0.843283
06859 -0.843281
03476 -0.843261
15321 -0.843245
11036 -0.843243
05498 -0.843179
20973 -0.843084
08609 -0.84308
00883 -0.843033
07212 -0.84303
01285 -0.843001
01433 -0.842926
08520 -0.842835
16911 -0.84283
15715 -0.842829
11501 -0.842822
18065 -0.842794
04351 -0.842658
16814 -0.842654
04261 -0.842629
15769 -0.842603
20731 -0.842591
10401 -0.842583
08048 -0.842452
21238 -0.842448
13131 -0.842443
05378 -0.842401
20711 -0.842365
09519 -0.842332
20515 -0.842264
01070 -0.842232
08528 -0.842207
20359 -0.8422
01536 -0.842191
18283 -0.842174
11567 -0.84216
09372 -0.842156
20365 -0.842099
05678 -0.842047
16350 -0.842036
20545 -0.841981
16664 -0.841885
12306 -0.841804
20798 -0.841699
20896 -0.841626
11168 -0.841595
11898 -0.841576
10225 -0.841559
10130 -0.841515
04219 -0.841505
08169 -0.841474
19365 -0.841422
21166 -0.841387
06680 -0.841365
02279 -0.841359
08350 -0.841346
11128 -0.841265
11354 -0.841254
19424 -0.841249
15002 -0.841233
21142 -0.841192
07079 -0.841057
20670 -0.840991
05901 -0.84092
13854 -0.840885
01117 -0.840846
05444 -0.840827
06787 -0.840753
15822 -0.840656
21221 -0.840608
00758 -0.840585
16623 -0.840563
16810 -0.840548
12207 -0.840463
10053 -0.840399
15027 -0.840353
16592 -0.840337
10943 -0.840213
15844 -0.840085
19642 -0.84007
21173 -0.83999
04376 -0.839964
21390 -0.839944
14995 -0.83993
03312 -0.839887
07735 -0.839879
06313 -0.839877
05815 -0.839835
08275 -0.839825
20187 -0.839819
07188 -0.839763
04827 -0.839739
16802 -0.839672
06041 -0.839587
16539 -0.839578
20147 -0.839578
01861 -0.839543
04089 -0.83953
21181 -0.839502
20696 -0.839415
10035 -0.839383
07915 -0.839378
12972 -0.839293
06134 -0.839222
20384 -0.839213
05046 -0.839191
17808 -0.839162
15984 -0.839106
00739 -0.83909
13122 -0.839067
05128 -0.839066
15668 -0.838995
06440 -0.83898
15070 -0.838979
16598 -0.838917
15790 -0.838907
07994 -0.83884
07120 -0.838828
04258 -0.838776
20883 -0.838705
15978 -0.838704
21302 -0.838704
01529 -0.838699
20494 -0.838696
10430 -0.838695
18048 -0.838625
11622 -0.838597
09973 -0.838551
11407 -0.838536
10215 -0.838427
11306 -0.838421
16665 -0.838287
10983 -0.838264
14566 -0.838221
06529 -0.83822
16809 -0.838176
18721 -0.838075
06669 -0.838045
11333 -0.838028
21211 -0.838022
01428 -0.838021
09428 -0.838005
01059 -0.837833
16530 -0.837806
21114 -0.837805
20205 -0.837786
05308 -0.837698
20654 -0.837667
11111 -0.837563
03624 -0.83752
07061 -0.837485
19647 -0.837352
06771 -0.837324
20353 -0.837226
13031 -0.837104
16461 -0.837065
08619 -0.837056
14998 -0.837047
00579 -0.837041
18875 -0.836999
00698 -0.836998
21316 -0.836909
05894 -0.836904
20271 -0.836875
06475 -0.836835
21022 -0.836819
04729 -0.83672
05764 -0.836651
10573 -0.836506
04792 -0.836491
20371 -0.836387
06743 -0.836335
15842 -0.836266
01317 -0.836095
16221 -0.836084
12674 -0.836008
05680 -0.835963
15359 -0.835948
10201 -0.835937
06785 -0.835917
05451 -0.835803
01569 -0.835722
00539 -0.83567
16819 -0.835665
02458 -0.835624
15566 -0.835563
04999 -0.835526
11667 -0.835514
20173 -0.835449
19168 -0.835444
15023 -0.83543
05926 -0.835404
16533 -0.835379
18481 -0.835285
21378 -0.835265
16585 -0.835081
20378 -0.835074
08858 -0.835044
16818 -0.835006
08481 -0.835
19788 -0.834947
16546 -0.834922
00420 -0.834885
09113 -0.834867
15548 -0.834816
01135 -0.834787
06186 -0.834783
00614 -0.834772
06813 -0.834687
03610 -0.834652
09914 -0.834556
07244 -0.834539
08956 -0.834483
02825 -0.834451
20675 -0.834385
00580 -0.834339
07723 -0.83417
20415 -0.834165
06042 -0.834099
19422 -0.83407
04765 -0.833989
11644 -0.833968
21431 -0.833813
09985 -0.833777
20879 -0.833704
06999 -0.833578
11633 -0.833459
00879 -0.833457
21451 -0.8334
19742 -0.833342
17545 -0.83334
21464 -0.833338
15570 -0.833298
06783 -0.833293
19784 -0.833267
07821 -0.83325
01366 -0.833186
15981 -0.833096
16584 -0.833038
10839 -0.832962
00142 -0.832922
05264 -0.832902
06814 -0.832816
16299 -0.832802
10211 -0.832788
19562 -0.832772
07472 -0.832698
20367 -0.83258
14981 -0.832562
06088 -0.832536
21206 -0.832389
05496 -0.832352
21240 -0.832339
02203 -0.832319
13715 -0.832263
18870 -0.832163
15247 -0.832141
11758 -0.832033
12630 -0.83203
15053 -0.831988
05575 -0.831975
04176 -0.831859
20127 -0.831831
01566 -0.831813
10459 -0.831782
14755 -0.831777
10099 -0.83176
02806 -0.83173
19174 -0.831566
12035 -0.831524
21298 -0.831484
07790 -0.83148
05967 -0.831434
16735 -0.831419
09463 -0.831354
07541 -0.831149
16672 -0.831115
03311 -0.831042
15980 -0.831037
00818 -0.830908
21311 -0.830799
15626 -0.830752
10431 -0.830705
05939 -0.830662
20331 -0.830643
11320 -0.830601
20930 -0.830359
20943 -0.830359
09768 -0.830347
02035 -0.83034
20388 -0.830316
16587 -0.830287
09678 -0.830277
00920 -0.830234
00638 -0.83022
21471 -0.830177
04533 -0.830137
10178 -0.830137
01651 -0.830131
02353 -0.830093
02386 -0.830093
03604 -0.83007
16813 -0.830034
04534 -0.830007
18319 -0.82991
16633 -0.829879
03922 -0.829852
04657 -0.829793
21389 -0.829786
02504 -0.829672
05984 -0.82965
21456 -0.829649
11879 -0.8296
08120 -0.829598
00095 -0.829587
17712 -0.829578
00410 -0.829459
20605 -0.82938
06147 -0.829324
01508 -0.829283
21360 -0.829254
02026 -0.829206
11018 -0.829194
15535 -0.829163
19308 -0.828928
12990 -0.828829
18152 -0.828822
05355 -0.828753
01961 -0.82873
11158 -0.828696
05650 -0.828598
19603 -0.828371
15870 -0.828349
17037 -0.828317
05257 -0.828267
14091 -0.828251
06875 -0.828246
08366 -0.828231
17795 -0.828141
13468 -0.828123
04123 -0.828077
20669 -0.828044
16668 -0.828024
04189 -0.828014
05912 -0.827959
20488 -0.8279
17440 -0.827836
06358 -0.827781
09964 -0.827761
15356 -0.827707
14417 -0.827679
15833 -0.827612
00756 -0.827595
21359 -0.82757
09364 -0.827568
20668 -0.827433
10611 -0.827326
09278 -0.827323
06592 -0.827286
03468 -0.827267
10231 -0.827177
19812 -0.827153
10612 -0.827117
09405 -0.827112
11145 -0.827009
03334 -0.826941
09767 -0.826811
03480 -0.826783
15757 -0.826719
08458 -0.826686
01527 -0.82659
14969 -0.826434
08534 -0.826381
02698 -0.826321
18158 -0.826171
11859 -0.826164
04062 -0.826154
19067 -0.82614
05749 -0.826095
15807 -0.825991
14962 -0.825981
17885 -0.82592
03517 -0.8259
01467 -0.825815
18303 -0.825809
21252 -0.825774
15109 -0.825728
08616 -0.825644
21439 -0.825501
01727 -0.825469
15391 -0.825416
19761 -0.825402
05375 -0.825276
12817 -0.825271
07970 -0.825231
16172 -0.825223
16921 -0.825219
11666 -0.825132
16708 -0.825111
18563 -0.825059
07256 -0.825025
21331 -0.825022
19708 -0.824957
02122 -0.824865
01264 -0.824842
07738 -0.824783
21257 -0.824766
05438 -0.824653
16590 -0.824554
02579 -0.824468
12860 -0.824326
08972 -0.824238
01924 -0.824211
20999 -0.824203
00546 -0.824164
11787 -0.824158
08338 -0.824082
12508 -0.823999
20139 -0.82399
10362 -0.823981
15874 -0.823885
16522 -0.823867
04521 -0.823831
05617 -0.82383
16374 -0.823823
10295 -0.823814
02963 -0.823807
01265 -0.823804
14517 -0.823689
15868 -0.823683
03760 -0.823262
06983 -0.823146
00283 -0.823126
16386 -0.822965
11500 -0.822954
19045 -0.822948
18524 -0.822939
19515 -0.822892
15295 -0.822885
13025 -0.822884
10926 -0.822637
08614 -0.822636
08665 -0.822602
15006 -0.822601
05342 -0.822488
06341 -0.822456
16219 -0.822374
05545 -0.822205
09429 -0.822195
03335 -0.822141
06860 -0.821961
15869 -0.821918
06803 -0.821916
03996 -0.821901
10650 -0.821839
02401 -0.821788
04415 -0.82171
05629 -0.821642
11724 -0.821584
08565 -0.821481
20310 -0.821443
10207 -0.821355
12448 -0.821338
14970 -0.821335
06107 -0.821299
04094 -0.821047
09162 -0.821032
04087 -0.820979
04092 -0.820972
20874 -0.820899
16311 -0.820883
04821 -0.820873
07843 -0.82085
07264 -0.820825
02836 -0.820677
11227 -0.820634
17887 -0.820578
07052 -0.820544
05219 -0.820543
21190 -0.820537
00101 -0.820515
04701 -0.820452
16850 -0.820414
17972 -0.820341
08644 -0.820196
02962 -0.819837
04656 -0.819758
13027 -0.819709
07807 -0.819672
20399 -0.819569
05079 -0.819525
20386 -0.819521
02743 -0.819453
04929 -0.819453
20097 -0.819452
20098 -0.819452
21329 -0.819342
08643 -0.819277
21036 -0.819185
16800 -0.819115
16367 -0.81906
03486 -0.819032
10652 -0.818921
01698 -0.818873
20251 -0.81885
06333 -0.818779
13900 -0.818737
15819 -0.818713
09741 -0.818689
17932 -0.818681
02649 -0.81864
03913 -0.81861
03764 -0.81839
15383 -0.818219
16067 -0.818196
16754 -0.818147
10592 -0.818136
13010 -0.818136
20520 -0.818113
15521 -0.818108
18307 -0.818056
15103 -0.818049
15976 -0.818048
11420 -0.818004
16743 -0.817968
11359 -0.817933
04909 -0.817866
01658 -0.817832
07881 -0.817795
14752 -0.817708
03782 -0.817653
00299 -0.817622
18484 -0.817601
17459 -0.817556
20596 -0.817519
18214 -0.817454
14180 -0.817415
02338 -0.817408
08155 -0.817398
05393 -0.817348
16298 -0.817348
01152 -0.817283
00082 -0.817187
18495 -0.817181
02873 -0.817116
16595 -0.81709
09572 -0.817052
05068 -0.817049
15427 -0.817017
08584 -0.816767
00831 -0.816761
10609 -0.816583
00092 -0.816531
02465 -0.816531
10176 -0.816452
21124 -0.816446
08032 -0.816428
11686 -0.816378
14560 -0.816378
20203 -0.816369
00649 -0.816359
03099 -0.816249
01277 -0.816155
09744 -0.816089
03134 -0.816075
08382 -0.816075
10814 -0.816075
17537 -0.816075
21468 -0.815996
04114 -0.815913
02496 -0.815812
02221 -0.815782
01244 -0.815696
18144 -0.815564
04210 -0.815558
03851 -0.815553
16207 -0.815416
19745 -0.815368
06355 -0.81536
00828 -0.815278
01615 -0.815116
13192 -0.815024
11850 -0.814984
03060 -0.814968
09493 -0.814912
16202 -0.814875
07425 -0.814859
15457 -0.814844
04610 -0.814829
09127 -0.814765
20112 -0.814633
15387 -0.814619
06794 -0.81452
03314 -0.814407
00132 -0.814352
02029 -0.814298
08612 -0.814275
15865 -0.814248
08326 -0.814159
20542 -0.814148
07003 -0.814071
05838 -0.813966
17964 -0.813814
07869 -0.813782
20483 -0.813674
09074 -0.813636
10349 -0.813484
09229 -0.813415
00433 -0.813405
19328 -0.813313
00216 -0.813303
01307 -0.813303
06258 -0.813303
09004 -0.813303
07009 -0.8133
18272 -0.813182
10263 -0.813162
19066 -0.81316
02270 -0.813143
07329 -0.813052
02098 -0.813049
03808 -0.813014
03481 -0.812977
02403 -0.81293
10463 -0.812795
10427 -0.812756
02961 -0.812745
13336 -0.81273
15934 -0.812708
15046 -0.812638
12672 -0.812619
17489 -0.812608
01378 -0.812541
17617 -0.812321
09748 -0.812304
21263 -0.812276
17703 -0.812273
00713 -0.812185
00077 -0.812119
02870 -0.812119
00593 -0.812025
09159 -0.812025
02622 -0.811918
15896 -0.811833
04652 -0.811544
04635 -0.811452
18483 -0.811446
09577 -0.811357
07420 -0.811317
09530 -0.81125
01546 -0.811222
01049 -0.811151
12829 -0.81113
18235 -0.81105
09313 -0.810965
05795 -0.810944
00937 -0.810942
16678 -0.810871
07297 -0.810862
16490 -0.810794
02781 -0.810792
10294 -0.810678
02441 -0.810669
16106 -0.810656
05344 -0.810652
09857 -0.810652
08011 -0.810644
10109 -0.81061
12017 -0.810598
09531 -0.810536
05555 -0.810516
16281 -0.81038
03729 -0.810332
06044 -0.810332
09972 -0.810332
10859 -0.810332
07554 -0.810321
00461 -0.810265
14835 -0.810248
08263 -0.810241
15930 -0.810223
12477 -0.810169
13482 -0.810156
11241 -0.810155
02341 -0.810154
04409 -0.810154
07321 -0.810154
10072 -0.810154
15805 -0.810154
03615 -0.81008
20343 -0.810018
05684 -0.810014
09187 -0.809973
00094 -0.809905
00103 -0.809896
15877 -0.809834
07755 -0.809774
01487 -0.809715
10154 -0.809672
15863 -0.809662
10297 -0.809609
00271 -0.809421
03341 -0.809356
19843 -0.809331
00924 -0.809278
04799 -0.809273
13332 -0.809185
02756 -0.809128
07259 -0.809102
06151 -0.809076
17044 -0.809062
00076 -0.80906
02466 -0.809025
04532 -0.809025
07426 -0.809025
10177 -0.809025
01717 -0.80891
05663 -0.808856
16175 -0.808828
18006 -0.808772
05692 -0.808696
14836 -0.808625
11805 -0.808578
02678 -0.808558
10495 -0.808558
13915 -0.80855
05508 -0.808541
05966 -0.80843
18497 -0.808423
11540 -0.808377
10651 -0.808362
06952 -0.808342
06542 -0.808293
15651 -0.808291
20862 -0.808278
20592 -0.808102
06773 -0.808022
21094 -0.808017
12403 -0.807969
19197 -0.807955
06782 -0.807925
21001 -0.807824
02960 -0.807738
07007 -0.807661
17815 -0.807628
20601 -0.807559
00519 -0.807552
01120 -0.807552
03159 -0.807552
11422 -0.807552
08165 -0.807541
09191 -0.807466
19730 -0.807405
19755 -0.807405
04078 -0.80738
18355 -0.807368
13059 -0.807356
07390 -0.807348
04085 -0.807323
04473 -0.80726
08153 -0.807165
04068 -0.806918
04119 -0.806918
05809 -0.806883
05853 -0.806883
09805 -0.806872
07029 -0.806748
04455 -0.806746
05765 -0.806727
05017 -0.806709
01193 -0.806684
09747 -0.806649
12495 -0.806612
18011 -0.806612
07117 -0.806572
08905 -0.806572
20063 -0.806561
04523 -0.806455
10276 -0.806319
16434 -0.806318
16896 -0.806262
18929 -0.806189
12293 -0.806158
04293 -0.806154
07543 -0.80614
15853 -0.806112
15749 -0.805905
13479 -0.805885
11772 -0.805857
19235 -0.805805
05797 -0.805777
10260 -0.805729
15903 -0.805717
11668 -0.805582
18501 -0.805517
15840 -0.805422
06970 -0.805305
11159 -0.805243
00899 -0.805213
15866 -0.805137
10376 -0.805035
09772 -0.805031
17914 -0.804985
19997 -0.80479
02979 -0.804774
21289 -0.804725
06362 -0.804662
07000 -0.804579
11573 -0.804514
08702 -0.804443
16399 -0.804404
05204 -0.804314
17933 -0.804207
12381 -0.804137
13328 -0.804116
05768 -0.804034
11732 -0.803943
10683 -0.803937
00506 -0.803778
14150 -0.803757
07538 -0.803743
12433 -0.803725
04950 -0.803654
19752 -0.803412
11616 -0.803273
20320 -0.803238
02686 -0.803237
19044 -0.803231
02876 -0.80318
00284 -0.803139
10685 -0.803093
18996 -0.803066
19954 -0.803053
18981 -0.803024
09181 -0.802998
09655 -0.802827
16305 -0.802823
00900 -0.80268
20265 -0.802649
07387 -0.802589
13391 -0.802578
07221 -0.802556
02722 -0.802522
06356 -0.802492
06464 -0.802471
16746 -0.802464
20637 -0.802444
17882 -0.802424
18433 -0.80233
15430 -0.802186
09457 -0.802133
06942 -0.802037
21372 -0.801956
02666 -0.801848
20526 -0.801845
08746 -0.801804
01953 -0.80179
12430 -0.80179
17997 -0.801718
05981 -0.801681
11293 -0.801679
02183 -0.80162
19075 -0.801442
09177 -0.801305
12475 -0.8013
18455 -0.801284
01453 -0.801274
11596 -0.801207
15904 -0.801178
05688 -0.801124
15895 -0.801093
05418 -0.801074
03456 -0.801052
16141 -0.801049
15262 -0.801028
08132 -0.80086
08137 -0.80082
12463 -0.800812
00431 -0.800739
01132 -0.800726
19493 -0.800643
17368 -0.800616
03504 -0.800587
12848 -0.800548
04836 -0.800487
20145 -0.800472
00901 -0.800467
01967 -0.800443
09167 -0.800392
09219 -0.800392
13842 -0.800309
00890 -0.800286
13256 -0.800171
02110 -0.800083
03065 -0.800055
07014 -0.799981
14218 -0.799965
17807 -0.799961
10711 -0.799887
20197 -0.799829
13577 -0.79979
14860 -0.799709
04463 -0.799698
14708 -0.799693
05989 -0.799668
10780 -0.799613
04928 -0.799523
09178 -0.79952
16250 -0.799447
07580 -0.799417
10372 -0.799263
09764 -0.79914
09304 -0.799066
03024 -0.799018
17460 -0.798927
16361 -0.798777
03465 -0.798773
05070 -0.798766
10699 -0.798726
13004 -0.798531
08762 -0.798474
16439 -0.798454
17135 -0.79833
18985 -0.798317
11855 -0.798274
05214 -0.798254
20264 -0.798252
21499 -0.798251
06036 -0.798241
17385 -0.798187
13266 -0.798184
11828 -0.798073
03726 -0.798071
13348 -0.798055
13322 -0.798035
13208 -0.798001
21473 -0.797891
17251 -0.797846
09749 -0.797803
01174 -0.797754
03621 -0.797752
08475 -0.7977
09135 -0.79768
07006 -0.797664
08633 -0.797644
18798 -0.797614
00293 -0.79742
05181 -0.797404
09841 -0.797404
18541 -0.797375
09494 -0.797317
01907 -0.797294
17180 -0.797257
01940 -0.797242
06347 -0.797224
06406 -0.79719
18991 -0.79718
07135 -0.796988
00235 -0.796971
03554 -0.796753
05371 -0.79666
15135 -0.796517
08820 -0.796463
06431 -0.796394
03030 -0.796378
20682 -0.796364
14390 -0.796333
06770 -0.7962
03073 -0.796147
18540 -0.796143
01726 -0.796102
10756 -0.796085
20346 -0.796065
05274 -0.796047
15435 -0.79604
12416 -0.79599
18506 -0.795988
04710 -0.795941
02697 -0.795855
12435 -0.795764
10737 -0.795717
16775 -0.795683
14862 -0.79562
05769 -0.795576
09770 -0.795552
02435 -0.795544
03019 -0.795303
17195 -0.795209
00880 -0.795143
04115 -0.795106
20287 -0.795092
02171 -0.795088
00330 -0.795083
12026 -0.794977
16068 -0.79494
08671 -0.794804
10267 -0.794778
20281 -0.794727
07531 -0.794646
07005 -0.794492
11771 -0.794458
06201 -0.794289
05778 -0.794226
05858 -0.794226
17199 -0.79411
18422 -0.794102
17883 -0.794099
09784 -0.793944
10680 -0.793894
03762 -0.793881
14109 -0.793881
09821 -0.79385
04050 -0.793822
07287 -0.793814
07710 -0.793792
06596 -0.793656
06637 -0.793656
16118 -0.793603
09782 -0.793524
06948 -0.793519
02827 -0.793495
02995 -0.793475
05842 -0.793474
02197 -0.793467
05256 -0.793429
16779 -0.793427
06469 -0.793413
10287 -0.793325
03249 -0.793293
20243 -0.793276
15423 -0.793245
00843 -0.793235
06426 -0.793197
09905 -0.79318
14853 -0.79318
11083 -0.793117
14207 -0.793092
05767 -0.793049
05846 -0.792925
08174 -0.792919
13419 -0.792849
03540 -0.792833
19040 -0.792828
12714 -0.792754
15573 -0.792718
16080 -0.792687
15093 -0.792684
08654 -0.792554
16759 -0.792538
17186 -0.792354
06359 -0.79234
05253 -0.79228
06657 -0.792127
05779 -0.792123
11765 -0.792082
17900 -0.79202
01549 -0.791988
00822 -0.791983
05805 -0.791844
04165 -0.791833
04544 -0.791813
00419 -0.791772
12598 -0.791488
10324 -0.791482
18482 -0.791449
00916 -0.791447
17243 -0.791352
05554 -0.791325
21530 -0.791262
20474 -0.791221
09710 -0.791185
15743 -0.791176
04077 -0.791135
12801 -0.791095
17375 -0.791092
03111 -0.791014
03593 -0.79101
17469 -0.790975
14813 -0.790974
03414 -0.790949
03330 -0.790878
18797 -0.790844
07012 -0.790831
02965 -0.790809
14928 -0.790809
05146 -0.790781
08173 -0.790743
04084 -0.790639
05458 -0.790576
07222 -0.790551
13396 -0.790509
07569 -0.790493
16063 -0.790446
11711 -0.790351
04082 -0.790206
17871 -0.790193
02709 -0.790181
15304 -0.790019
17380 -0.790011
07066 -0.789966
19617 -0.789931
02990 -0.789902
06259 -0.789866
07099 -0.789815
01067 -0.789777
15611 -0.789772
10746 -0.789715
04962 -0.789706
17207 -0.789611
09393 -0.789607
02456 -0.789591
17953 -0.789552
04630 -0.789375
09691 -0.789337
13771 -0.789331
06515 -0.789297
10757 -0.789296
05290 -0.789175
18409 -0.789053
03488 -0.789042
13738 -0.788977
01903 -0.788951
07155 -0.788874
12634 -0.788853
00227 -0.788804
05929 -0.788775
10279 -0.788772
15551 -0.788772
16783 -0.788743
06619 -0.788658
05848 -0.788613
00357 -0.788607
04771 -0.788574
00896 -0.788539
17325 -0.788463
18507 -0.788404
02521 -0.788385
00100 -0.788308
11291 -0.788241
03639 -0.788229
05220 -0.788194
16951 -0.788182
17923 -0.788084
08138 -0.788019
02610 -0.788007
17906 -0.787976
05800 -0.787907
10255 -0.787657
12778 -0.787617
18849 -0.787547
08069 -0.78749
06964 -0.787448
01026 -0.787294
10693 -0.787268
04074 -0.787239
05389 -0.787215
12788 -0.787178
14832 -0.787123
03470 -0.787017
05879 -0.787012
00759 -0.786941
02618 -0.786914
00274 -0.786875
12791 -0.786819
10754 -0.786818
08164 -0.786798
14871 -0.786737
14902 -0.786737
04744 -0.786703
01906 -0.786691
00335 -0.786676
11170 -0.786642
12986 -0.78664
04987 -0.786602
04944 -0.786601
19107 -0.786466
07628 -0.786388
14811 -0.786381
18520 -0.786377
00860 -0.786307
00179 -0.786299
05830 -0.786276
17352 -0.786248
07026 -0.786239
14770 -0.7861
14931 -0.7861
18911 -0.786083
08684 -0.786044
12407 -0.785976
07557 -0.78595
17075 -0.78593
07589 -0.78585
02557 -0.785752
09848 -0.785743
09174 -0.785711
00121 -0.785624
10135 -0.785602
12265 -0.785559
03671 -0.785367
12762 -0.785291
17372 -0.785276
12432 -0.785091
05255 -0.785028
09793 -0.785017
05323 -0.78491
08683 -0.784905
06197 -0.784903
11823 -0.784795
12764 -0.784791
12830 -0.784791
08449 -0.784783
02973 -0.78476
12818 -0.784738
00237 -0.784731
20026 -0.784705
01685 -0.784599
13123 -0.784562
03472 -0.784532
03520 -0.784532
03048 -0.784472
19000 -0.784465
17936 -0.784357
06593 -0.784334
10021 -0.784318
01928 -0.783868
13319 -0.783769
00209 -0.783768
04637 -0.783158
18990 -0.783138
04136 -0.783002
03449 -0.782915
03528 -0.782915
17170 -0.782809
12466 -0.782406
05807 -0.782239
19005 -0.781922
01068 -0.781668
16948 -0.781561
12771 -0.781331
14942 -0.781234
17456 -0.781231
18025 -0.778269
05110 -0.777896
12799 -0.777769
18770 -0.777234
