10963 -1.06713
11696 -1.0558
12163 -1.05511
10966 -1.04901
07914 -1.04796
08005 -1.04608
02409 -1.04256
02167 -1.04215
02342 -1.04011
04370 -1.03934
19710 -1.03771
01524 -1.03721
13110 -1.03656
13203 -1.036
04273 -1.03403
05501 -1.03266
05051 -1.03245
11470 -1.03182
02316 -1.0315
05013 -1.03144
13148 -1.03116
00202 -1.03061
08582 -1.0301
06257 -1.02998
05898 -1.02971
09029 -1.02947
08337 -1.02943
07048 -1.02888
07676 -1.02787
02754 -1.0277
03971 -1.02733
06850 -1.02692
02856 -1.02593
11588 -1.02582
12379 -1.02577
00621 -1.02575
12078 -1.0247
20927 -1.02456
02751 -1.02444
08995 -1.02438
00151 -1.0239
07439 -1.02356
21214 -1.02318
08487 -1.02312
10924 -1.02203
05968 -1.02202
20736 -1.02119
20564 -1.02118
04363 -1.0204
12239 -1.01991
06522 -1.01989
15259 -1.01952
04504 -1.01947
05452 -1.01932
02212 -1.01906
05316 -1.01883
11308 -1.01881
00456 -1.01856
16888 -1.01839
13118 -1.01808
07830 -1.01802
08339 -1.01782
09003 -1.01709
11568 -1.01707
02335 -1.01676
06123 -1.01658
16625 -1.01656
20600 -1.0164
12176 -1.01639
05100 -1.01617
07330 -1.01579
04797 -1.0157
19475 -1.01547
12294 -1.01512
08318 -1.01498
19440 -1.01433
20969 -1.01421
02089 -1.01419
19474 -1.01397
20988 -1.01345
12079 -1.01331
01752 -1.01294
05018 -1.01294
08794 -1.01259
09807 -1.01235
05738 -1.01183
00038 -1.01153
10879 -1.01142
21055 -1.01132
01375 -1.01091
21192 -1.01081
05931 -1.01075
05602 -1.01037
03680 -1.00979
04620 -1.00964
16346 -1.00952
06232 -1.00884
07229 -1.00884
10478 -1.00875
21242 -1.00874
09425 -1.00873
04457 -1.00838
20779 -1.008
02826 -1.00758
16848 -1.0071
00013 -1.00696
04361 -1.00688
09610 -1.00658
02304 -1.00656
10008 -1.00655
03626 -1.00646
16808 -1.00638
14569 -1.00627
06298 -1.00621
20507 -1.00608
02602 -1.00598
20947 -1.00593
07449 -1.00571
20802 -1.00541
06051 -1.00514
16441 -1.00505
20803 -1.00498
02437 -1.00495
11754 -1.00489
05530 -1.00483
11132 -1.00464
12659 -1.00407
01877 -1.004
07739 -1.00383
08580 -1.00365
11689 -1.0036
10500 -1.00353
05976 -1.00316
06701 -1.00307
04775 -1.00296
16804 -1.00291
01033 -1.00288
16812 -1.00286
04581 -1.00282
05422 -1.00279
10923 -1.00277
05576 -1.00275
07621 -1.00261
00848 -1.00254
06078 -1.00233
03713 -1.00176
08915 -1.00154
00601 -1.00127
06837 -1.00121
02337 -1.00079
03634 -1.00077
10851 -1.00066
12562 -1.0006
08935 -1.00049
02562 -1.00047
20206 -1.00038
01564 -1.00036
00065 -1.00028
20226 -1.00023
02484 -0.999819
15094 -0.99972
01011 -0.999673
10853 -0.999625
06242 -0.999508
02519 -0.999476
12715 -0.999379
10870 -0.999283
20583 -0.999227
16348 -0.999222
19651 -0.999217
11336 -0.999179
12149 -0.998959
12166 -0.998948
07838 -0.998933
03806 -0.998667
01543 -0.998605
03543 -0.998594
11687 -0.998094
08969 -0.998047
01446 -0.99799
10254 -0.997969
06323 -0.997945
09576 -0.997884
06681 -0.997858
06466 -0.997751
06765 -0.997707
08292 -0.997657
11878 -0.997632
12042 -0.997628
06094 -0.997405
18830 -0.997394
04337 -0.99736
02866 -0.997279
02309 -0.997115
11115 -0.99698
02938 -0.996918
12098 -0.996866
07826 -0.996807
11700 -0.996466
10165 -0.996421
09049 -0.996362
15336 -0.99632
06211 -0.996136
19267 -0.996057
02708 -0.995989
20825 -0.995842
04378 -0.995568
04000 -0.995454
20161 -0.995384
03631 -0.995334
01404 -0.995167
20672 -0.995093
10032 -0.99508
08335 -0.995052
08291 -0.994947
15777 -0.994928
08981 -0.994802
21406 -0.994775
20746 -0.994742
20357 -0.994661
05657 -0.994653
15130 -0.994524
21049 -0.994507
08577 -0.994361
14300 -0.994343
06668 -0.994238
07115 -0.994183
02350 -0.994168
05492 -0.9941
06496 -0.994057
04155 -0.993905
14971 -0.993903
04385 -0.993815
03557 -0.993754
21295 -0.993725
00859 -0.993614
16705 -0.993543
09818 -0.993384
01532 -0.993183
10597 -0.993081
03853 -0.993056
20255 -0.993009
10097 -0.992947
15482 -0.99291
19850 -0.992899
20455 -0.992876
05105 -0.992853
20135 -0.992717
20176 -0.99266
06551 -0.992641
11578 -0.992598
20658 -0.992588
03994 -0.992501
18052 -0.992377
01494 -0.992319
11019 -0.99218
10973 -0.992126
08742 -0.991936
15679 -0.991846
07096 -0.991688
10974 -0.991632
20498 -0.991571
03909 -0.991397
03895 -0.991294
19815 -0.991185
17035 -0.990934
02249 -0.990912
00538 -0.990644
20735 -0.990622
08447 -0.990592
11429 -0.990569
09334 -0.990544
00680 -0.990481
08027 -0.990472
01181 -0.990396
06181 -0.990186
05312 -0.989818
17543 -0.98969
03697 -0.989676
18719 -0.989665
20791 -0.989511
16801 -0.98946
09287 -0.98945
12382 -0.989436
20660 -0.989126
02320 -0.98908
08488 -0.989037
00098 -0.98899
18606 -0.988971
20984 -0.988541
02674 -0.988433
11109 -0.98828
04914 -0.988238
11993 -0.988037
17848 -0.98801
08340 -0.987978
08750 -0.987843
09267 -0.987833
01469 -0.987744
00586 -0.987475
21135 -0.987142
03545 -0.987072
04184 -0.9869
08893 -0.986865
06138 -0.986766
00466 -0.986544
02834 -0.986401
18645 -0.986225
06809 -0.986207
02693 -0.986104
00169 -0.986069
16561 -0.986066
08899 -0.985994
11980 -0.985907
05725 -0.985748
15969 -0.985738
00024 -0.985725
09937 -0.985709
00592 -0.985489
02276 -0.985466
19466 -0.985358
16719 -0.985344
11058 -0.98528
21196 -0.98509
09378 -0.985034
07432 -0.984953
10253 -0.984933
12649 -0.984869
02016 -0.98463
09311 -0.98447
21448 -0.984444
06325 -0.984354
20630 -0.984303
00528 -0.984297
01188 -0.984275
11300 -0.984205
19427 -0.98401
01768 -0.983989
16551 -0.983906
14985 -0.983847
05632 -0.983842
07620 -0.983724
11904 -0.98362
20561 -0.983506
10174 -0.983434
09441 -0.983417
07410 -0.983302
12893 -0.983212
20747 -0.983064
06504 -0.982967
02188 -0.982933
01638 -0.982925
05592 -0.982855
06485 -0.982681
17967 -0.982663
09994 -0.982621
02479 -0.98262
09091 -0.982593
20648 -0.982592
05624 -0.982547
17655 -0.98251
09103 -0.982489
09274 -0.982451
05055 -0.982447
21388 -0.982375
21195 -0.982342
00780 -0.982332
17788 -0.982198
01137 -0.982153
21106 -0.982131
06729 -0.982105
05723 -0.982103
02613 -0.981989
04747 -0.981963
20400 -0.981942
10094 -0.981826
20119 -0.981796
20419 -0.98168
09625 -0.981403
15145 -0.981375
18068 -0.981309
05317 -0.981039
16284 -0.980923
01759 -0.980863
08767 -0.980846
02471 -0.980843
10393 -0.980807
20535 -0.980694
00594 -0.980595
21286 -0.980589
12572 -0.980587
01191 -0.980563
07774 -0.980541
06523 -0.980464
21224 -0.980416
19966 -0.980355
16817 -0.980197
14963 -0.980176
01301 -0.980139
04745 -0.979949
10601 -0.979946
02092 -0.979748
08036 -0.979748
21356 -0.979721
20470 -0.979548
04194 -0.979421
09566 -0.979271
11690 -0.979165
00138 -0.979133
19304 -0.97905
15205 -0.979027
07184 -0.978952
02028 -0.978931
01633 -0.978889
01837 -0.978849
10840 -0.97881
01655 -0.978701
20900 -0.978498
11976 -0.978478
12904 -0.978417
05072 -0.978402
16480 -0.978295
04911 -0.978257
10196 -0.978246
21081 -0.978152
02266 -0.977979
03958 -0.9779
15899 -0.977885
09896 -0.977854
20976 -0.977795
00646 -0.97778
08457 -0.977744
21233 -0.977713
12505 -0.977646
07948 -0.977633
12169 -0.97757
15233 -0.977551
19142 -0.977498
12705 -0.977421
02700 -0.977387
06227 -0.977336
08219 -0.977289
10884 -0.977286
18166 -0.977234
09427 -0.977071
09475 -0.976973
16916 -0.976947
01271 -0.976895
04358 -0.976754
06187 -0.976754
17034 -0.976723
01643 -0.976713
21176 -0.976666
15211 -0.976632
04276 -0.976614
08313 -0.976491
05461 -0.97644
12085 -0.976408
05741 -0.976402
04341 -0.976368
07476 -0.976328
00037 -0.976324
08810 -0.976159
04021 -0.976143
12255 -0.976137
05076 -0.97613
18828 -0.976095
15797 -0.976053
20915 -0.976044
21016 -0.975866
20480 -0.975853
19648 -0.975825
16807 -0.975818
06642 -0.975799
02691 -0.975792
06273 -0.975792
19803 -0.975551
21441 -0.975516
12182 -0.975463
16422 -0.97546
00642 -0.975081
16865 -0.975056
02789 -0.97499
05654 -0.974821
11307 -0.974807
05573 -0.974737
07953 -0.974682
02518 -0.974675
11977 -0.974594
05314 -0.974585
07261 -0.974561
11630 -0.974523
00210 -0.974459
07192 -0.974414
20837 -0.974359
07074 -0.974278
01541 -0.974276
01706 -0.974267
11685 -0.974242
07762 -0.974225
10925 -0.974102
16918 -0.9741
20885 -0.974044
04930 -0.973959
01452 -0.973833
07836 -0.973826
08317 -0.973823
09839 -0.973809
10529 -0.973786
09970 -0.973743
11338 -0.973743
06271 -0.973639
05475 -0.973636
12296 -0.973594
14954 -0.973554
20904 -0.97352
08364 -0.973483
12258 -0.973436
16045 -0.973436
16798 -0.973379
09605 -0.973356
20443 -0.973197
20235 -0.973174
02252 -0.973164
10046 -0.973141
04901 -0.973023
02658 -0.972555
10534 -0.972537
16912 -0.972481
02687 -0.972439
07404 -0.972395
02227 -0.972394
10089 -0.97237
04288 -0.97236
20337 -0.972321
21447 -0.972301
09815 -0.972269
11305 -0.972172
21283 -0.972125
11317 -0.972074
02234 -0.972054
06458 -0.972041
07884 -0.971949
20279 -0.971923
01525 -0.971832
03801 -0.971753
20380 -0.971735
03768 -0.971716
09894 -0.971715
08559 -0.971587
01314 -0.971225
14983 -0.971222
16342 -0.971212
05367 -0.971162
21109 -0.971107
10040 -0.97109
17544 -0.971026
03860 -0.970982
01650 -0.970855
13214 -0.970791
21437 -0.97062
11966 -0.970615
04554 -0.970609
00041 -0.970575
16458 -0.970508
08521 -0.970438
16244 -0.970378
01344 -0.970354
06149 -0.970353
10538 -0.970351
09260 -0.970318
04892 -0.97031
04420 -0.970237
06540 -0.969979
20223 -0.969898
15104 -0.96988
07922 -0.969874
10083 -0.969866
02548 -0.969822
12898 -0.969771
04216 -0.969665
04307 -0.96958
15327 -0.969568
21420 -0.969423
02478 -0.969417
21352 -0.969354
01846 -0.969329
20793 -0.9693
16454 -0.969262
01128 -0.969233
04805 -0.969174
11046 -0.969172
14646 -0.969127
20706 -0.969088
09097 -0.969024
07359 -0.968938
10119 -0.968818
02488 -0.96881
21068 -0.968653
03786 -0.968643
20233 -0.968563
06244 -0.968545
12353 -0.968503
05327 -0.968495
12624 -0.968459
14744 -0.968446
02580 -0.968414
00183 -0.968386
02033 -0.968348
14630 -0.968315
01528 -0.968167
01124 -0.968064
11106 -0.967999
00606 -0.967958
05494 -0.967867
06288 -0.967848
01327 -0.967784
00837 -0.967708
03755 -0.9677
21044 -0.967658
15613 -0.967656
21215 -0.967599
00731 -0.967566
20640 -0.967527
04972 -0.96752
21208 -0.96741
11302 -0.96736
20166 -0.967335
05297 -0.967287
09860 -0.967225
06830 -0.967114
20463 -0.967078
17811 -0.966984
03900 -0.966902
06234 -0.966772
04920 -0.966645
20634 -0.966632
20170 -0.96659
10964 -0.966525
07883 -0.966491
08286 -0.966459
02149 -0.966396
19357 -0.966344
07444 -0.966321
03730 -0.966296
20421 -0.966215
05095 -0.966212
02047 -0.966096
19790 -0.966049
04476 -0.966045
05991 -0.965938
01853 -0.965853
15065 -0.965832
05034 -0.965831
09238 -0.965819
21300 -0.965817
05582 -0.965816
21255 -0.96576
16206 -0.965706
03343 -0.965658
10980 -0.965646
05600 -0.965606
15669 -0.965605
21414 -0.96559
04934 -0.965576
07728 -0.965532
05716 -0.965491
20949 -0.965452
18769 -0.965446
16324 -0.96538
21415 -0.965326
06601 -0.965243
20593 -0.965238
20412 -0.965213
10532 -0.965201
13113 -0.96518
14524 -0.965154
05084 -0.965095
19854 -0.965068
20339 -0.965039
21219 -0.964967
09312 -0.964926
10381 -0.964918
00774 -0.964895
02568 -0.964879
15888 -0.964871
01872 -0.964851
21488 -0.964847
01200 -0.964807
06711 -0.964732
12110 -0.964626
21386 -0.964617
11452 -0.964611
19369 -0.964607
00734 -0.964572
06552 -0.964522
06679 -0.964518
05543 -0.964477
01642 -0.964369
09231 -0.964154
02561 -0.964002
13165 -0.963868
03669 -0.963776
20207 -0.963682
16410 -0.963644
06005 -0.963624
04205 -0.963588
18732 -0.963545
19957 -0.96348
03785 -0.963373
01610 -0.963263
16642 -0.963242
02918 -0.96324
03894 -0.963239
18703 -0.963041
15985 -0.962847
02748 -0.962835
05495 -0.962825
06759 -0.962804
20391 -0.962724
08388 -0.962678
02820 -0.962676
21479 -0.962643
08860 -0.96261
09961 -0.962607
01602 -0.962444
15126 -0.962414
02645 -0.962405
12341 -0.962391
20651 -0.962291
20497 -0.962182
01384 -0.962146
08391 -0.962122
01364 -0.962067
20804 -0.96201
03903 -0.961932
03721 -0.961925
20715 -0.961922
05595 -0.961911
02005 -0.961805
15354 -0.961781
02887 -0.961774
03874 -0.961715
20569 -0.961713
04954 -0.96166
08879 -0.961594
02667 -0.961583
08997 -0.961558
08425 -0.961484
06254 -0.961482
00715 -0.961403
08530 -0.961385
20771 -0.961323
13032 -0.961276
15704 -0.961202
12658 -0.9612
21281 -0.961171
01608 -0.961093
11629 -0.96089
21325 -0.960871
05483 -0.96087
12031 -0.960869
03667 -0.960859
20838 -0.96082
08399 -0.960802
03989 -0.960799
08579 -0.960776
05050 -0.96057
12664 -0.960559
01010 -0.960511
03870 -0.960463
12631 -0.96046
01320 -0.960435
06179 -0.960207
18326 -0.960197
20237 -0.960118
12380 -0.960107
05339 -0.960098
08026 -0.960014
09333 -0.959932
04788 -0.959922
19862 -0.959906
09647 -0.959898
09034 -0.959881
16615 -0.959804
08017 -0.959772
04257 -0.959759
08296 -0.959742
12520 -0.959725
20368 -0.959609
20269 -0.959513
05758 -0.959453
06672 -0.959406
08300 -0.959391
08965 -0.959339
10600 -0.959312
09502 -0.959268
21194 -0.95913
19644 -0.959097
02459 -0.958983
16337 -0.958955
06274 -0.958859
00596 -0.958826
00640 -0.9588
05566 -0.958794
09235 -0.95879
20784 -0.958737
12154 -0.95873
09111 -0.958716
16913 -0.958684
05669 -0.958595
10907 -0.958563
19178 -0.958517
10564 -0.958484
20249 -0.958442
08925 -0.958418
05744 -0.9584
05356 -0.958317
16230 -0.958301
01284 -0.958274
05682 -0.95822
05544 -0.958114
03676 -0.95809
16371 -0.958072
20968 -0.958046
01722 -0.958011
04015 -0.957936
21337 -0.957932
20471 -0.957908
19978 -0.957905
20913 -0.957832
08892 -0.957819
20376 -0.957773
16662 -0.957698
12077 -0.95768
18699 -0.957659
09366 -0.957648
12334 -0.957593
01293 -0.957462
14968 -0.957456
04157 -0.957414
21237 -0.957414
08407 -0.957405
21146 -0.957379
01245 -0.95734
05029 -0.95722
08708 -0.957144
20191 -0.957132
16372 -0.957114
16022 -0.957107
17975 -0.957072
21480 -0.956969
20650 -0.956943
08731 -0.956935
12914 -0.956929
11569 -0.956879
00557 -0.956709
00603 -0.956635
01585 -0.956571
02761 -0.95655
16569 -0.956531
15733 -0.956487
09101 -0.956462
05677 -0.956425
09237 -0.956418
09652 -0.956397
16400 -0.956384
14103 -0.956258
21132 -0.956197
01849 -0.956175
21203 -0.956164
01355 -0.956089
01177 -0.955997
05015 -0.955958
18832 -0.955946
20918 -0.955784
05950 -0.95573
20407 -0.955691
20937 -0.955656
18180 -0.95562
20393 -0.955616
20502 -0.955528
19374 -0.95551
06880 -0.955498
20476 -0.95544
16016 -0.955383
10855 -0.955261
06641 -0.955192
00399 -0.955079
09389 -0.954964
12506 -0.954917
00625 -0.954913
04755 -0.954855
00605 -0.954806
20213 -0.954758
16432 -0.954748
15944 -0.954618
11705 -0.954593
16886 -0.954579
17802 -0.954549
18308 -0.954538
15590 -0.954496
15821 -0.954414
05359 -0.954368
20385 -0.954295
20975 -0.953966
00533 -0.953917
00783 -0.953892
06165 -0.953802
01435 -0.953703
20499 -0.953681
21436 -0.953669
07438 -0.953624
11529 -0.953613
19887 -0.953597
04472 -0.953563
15852 -0.9535
21324 -0.953421
11549 -0.953343
20657 -0.95325
21199 -0.953094
20531 -0.953075
20319 -0.952981
07339 -0.952972
20334 -0.952872
20165 -0.952835
19029 -0.952761
03668 -0.952757
21014 -0.952738
20180 -0.952654
04777 -0.95262
20800 -0.952615
10891 -0.952577
20308 -0.952503
20252 -0.952481
02877 -0.952468
09939 -0.952445
08985 -0.952431
04292 -0.952395
18096 -0.95233
15221 -0.952262
04475 -0.952257
12061 -0.952255
07113 -0.952243
09346 -0.9522
20392 -0.952168
06055 -0.952146
09263 -0.952082
20473 -0.952079
06104 -0.952064
20794 -0.952059
07516 -0.952023
12362 -0.951943
21034 -0.951881
19254 -0.95188
16478 -0.951835
20140 -0.951594
04960 -0.951493
06213 -0.951338
20374 -0.951277
13615 -0.951274
06130 -0.951263
20291 -0.951239
20671 -0.951225
00126 -0.951211
12704 -0.951184
05354 -0.951167
04644 -0.951088
20358 -0.951073
02663 -0.951014
08229 -0.951001
01445 -0.950979
20673 -0.950969
04820 -0.950966
11877 -0.950886
02275 -0.950751
11481 -0.950746
11543 -0.95057
15326 -0.950565
18646 -0.950563
09562 -0.950496
01003 -0.950475
01438 -0.950405
09930 -0.950234
17616 -0.95022
10185 -0.95012
04239 -0.950106
01554 -0.950067
06594 -0.950047
00773 -0.949971
05089 -0.949877
18648 -0.949769
01677 -0.949754
16376 -0.949693
08946 -0.949586
02112 -0.949571
00483 -0.949289
09317 -0.949249
10027 -0.949238
00449 -0.949183
09066 -0.949164
10499 -0.949137
16890 -0.949121
06495 -0.948899
12613 -0.948842
20110 -0.948701
07191 -0.948685
04791 -0.948663
10999 -0.948659
05982 -0.948657
06173 -0.948622
02253 -0.948579
01229 -0.94851
11566 -0.948486
08047 -0.948478
14285 -0.948478
20338 -0.948455
15189 -0.948453
07887 -0.948357
08226 -0.948331
07734 -0.948324
17496 -0.948292
20440 -0.948202
20138 -0.94817
00490 -0.948152
16347 -0.948127
14960 -0.948123
20954 -0.948084
11499 -0.948012
18155 -0.947977
11967 -0.947976
04794 -0.947921
05679 -0.947826
04357 -0.947802
15477 -0.947783
15632 -0.947743
08001 -0.947569
16599 -0.947515
07157 -0.947459
04732 -0.947355
11060 -0.947337
06010 -0.947302
06459 -0.947252
20201 -0.947227
11697 -0.947202
21234 -0.947185
09316 -0.947113
10235 -0.947108
20920 -0.947072
06584 -0.947039
20274 -0.946957
00986 -0.946952
04803 -0.946753
20728 -0.94669
12516 -0.946657
09611 -0.946611
09525 -0.946429
06491 -0.946339
20562 -0.946219
06573 -0.94616
01122 -0.946152
16448 -0.946127
06146 -0.94611
15832 -0.946069
03637 -0.946015
20586 -0.945961
00581 -0.945798
09963 -0.945667
00846 -0.945546
21165 -0.945532
15680 -0.945346
10556 -0.945269
16797 -0.945175
20256 -0.945125
20414 -0.945054
08970 -0.944955
21385 -0.944892
02839 -0.944862
19915 -0.944783
05594 -0.944671
04169 -0.944569
16294 -0.944516
07226 -0.944443
20273 -0.944434
20309 -0.944434
06549 -0.944424
11721 -0.944399
02483 -0.94431
07092 -0.944201
20557 -0.944171
01351 -0.944161
00212 -0.943987
21490 -0.943911
04220 -0.943826
21264 -0.943822
12616 -0.943778
14622 -0.943553
07388 -0.943522
16440 -0.943516
20240 -0.943516
20143 -0.943433
20479 -0.943424
09250 -0.943335
13064 -0.943314
17031 -0.943282
03771 -0.943021
12869 -0.942909
21191 -0.942885
20814 -0.942855
20979 -0.942754
20822 -0.942647
04759 -0.942643
00728 -0.9426
17753 -0.94258
16360 -0.942319
08745 -0.942043
00027 -0.941841
06670 -0.941665
08826 -0.941644
21442 -0.941624
20304 -0.941612
08740 -0.941589
18062 -0.941582
06198 -0.94122
00968 -0.941216
08409 -0.941199
16715 -0.941102
20183 -0.941054
15886 -0.941007
05426 -0.940965
06454 -0.94096
12570 -0.940938
11443 -0.940923
09598 -0.940836
04814 -0.940793
09273 -0.940741
07743 -0.940553
04460 -0.940335
12063 -0.940027
16725 -0.93995
01109 -0.939777
18076 -0.939777
21453 -0.93957
16910 -0.939166
20214 -0.939119
00861 -0.939052
01096 -0.938678
06738 -0.938396
20817 -0.938208
04372 -0.937924
16619 -0.937889
16380 -0.937877
21275 -0.937848
06297 -0.937812
18047 -0.9378
15723 -0.937503
16030 -0.937309
19655 -0.937269
14388 -0.936648
20833 -0.936259
04782 -0.93622
03850 -0.936075
21284 -0.935896
05437 -0.935646
20185 -0.935469
10390 -0.934913
13026 -0.934899
16606 -0.93472
03247 -0.93459
21349 -0.93348
16418 -0.930835
20218 -0.930835
21383 -0.929871
02460 -0.929302
20154 -0.925792
