00002
00008
00012
00017
00055
00064
00075
00083
00161
00163
00170
00178
00184
00210
00256
00324
00331
00382
00427
00431
00451
00463
00466
00509
00541
00554
00556
00576
00588
00604
00618
00627
00643
00645
00674
00701
00765
00815
00825
00843
00845
00852
00863
00871
00872
00881
00896
00937
00942
00943
00961
00979
00989
01115
01150
01269
01273
01308
01311
01313
01323
01325
01329
01338
01351
01357
01371
01404
01479
01482
01503
01516
01533
01536
01561
01578
01590
01593
01600
01612
01653
01661
01704
01714
01767
01778
01913
01936
01963
01964
01972
01984
01985
02031
02105
02114
02126
02134
02144
02149
02162
02164
02198
02200
02213
02222
02227
02260
02262
02277
02287
02307
02308
02361
02439
02477
02496
02504
02526
02581
02594
02655
02657
02688
02699
02702
02731
02743
02801
02808
02842
02845
02855
02862
02872
02881
02897
02922
03015
03019
03026
03078
03083
03108
03109
03113
03136
03151
03247
03256
03262
03274
03295
03359
03418
03463
03474
03483
03508
03574
03609
03631
03646
03663
03672
03674
03680
03725
03744
03823
03834
03838
03841
03849
03852
03876
03925
03931
03937
03940
03959
04003
04007
04010
04014
04040
04054
04070
04112
04136
04167
04232
04241
04251
04256
04308
04314
04364
04399
04400
04416
04420
04436
04454
04491
04492
04520
04540
04585
04681
04706
04747
04751
04754
04780
04807
04819
04834
04851
04857
04858
04887
04909
04941
04946
04984
05036
05049
05099
05109
05122
05165
05194
05198
05208
05219
05265
05281
05304
05329
05333
05334
05353
05372
05387
05422
05434
05438
05463
05485
05493
05495
05535
05544
05560
05564
05581
05587
05594
05624
05625
05630
05645
05655
05718
05735
05757
05815
05819
05827
05861
05865
05866
05878
05880
05881
05887
05897
05905
05941
05948
05962
05969
06006
06007
06035
06042
06076
06136
06144
06147
06183
06191
06196
06212
06233
06306
06313
06317
06339
06346
06348
06393
06427
06488
06504
06509
06569
06580
06657
06681
06687
06695
06704
06714
06735
06745
06780
06799
06801
06816
06822
06828
06920
06923
06940
06976
06993
07011
07013
07016
07027
07032
07051
07054
07057
07081
07097
07117
07130
07149
07244
07260
07332
07341
07342
07349
07432
07434
07459
07462
07475
07480
07516
07526
07543
07557
07582
07609
07667
07669
07672
07690
07694
07696
07759
07767
07770
07832
07859
07862
07866
07877
07921
07927
07943
07950
07953
07964
07985
08011
08039
08043
08057
08067
08098
08158
08204
08207
08219
08221
08222
08225
08231
08294
08298
08305
08311
08319
08361
08379
08388
08408
08441
08452
08462
08486
08531
08539
08582
08587
08618
08619
08670
08697
08699
08736
08745
08789
08822
08828
08833
08851
08855
08880
08885
08899
08925
08944
08959
09063
09111
09112
09155
09167
09199
09214
09263
09271
09291
09309
09372
09390
09399
09402
09457
09463
09474
09475
09506
09508
09589
09624
09628
09679
09723
09749
09791
09804
09814
09817
09836
09848
09881
09890
09905
09914
09941
09957
09966
09969
09977
09988
10010
10047
10059
10065
10089
10132
10161
10199
10216
10221
10246
10273
10305
10407
10446
10477
10516
10520
10544
10556
10574
10600
10608
10610
10644
10664
10680
10705
10711
10716
10726
10766
10778
10800
10813
10875
10962
10980
10995
11014
11022
11051
11067
11069
11081
11085
11098
11100
11118
11135
11165
11252
11269
11281
11300
11311
11316
11344
11358
11363
11365
11380
11408
11471
11485
11507
11536
11549
11582
11600
11625
11724
11743
11810
11838
11865
11921
11931
11950
11957
11963
11993
12025
12031
12059
12083
12091
12095
12096
12120
12125
12214
12216
12228
12260
12286
12300
12302
12351
12361
12366
12383
12445
12460
12468
12477
12478
12489
12507
12517
12521
12595
12607
12616
12626
12630
12650
12696
12699
12796
12799
12852
12880
12894
12988
12991
13025
13068
13081
13083
13088
13100
13107
13114
13126
13148
13152
13179
13223
13225
13243
13252
13258
13296
13326
13364
13374
13390
13401
13405
13446
13459
13461
13463
13471
13492
13540
13586
13632
13721
13818
13819
13846
13930
13947
14013
14020
14021
14080
14097
14119
14136
14147
14159
14183
14250
14293
14302
14314
14321
14324
14350
14354
14375
14381
14404
14417
14450
14472
14484
14524
14526
14553
14572
14618
14636
14658
14662
14706
14757
14763
14777
14781
14791
14822
14825
14858
14860
14869
14874
14906
14947
15014
15045
15047
15048
15052
15058
15063
15065
15072
15090
15125
15150
15151
15215
15227
15267
15280
15287
15291
15334
15399
15400
15409
15432
15440
15441
15450
15497
15520
15528
15534
15543
15551
15580
15585
15597
15633
15636
15683
15686
15699
15711
15718
15733
15771
15773
15796
15855
15862
15878
15891
15908
15911
15917
15939
15951
15959
15967
15999
16028
16156
16160
16254
16284
16293
16295
16349
16355
16389
16422
16466
16514
16518
16526
16539
16563
16584
16612
16632
16669
16702
16704
16726
16735
16736
16749
16802
16813
16865
16869
16890
16923
16955
16956
16989
17027
17042
17094
17119
17147
17154
17164
17173
17188
17194
17202
17227
17228
17236
17271
17298
17344
17387
17394
17410
17433
17435
17502
17516
17537
17554
17584
17593
17598
17637
17643
17649
17658
17661
17668
17742
17744
17763
17764
17776
17790
17799
17831
17848
17852
17866
17879
17999
18029
18067
18081
18109
18114
18204
18241
18248
18262
18268
18280
18342
18392
18422
18442
18459
18468
18497
18501
18561
18569
18592
18598
18603
18617
18623
18654
18668
18678
18688
18719
18734
18759
18773
18777
18786
18811
18879
18885
18888
18916
18923
18939
18954
18998
19007
19090
19127
19130
19151
19154
19190
19238
19266
19321
19369
19438
19449
19450
19466
19476
19545
19589
19610
19627
19725
19784
19832
19898
19929
19949
19963
19964
19993
19994
19997
20026
20042
20073
20119
20134
20150
20170
20184
20228
20276
20288
20338
20339
20342
20375
20384
20408
20411
20427
20447
20458
20490
20498
20501
20555
20602
20684
20696
20732
20751
20759
20770
20771
20778
20784
20796
20816
20886
20917
20923
20926
20928
20929
20975
21025
21032
21034
21104
21110
21148
21154
21187
21230
21241
21285
21296
21301
21329
21349
21363
21412
21424
21464
21467
21488
21513
21530
21531
21578
