00002
00331
00643
00815
00825
00845
00852
00863
00961
01000
01150
01313
01371
01719
01778
01920
01981
02105
02114
02126
02144
02162
02164
02207
02287
02365
02526
02699
02769
02801
02897
03083
03108
03125
03274
03295
03418
03463
03725
03744
03823
04054
04164
04167
04308
04369
04807
04858
04887
05082
05099
05304
05329
05372
05463
05655
05757
05878
05880
06191
06212
06346
06488
06569
06695
06704
06780
06805
06822
07057
07130
07149
07260
07341
07342
07362
07434
07475
07859
07862
07964
08204
08222
08225
08298
08361
08618
08697
08789
08822
08833
08855
08880
08944
08957
09112
09199
09214
09309
09345
09474
09506
09814
09817
09881
09890
09966
09977
10047
10065
10221
10237
10305
10446
10576
10726
10962
11051
11069
11252
11344
11369
11485
11743
11865
12069
12083
12095
12096
12460
12699
12852
12894
12988
13088
13296
14021
14136
14350
14553
14604
14777
15052
15063
15150
15267
15528
15580
15633
15699
16466
16477
16563
16583
16584
16702
16869
16923
17094
17164
17344
17502
17643
17763
17799
17847
17852
17866
18029
18114
18236
18262
18342
18561
18569
18592
18603
18654
18668
18688
18777
18786
18811
18888
18998
19127
19180
19963
20288
20375
20427
20759
20858
20917
20941
21154
21230
21241
21301
21467
21513
