1 00010
1 00012
1 00128
1 00298
1 00361
1 00366
1 00372
1 00393
1 00400
1 00401
1 00408
1 00424
1 00440
1 00442
1 00496
1 00558
1 00703
1 00712
1 00714
1 00724
1 00725
1 00732
1 00733
1 00748
1 00767
1 00840
1 00844
1 00850
1 00851
1 00904
1 00978
1 01000
1 01118
1 01123
1 01153
1 01203
1 01213
1 01228
1 01280
1 01303
1 01354
1 01477
1 01512
1 01562
1 01581
1 01606
1 01622
1 01659
1 01676
1 01678
1 01694
1 01719
1 01735
1 01739
1 01771
1 01787
1 01790
1 01798
1 01808
1 01836
1 01847
1 01855
1 01862
1 01920
1 01987
1 01994
1 01996
1 02024
1 02039
1 02067
1 02080
1 02128
1 02159
1 02195
1 02219
1 02220
1 02224
1 02251
1 02291
1 02301
1 02322
1 02375
1 02376
1 02419
1 02475
1 02491
1 02500
1 02505
1 02520
1 02532
1 02534
1 02538
1 02546
1 02551
1 02609
1 02638
1 02647
1 02650
1 02652
1 02714
1 02783
1 02784
1 02798
1 02813
1 02898
1 02909
1 02917
1 02924
1 02933
1 02940
1 02948
1 03013
1 03023
1 03025
1 03039
1 03041
1 03071
1 03072
1 03094
1 03100
1 03107
1 03125
1 03129
1 03139
1 03154
1 03157
1 03176
1 03205
1 03235
1 03239
1 03263
1 03267
1 03276
1 03298
1 03305
1 03313
1 03320
1 03336
1 03356
1 03381
1 03400
1 03416
1 03417
1 03418
1 03570
1 03587
1 03596
1 03652
1 03673
1 03711
1 03744
1 03775
1 03795
1 03797
1 03918
1 03920
1 03926
1 03933
1 03934
1 03964
1 03984
1 03991
1 04052
1 04069
1 04153
1 04159
1 04161
1 04182
1 04201
1 04204
1 04227
1 04229
1 04235
1 04277
1 04281
1 04303
1 04323
1 04369
1 04411
1 04465
1 04477
1 04518
1 04537
1 04591
1 04659
1 04733
1 04748
1 04806
1 04850
1 04884
1 04893
1 04910
1 04933
1 04937
1 04964
1 04970
1 05001
1 05044
1 05077
1 05080
1 05082
1 05091
1 05117
1 05141
1 05177
1 05212
1 05303
1 05320
1 05331
1 05349
1 05350
1 05373
1 05442
1 05465
1 05469
1 05516
1 05517
1 05520
1 05533
1 05659
1 05667
1 05710
1 05739
1 05750
1 05751
1 05756
1 05876
1 05902
1 05919
1 05946
1 06027
1 06056
1 06065
1 06082
1 06085
1 06093
1 06124
1 06180
1 06410
1 06422
1 06428
1 06442
1 06443
1 06449
1 06463
1 06473
1 06499
1 06638
1 06654
1 06659
1 06665
1 06675
1 06689
1 06694
1 06697
1 06719
1 06731
1 06805
1 06810
1 06817
1 06818
1 06849
1 06874
1 06914
1 06928
1 06930
1 07057
1 07068
1 07090
1 07110
1 07130
1 07225
1 07247
1 07296
1 07319
1 07342
1 07362
1 07370
1 07391
1 07433
1 07482
1 07490
1 07548
1 07596
1 07603
1 07604
1 07627
1 07641
1 07650
1 07670
1 07678
1 07737
1 07747
1 07765
1 07773
1 07784
1 07789
1 07791
1 07796
1 07810
1 07819
1 07847
1 07855
1 07862
1 07899
1 07977
1 07992
1 07993
1 08002
1 08010
1 08020
1 08023
1 08204
1 08205
1 08224
1 08327
1 08361
1 08406
1 08428
1 08433
1 08438
1 08496
1 08497
1 08509
1 08512
1 08618
1 08691
1 08711
1 08730
1 08734
1 08778
1 08823
1 08836
1 08853
1 08855
1 08918
1 08932
1 08944
1 08962
1 08998
1 09047
1 09059
1 09108
1 09210
1 09230
1 09246
1 09258
1 09277
1 09285
1 09296
1 09343
1 09392
1 09412
1 09454
1 09526
1 09538
1 09544
1 09582
1 09607
1 09626
1 09635
1 09638
1 09640
1 09644
1 09677
1 09731
1 09742
1 09779
1 09809
1 09823
1 09833
1 09850
1 09858
1 09891
1 09918
1 09942
1 09971
1 09976
1 10005
1 10025
1 10058
1 10066
1 10088
1 10098
1 10102
1 10129
1 10146
1 10171
1 10224
1 10311
1 10361
1 10399
1 10404
1 10419
1 10429
1 10462
1 10541
1 10555
1 10674
1 10676
1 10692
1 10784
1 10786
1 10788
1 10844
1 10874
1 10883
1 10895
1 10950
1 10985
1 10994
1 11006
1 11029
1 11041
1 11056
1 11063
1 11074
1 11078
1 11088
1 11101
1 11102
1 11113
1 11143
1 11144
1 11161
1 11285
1 11299
1 11349
1 11362
1 11374
1 11386
1 11396
1 11468
1 11488
1 11492
1 11504
1 11508
1 11514
1 11526
1 11550
1 11563
1 11598
1 11619
1 11748
1 11763
1 11791
1 11812
1 11829
1 11863
1 11867
1 11871
1 11876
1 11909
1 11916
1 11968
1 11981
1 12018
1 12028
1 12106
1 12138
1 12146
1 12156
1 12172
1 12409
1 12454
1 12485
1 12540
1 12557
1 12600
1 12620
1 12644
1 12646
1 12676
1 12697
1 12698
1 12699
1 12827
1 12834
1 12839
1 12905
1 12933
1 12965
1 12973
1 13021
1 13023
1 13043
1 13085
1 13090
1 13175
1 13194
1 13211
1 13532
1 13714
1 13790
1 14131
1 14201
1 14263
1 14394
1 14469
1 14542
1 14604
1 14907
1 14932
1 14941
1 14949
1 15004
1 15060
1 15122
1 15128
1 15149
1 15239
1 15425
1 15479
1 15501
1 15544
1 15561
1 15565
1 15600
1 15605
1 15616
1 15778
1 15861
1 15970
1 15993
1 16041
1 16145
1 16163
1 16203
1 16211
1 16215
1 16216
1 16223
1 16232
1 16277
1 16395
1 16403
1 16409
1 16443
1 16459
1 16460
1 16465
1 16555
1 16563
1 16583
1 16591
1 16656
1 16675
1 16676
1 16677
1 16684
1 16685
1 16700
1 16714
1 16727
1 16737
1 16872
1 16874
1 17004
1 17046
1 17048
1 17053
1 17076
1 17081
1 17099
1 17115
1 17168
1 17178
1 17182
1 17250
1 17347
1 17488
1 17493
1 17506
1 17507
1 17513
1 17534
1 17538
1 17573
1 17574
1 17576
1 17579
1 17585
1 17589
1 17612
1 17659
1 17671
1 17687
1 17694
1 17700
1 17706
1 17723
1 17727
1 17746
1 17760
1 17766
1 17770
1 17776
1 17784
1 17787
1 17812
1 17837
1 17860
1 17864
1 17866
1 17886
1 17956
1 17973
1 17978
1 17993
1 18029
1 18036
1 18038
1 18040
1 18079
1 18182
1 18187
1 18205
1 18229
1 18232
1 18236
1 18239
1 18313
1 18325
1 18334
1 18342
1 18435
1 18566
1 18605
1 18643
1 18658
1 18660
1 18663
1 18682
1 18861
1 18895
1 18921
1 18962
1 18988
1 19050
1 19118
1 19127
1 19136
1 19137
1 19155
1 19240
1 19241
1 19256
1 19281
1 19283
1 19290
1 19325
1 19341
1 19344
1 19360
1 19379
1 19411
1 19419
1 19428
1 19441
1 19448
1 19461
1 19464
1 19675
1 19679
1 19683
1 19690
1 19697
1 19699
1 19713
1 19719
1 19732
1 19758
1 19796
1 19810
1 19831
1 19833
1 19839
1 19892
1 19900
1 19912
1 19939
1 19946
1 19959
1 19962
1 19968
1 19984
1 20114
1 20216
1 20298
1 20311
1 20328
1 20379
1 20396
1 20457
1 20489
1 20679
1 20698
1 20725
1 20744
1 20766
1 20792
1 20797
1 20811
1 20824
1 20835
1 20887
1 20905
1 21003
1 21078
1 21251
1 21253
1 21278
1 21287
1 21297
1 21319
1 21333
1 21357
1 21376
1 21387
1 21401
1 21404
1 21408
1 21429
1 21503
1 21550
-1 00003
-1 00009
-1 00025
-1 00028
-1 00033
-1 00088
-1 00148
-1 00170
-1 00192
-1 00200
-1 00203
-1 00280
-1 00300
-1 00305
-1 00308
-1 00344
-1 00348
-1 00355
-1 00429
-1 00537
-1 00570
-1 00633
-1 00641
-1 00655
-1 00657
-1 00668
-1 00677
-1 00700
-1 00752
-1 00765
-1 00806
-1 00828
-1 00875
-1 00883
-1 00892
-1 00935
-1 00951
-1 01001
-1 01073
-1 01082
-1 01083
-1 01092
-1 01097
-1 01121
-1 01138
-1 01180
-1 01184
-1 01255
-1 01262
-1 01272
-1 01273
-1 01297
-1 01338
-1 01345
-1 01386
-1 01393
-1 01419
-1 01436
-1 01447
-1 01494
-1 01507
-1 01515
-1 01535
-1 01544
-1 01558
-1 01575
-1 01576
-1 01670
-1 01788
-1 01810
-1 01825
-1 01874
-1 01906
-1 01944
-1 01960
-1 01981
-1 02029
-1 02033
-1 02091
-1 02246
-1 02310
-1 02313
-1 02331
-1 02347
-1 02394
-1 02444
-1 02469
-1 02479
-1 02480
-1 02509
-1 02530
-1 02547
-1 02623
-1 02629
-1 02643
-1 02664
-1 02668
-1 02723
-1 02741
-1 02758
-1 02760
-1 02761
-1 02772
-1 02792
-1 02846
-1 02920
-1 02965
-1 02968
-1 03001
-1 03015
-1 03024
-1 03062
-1 03068
-1 03070
-1 03075
-1 03131
-1 03141
-1 03177
-1 03195
-1 03240
-1 03265
-1 03291
-1 03392
-1 03393
-1 03402
-1 03454
-1 03560
-1 03578
-1 03598
-1 03613
-1 03623
-1 03638
-1 03643
-1 03675
-1 03685
-1 03701
-1 03704
-1 03714
-1 03715
-1 03716
-1 03778
-1 03799
-1 03813
-1 03819
-1 03892
-1 03931
-1 03945
-1 03975
-1 03992
-1 04046
-1 04088
-1 04099
-1 04112
-1 04119
-1 04130
-1 04175
-1 04186
-1 04247
-1 04333
-1 04352
-1 04355
-1 04361
-1 04364
-1 04420
-1 04426
-1 04464
-1 04472
-1 04502
-1 04515
-1 04526
-1 04552
-1 04583
-1 04585
-1 04600
-1 04717
-1 04730
-1 04744
-1 04753
-1 04763
-1 04773
-1 04784
-1 04823
-1 04826
-1 04843
-1 04906
-1 04909
-1 04924
-1 04961
-1 04978
-1 04996
-1 05037
-1 05053
-1 05067
-1 05096
-1 05101
-1 05186
-1 05210
-1 05217
-1 05258
-1 05281
-1 05306
-1 05348
-1 05368
-1 05384
-1 05430
-1 05463
-1 05489
-1 05512
-1 05577
-1 05587
-1 05590
-1 05644
-1 05654
-1 05711
-1 05796
-1 05837
-1 05838
-1 05935
-1 05936
-1 05959
-1 05961
-1 05965
-1 05987
-1 06016
-1 06108
-1 06111
-1 06141
-1 06220
-1 06243
-1 06254
-1 06287
-1 06325
-1 06326
-1 06364
-1 06377
-1 06415
-1 06440
-1 06450
-1 06465
-1 06519
-1 06570
-1 06581
-1 06617
-1 06648
-1 06672
-1 06715
-1 06724
-1 06752
-1 06757
-1 06766
-1 06780
-1 06857
-1 06862
-1 06911
-1 06958
-1 07011
-1 07035
-1 07050
-1 07069
-1 07089
-1 07158
-1 07159
-1 07179
-1 07185
-1 07200
-1 07263
-1 07298
-1 07311
-1 07333
-1 07340
-1 07402
-1 07419
-1 07435
-1 07549
-1 07578
-1 07601
-1 07649
-1 07687
-1 07720
-1 07754
-1 07854
-1 07905
-1 07978
-1 07981
-1 07985
-1 08012
-1 08052
-1 08065
-1 08078
-1 08093
-1 08128
-1 08136
-1 08215
-1 08230
-1 08239
-1 08260
-1 08278
-1 08285
-1 08318
-1 08345
-1 08348
-1 08460
-1 08485
-1 08508
-1 08527
-1 08586
-1 08600
-1 08642
-1 08648
-1 08649
-1 08686
-1 08732
-1 08753
-1 08761
-1 08769
-1 08789
-1 08809
-1 08815
-1 08839
-1 08860
-1 08864
-1 08879
-1 08907
-1 08957
-1 09006
-1 09028
-1 09080
-1 09082
-1 09086
-1 09100
-1 09107
-1 09116
-1 09166
-1 09272
-1 09276
-1 09282
-1 09289
-1 09348
-1 09387
-1 09457
-1 09536
-1 09568
-1 09617
-1 09633
-1 09636
-1 09651
-1 09658
-1 09694
-1 09704
-1 09750
-1 09800
-1 09802
-1 09817
-1 09897
-1 09935
-1 09956
-1 10033
-1 10072
-1 10095
-1 10113
-1 10114
-1 10120
-1 10123
-1 10161
-1 10247
-1 10289
-1 10427
-1 10433
-1 10468
-1 10471
-1 10476
-1 10501
-1 10502
-1 10521
-1 10539
-1 10547
-1 10559
-1 10560
-1 10595
-1 10623
-1 10644
-1 10681
-1 10695
-1 10713
-1 10732
-1 10747
-1 10748
-1 10835
-1 10845
-1 10846
-1 10898
-1 10935
-1 10953
-1 10955
-1 10966
-1 11016
-1 11020
-1 11032
-1 11069
-1 11075
-1 11077
-1 11079
-1 11100
-1 11147
-1 11230
-1 11247
-1 11248
-1 11286
-1 11294
-1 11298
-1 11325
-1 11326
-1 11337
-1 11353
-1 11419
-1 11458
-1 11463
-1 11473
-1 11507
-1 11509
-1 11517
-1 11520
-1 11521
-1 11533
-1 11556
-1 11559
-1 11569
-1 11608
-1 11663
-1 11695
-1 11720
-1 11737
-1 11782
-1 11814
-1 11849
-1 11889
-1 11914
-1 11925
-1 11934
-1 11947
-1 11971
-1 11986
-1 11992
-1 12042
-1 12046
-1 12069
-1 12077
-1 12097
-1 12105
-1 12120
-1 12124
-1 12164
-1 12166
-1 12181
-1 12189
-1 12264
-1 12284
-1 12310
-1 12317
-1 12322
-1 12330
-1 12342
-1 12438
-1 12452
-1 12511
-1 12528
-1 12553
-1 12562
-1 12579
-1 12586
-1 12607
-1 12654
-1 12656
-1 12726
-1 12739
-1 12802
-1 12811
-1 12826
-1 12862
-1 12867
-1 12885
-1 12892
-1 12914
-1 12915
-1 12918
-1 12927
-1 12938
-1 12987
-1 13067
-1 13097
-1 13108
-1 13146
-1 13160
-1 13171
-1 13193
-1 13244
-1 13249
-1 13250
-1 13263
-1 13291
-1 13308
-1 13329
-1 13332
-1 13382
-1 13389
-1 13398
-1 13413
-1 13448
-1 13493
-1 13507
-1 13515
-1 13544
-1 13546
-1 13570
-1 13594
-1 13601
-1 13616
-1 13628
-1 13630
-1 13656
-1 13676
-1 13708
-1 13724
-1 13739
-1 13747
-1 13799
-1 13871
-1 13876
-1 14024
-1 14052
-1 14069
-1 14071
-1 14111
-1 14135
-1 14202
-1 14262
-1 14288
-1 14358
-1 14397
-1 14443
-1 14491
-1 14493
-1 14541
-1 14583
-1 14665
-1 14711
-1 14720
-1 14768
-1 14795
-1 14803
-1 14880
-1 14984
-1 14999
-1 15044
-1 15049
-1 15075
-1 15099
-1 15143
-1 15184
-1 15194
-1 15224
-1 15225
-1 15235
-1 15236
-1 15248
-1 15264
-1 15277
-1 15368
-1 15370
-1 15396
-1 15407
-1 15458
-1 15466
-1 15504
-1 15514
-1 15569
-1 15577
-1 15592
-1 15602
-1 15612
-1 15700
-1 15704
-1 15724
-1 15764
-1 15792
-1 15897
-1 15935
-1 15947
-1 15949
-1 15954
-1 16001
-1 16035
-1 16049
-1 16058
-1 16069
-1 16104
-1 16110
-1 16124
-1 16166
-1 16205
-1 16208
-1 16299
-1 16308
-1 16357
-1 16391
-1 16438
-1 16447
-1 16456
-1 16466
-1 16477
-1 16488
-1 16492
-1 16494
-1 16515
-1 16524
-1 16557
-1 16596
-1 16618
-1 16640
-1 16642
-1 16659
-1 16708
-1 16710
-1 16715
-1 16748
-1 16794
-1 16823
-1 16830
-1 16831
-1 16844
-1 16898
-1 16956
-1 16965
-1 17132
-1 17165
-1 17232
-1 17235
-1 17259
-1 17265
-1 17282
-1 17341
-1 17362
-1 17381
-1 17389
-1 17483
-1 17510
-1 17533
-1 17535
-1 17571
-1 17572
-1 17678
-1 17711
-1 17774
-1 17778
-1 17786
-1 17840
-1 17841
-1 17854
-1 17856
-1 17877
-1 17916
-1 17919
-1 17922
-1 17979
-1 18002
-1 18010
-1 18039
-1 18043
-1 18114
-1 18118
-1 18162
-1 18201
-1 18244
-1 18253
-1 18396
-1 18448
-1 18503
-1 18531
-1 18562
-1 18596
-1 18623
-1 18634
-1 18650
-1 18652
-1 18666
-1 18675
-1 18687
-1 18696
-1 18742
-1 18813
-1 18848
-1 18864
-1 18896
-1 18937
-1 18951
-1 18996
-1 19095
-1 19143
-1 19144
-1 19164
-1 19188
-1 19197
-1 19221
-1 19242
-1 19245
-1 19291
-1 19296
-1 19313
-1 19315
-1 19326
-1 19370
-1 19371
-1 19377
-1 19404
-1 19415
-1 19445
-1 19455
-1 19471
-1 19504
-1 19548
-1 19564
-1 19579
-1 19585
-1 19597
-1 19613
-1 19616
-1 19638
-1 19641
-1 19658
-1 19671
-1 19688
-1 19692
-1 19715
-1 19789
-1 19825
-1 19847
-1 19871
-1 19883
-1 19886
-1 19925
-1 19952
-1 19973
-1 20031
-1 20104
-1 20107
-1 20113
-1 20115
-1 20119
-1 20126
-1 20200
-1 20227
-1 20229
-1 20230
-1 20239
-1 20348
-1 20405
-1 20436
-1 20510
-1 20533
-1 20564
-1 20579
-1 20592
-1 20595
-1 20599
-1 20614
-1 20623
-1 20645
-1 20678
-1 20684
-1 20686
-1 20690
-1 20726
-1 20767
-1 20772
-1 20796
-1 20830
-1 20884
-1 20894
-1 21055
-1 21124
-1 21147
-1 21176
-1 21179
-1 21197
-1 21213
-1 21216
-1 21223
-1 21241
-1 21248
-1 21332
-1 21334
-1 21385
-1 21434
-1 21476
-1 21480
-1 21537
-1 21558
