07873 -0.969366
08654 -0.969365
03319 -0.969359
19591 -0.969353
04570 -0.969302
12466 -0.969293
13273 -0.969293
02913 -0.969292
17040 -0.96929
06167 -0.969285
08109 -0.969275
08188 -0.969275
01926 -0.969257
02354 -0.969257
04011 -0.969244
11216 -0.96924
03034 -0.969232
13683 -0.969225
21523 -0.969221
09634 -0.96922
09166 -0.969216
09222 -0.969216
11266 -0.969214
16146 -0.969213
00213 -0.969199
18908 -0.969183
11768 -0.969181
04035 -0.969179
02542 -0.969165
05181 -0.969165
06128 -0.969146
09746 -0.969144
05752 -0.969127
17263 -0.969124
09617 -0.969116
08009 -0.969105
10377 -0.969101
05506 -0.969096
00516 -0.969094
18609 -0.969088
16946 -0.969083
10131 -0.969075
17515 -0.969072
04110 -0.969053
19273 -0.969048
14199 -0.969035
08151 -0.969034
08257 -0.969034
00018 -0.969002
07663 -0.968937
03687 -0.968936
13640 -0.968927
09254 -0.968898
06720 -0.968875
16220 -0.96887
08064 -0.968856
17216 -0.968842
17277 -0.968842
01731 -0.968841
17033 -0.968833
07104 -0.968832
13666 -0.968827
09849 -0.968819
14538 -0.968815
18405 -0.968808
19405 -0.968804
09018 -0.968777
00293 -0.968762
17462 -0.968735
02679 -0.968726
06943 -0.96872
14313 -0.968717
18381 -0.968706
19996 -0.968696
14749 -0.968695
13722 -0.968691
14818 -0.968689
14952 -0.968689
11004 -0.968666
08554 -0.968663
15376 -0.968655
10750 -0.968651
13527 -0.968649
19499 -0.968639
19061 -0.968622
02964 -0.968605
13894 -0.968602
09165 -0.9686
14783 -0.968588
15287 -0.968581
04231 -0.968576
05382 -0.968573
18104 -0.96856
17097 -0.968542
01312 -0.96854
14478 -0.968533
16018 -0.968524
02282 -0.96852
08671 -0.968518
08160 -0.968507
12533 -0.968499
14820 -0.968498
14904 -0.968498
09076 -0.968486
17923 -0.968481
00267 -0.968468
17427 -0.968466
11287 -0.968419
03537 -0.968416
17366 -0.968405
17408 -0.968404
04630 -0.968395
05486 -0.968391
20864 -0.96838
02264 -0.96837
21492 -0.968351
19604 -0.968329
16856 -0.968321
07308 -0.968316
17273 -0.968311
19806 -0.968309
03364 -0.968287
03492 -0.968282
09604 -0.968268
11780 -0.968255
18244 -0.968244
00228 -0.968242
09406 -0.968235
16139 -0.968224
18868 -0.968224
08252 -0.968218
04695 -0.968198
11838 -0.968182
17875 -0.968175
17953 -0.968155
08093 -0.968137
00402 -0.968128
12693 -0.968103
14571 -0.968102
19226 -0.968089
07336 -0.968082
01387 -0.968081
17403 -0.968073
17131 -0.968069
02992 -0.968062
15058 -0.96806
14432 -0.968053
14674 -0.968035
14713 -0.968035
18375 -0.968035
00903 -0.968032
01232 -0.968027
17805 -0.968017
03577 -0.967996
09554 -0.967969
15658 -0.967953
06578 -0.967951
17109 -0.967944
17145 -0.967932
09838 -0.967928
20522 -0.967926
02864 -0.967916
17783 -0.967908
06133 -0.967901
01394 -0.967881
00363 -0.967869
06006 -0.96786
02034 -0.967849
12749 -0.967827
02383 -0.967824
03426 -0.967823
04061 -0.967811
16525 -0.96781
01350 -0.967792
17657 -0.967774
07290 -0.967769
03464 -0.967767
03525 -0.967767
00225 -0.967757
04031 -0.967755
12836 -0.967741
20023 -0.967734
12192 -0.967725
12407 -0.967706
04490 -0.967704
15946 -0.967704
11280 -0.967685
03931 -0.967684
08076 -0.967678
11167 -0.967671
15351 -0.96767
05279 -0.967669
16762 -0.967666
16225 -0.967659
05865 -0.967651
01079 -0.967649
04522 -0.967649
16959 -0.96763
00249 -0.967619
13859 -0.967587
11254 -0.967581
03195 -0.967576
05792 -0.967551
04628 -0.96755
14171 -0.967549
17959 -0.967539
00525 -0.967517
12381 -0.967517
12328 -0.967484
04595 -0.96748
05330 -0.967476
13858 -0.967475
02635 -0.967473
06965 -0.967468
19060 -0.967467
11739 -0.967462
20872 -0.967462
00856 -0.967453
11555 -0.967446
12795 -0.967441
19238 -0.967437
17452 -0.967429
00290 -0.967427
05160 -0.967422
05702 -0.967419
09950 -0.967404
20250 -0.967372
21002 -0.967361
08117 -0.967339
15653 -0.967338
01574 -0.967317
19003 -0.967317
00322 -0.967314
13613 -0.967309
03455 -0.967301
10341 -0.967292
17239 -0.967288
12989 -0.967282
04174 -0.967279
03467 -0.967266
01398 -0.967249
17346 -0.967247
15224 -0.967236
05852 -0.967234
14281 -0.967222
05783 -0.967198
19844 -0.967181
19484 -0.96718
03453 -0.967174
12555 -0.967174
03280 -0.967169
14440 -0.967158
09015 -0.967151
19594 -0.967147
05376 -0.967142
20778 -0.967136
15434 -0.967114
07230 -0.967113
00660 -0.967099
13123 -0.967082
14403 -0.967082
18475 -0.967064
07712 -0.967054
18340 -0.967054
15405 -0.967031
15439 -0.967031
17859 -0.967031
09903 -0.967005
04393 -0.967004
17925 -0.966985
17999 -0.966976
03446 -0.966948
15720 -0.966942
06541 -0.966918
17083 -0.966909
05697 -0.966902
08637 -0.966886
03583 -0.966884
10647 -0.966866
19835 -0.966854
14401 -0.966839
10672 -0.966831
10619 -0.966813
07323 -0.966809
09906 -0.966809
09786 -0.966788
20550 -0.966782
01809 -0.966781
06652 -0.966765
13277 -0.966763
07572 -0.966734
09774 -0.966723
12175 -0.966721
05231 -0.966716
17256 -0.966716
04004 -0.966715
12790 -0.966715
17117 -0.9667
18432 -0.966677
12502 -0.966671
04619 -0.966661
12325 -0.966587
12813 -0.966585
03892 -0.966568
12887 -0.966568
08522 -0.966559
05288 -0.966558
07161 -0.966556
18129 -0.966546
03199 -0.966541
14676 -0.96652
07788 -0.966501
07037 -0.966485
02848 -0.966473
00721 -0.966471
12909 -0.966467
18302 -0.966462
12796 -0.966461
13333 -0.966446
12609 -0.966354
02741 -0.96633
14824 -0.966323
17251 -0.966304
12691 -0.966278
12509 -0.966262
12907 -0.96625
14625 -0.966245
03484 -0.966225
17195 -0.966215
17650 -0.966204
13249 -0.966188
02256 -0.966147
17201 -0.966147
11269 -0.966143
10643 -0.966098
03581 -0.966081
17886 -0.966025
19995 -0.96602
02417 -0.96601
05835 -0.965998
17203 -0.965987
07171 -0.965977
19070 -0.965969
17385 -0.965964
12209 -0.965958
06253 -0.965947
04382 -0.965938
10729 -0.965918
05561 -0.965904
11151 -0.965895
16958 -0.965889
11771 -0.96588
14022 -0.965873
20866 -0.965869
18604 -0.965868
15171 -0.965842
18378 -0.965825
08694 -0.965818
06823 -0.965791
16080 -0.965783
05542 -0.965766
06960 -0.965716
04103 -0.96571
18899 -0.965697
00628 -0.965673
14939 -0.965672
19658 -0.965656
01970 -0.965649
14935 -0.965637
15802 -0.965635
10695 -0.965615
00263 -0.965603
18399 -0.965561
12417 -0.965559
16256 -0.965517
10800 -0.965513
19126 -0.965511
19091 -0.965507
12423 -0.965501
05244 -0.965489
14344 -0.965457
13289 -0.965448
13908 -0.965435
00200 -0.965429
06745 -0.965429
19898 -0.965409
04685 -0.965375
04754 -0.965375
04946 -0.965375
01805 -0.965369
17027 -0.965368
18865 -0.965358
10036 -0.965353
16039 -0.965342
00180 -0.965333
16095 -0.965304
07396 -0.965292
12399 -0.965287
00195 -0.965267
19947 -0.965236
05343 -0.965215
19530 -0.965215
13555 -0.96521
05156 -0.965206
12330 -0.965203
08635 -0.965185
08667 -0.965185
05850 -0.965184
01476 -0.965156
21391 -0.965148
10608 -0.965146
09542 -0.965142
18476 -0.965127
15142 -0.965116
10767 -0.965115
19517 -0.965115
01579 -0.96511
12052 -0.965082
12519 -0.96507
08060 -0.96505
11843 -0.965019
17486 -0.965006
00107 -0.964978
18851 -0.964962
17480 -0.964943
01940 -0.964934
01840 -0.964928
12437 -0.964922
16963 -0.964894
00309 -0.964861
19043 -0.964856
20186 -0.964843
07515 -0.964838
07236 -0.964834
08088 -0.964802
14864 -0.964802
03576 -0.964798
00634 -0.964757
13232 -0.964753
05656 -0.964703
16182 -0.964687
16186 -0.964687
08106 -0.964671
08186 -0.964671
17330 -0.964625
12787 -0.96461
06979 -0.964596
11170 -0.964594
07356 -0.964589
16932 -0.964531
15223 -0.964516
01899 -0.964484
03532 -0.964442
05895 -0.964437
16253 -0.964419
08466 -0.964418
11813 -0.964366
21575 -0.96436
00798 -0.964348
18598 -0.96433
09356 -0.964309
15761 -0.964307
11178 -0.964301
02387 -0.964283
05892 -0.964259
00908 -0.964252
15462 -0.96422
04289 -0.964162
00977 -0.964148
16099 -0.964137
01951 -0.964116
04109 -0.964054
00193 -0.964045
09582 -0.964018
06716 -0.964006
19433 -0.963999
17962 -0.96395
01761 -0.963939
20052 -0.963939
10015 -0.963937
11545 -0.963926
18866 -0.963909
01675 -0.963874
09124 -0.96385
19546 -0.963834
16962 -0.963832
04525 -0.963808
19387 -0.96379
18614 -0.963778
03869 -0.963773
12422 -0.963773
07326 -0.963751
01093 -0.963702
02731 -0.963694
04739 -0.963663
09592 -0.963661
04172 -0.963622
13526 -0.96357
11534 -0.963549
06404 -0.963514
12375 -0.963491
06063 -0.963488
10306 -0.963468
14618 -0.96346
14712 -0.96346
00857 -0.963451
19559 -0.963385
01811 -0.963358
18459 -0.963343
16938 -0.963332
01361 -0.96331
16542 -0.963308
15480 -0.963179
12823 -0.963122
10299 -0.963119
12761 -0.963099
04048 -0.963066
05266 -0.963053
12563 -0.96305
07569 -0.963049
19497 -0.963042
12821 -0.963024
16423 -0.963007
08656 -0.962997
00462 -0.962984
06415 -0.962971
08150 -0.962968
01535 -0.962942
00271 -0.962907
02087 -0.962875
05849 -0.96284
14448 -0.962814
09327 -0.962809
11956 -0.962761
05155 -0.962754
15918 -0.962743
15718 -0.962707
15741 -0.962666
18323 -0.962659
15748 -0.962652
09793 -0.962638
06890 -0.962587
00235 -0.962572
16208 -0.962495
08400 -0.96247
02077 -0.962467
05214 -0.962387
07154 -0.962373
00075 -0.962366
05781 -0.962358
12457 -0.962358
12473 -0.962358
06646 -0.962333
08592 -0.962316
08662 -0.962316
08713 -0.962292
04133 -0.962246
21486 -0.962205
00432 -0.962138
16728 -0.962122
12604 -0.962117
16094 -0.962051
16357 -0.962051
11984 -0.962045
19536 -0.962036
06906 -0.962005
00742 -0.961991
01934 -0.961983
18521 -0.961973
02557 -0.96197
05518 -0.961937
13785 -0.961922
05786 -0.961904
09763 -0.9619
11959 -0.96185
00622 -0.961805
18366 -0.961796
18835 -0.961778
06941 -0.961757
06338 -0.961749
00303 -0.961718
17092 -0.961708
10070 -0.961684
11116 -0.961622
02448 -0.961577
14167 -0.961558
01859 -0.961557
04071 -0.96155
03949 -0.961528
20829 -0.961502
14163 -0.961383
06940 -0.96136
04326 -0.961299
10876 -0.961251
05717 -0.961241
11390 -0.961222
16935 -0.961212
16957 -0.961212
02025 -0.961211
08044 -0.961202
07357 -0.961195
04026 -0.961071
10134 -0.961056
05262 -0.96101
13583 -0.961004
13972 -0.960929
00105 -0.960902
06269 -0.960827
00346 -0.960785
16794 -0.960781
17803 -0.960735
01907 -0.960654
00842 -0.960631
09470 -0.960586
09546 -0.960581
05847 -0.960555
19822 -0.96055
21080 -0.960536
02982 -0.960535
14295 -0.960509
08608 -0.96047
08676 -0.96047
09550 -0.960375
01133 -0.960271
02036 -0.960255
04550 -0.96023
17059 -0.960198
05800 -0.960197
10559 -0.960165
00241 -0.960126
14589 -0.960087
09704 -0.960073
06882 -0.960063
18791 -0.960046
03110 -0.960034
07625 -0.960028
03218 -0.959946
10623 -0.95994
07771 -0.959919
16929 -0.959903
06657 -0.9599
08446 -0.959888
01030 -0.959887
17890 -0.959848
03228 -0.959829
00232 -0.959816
01936 -0.959811
04867 -0.959799
16076 -0.959766
08421 -0.959765
20750 -0.959758
07804 -0.959705
04593 -0.959695
17198 -0.959637
04984 -0.959547
00310 -0.959506
12439 -0.959488
15929 -0.959474
13751 -0.959401
19083 -0.959388
08290 -0.959316
08413 -0.959171
12117 -0.95915
14299 -0.95915
19225 -0.959142
01597 -0.959041
16113 -0.959012
17948 -0.958892
20094 -0.958861
13716 -0.95882
13723 -0.958817
17888 -0.958804
16926 -0.958796
14318 -0.958791
06411 -0.95867
02901 -0.958659
13584 -0.958572
03561 -0.958541
10665 -0.958432
10781 -0.958432
14839 -0.958295
11179 -0.958256
13977 -0.958155
01990 -0.958088
12623 -0.958084
07540 -0.958081
06682 -0.958045
12770 -0.958041
06348 -0.957859
00876 -0.957855
06062 -0.957854
13651 -0.957845
04552 -0.957828
13860 -0.957807
12602 -0.957766
06296 -0.957697
13732 -0.957695
07183 -0.957693
20865 -0.957687
16752 -0.957681
03432 -0.957608
16973 -0.957603
01393 -0.957578
03124 -0.957439
16032 -0.957378
11461 -0.957347
13286 -0.957302
09315 -0.957261
13893 -0.957206
13872 -0.957117
02974 -0.957095
07350 -0.957024
14454 -0.956969
05499 -0.956932
17261 -0.956912
14119 -0.956862
15013 -0.956822
14957 -0.956804
02068 -0.956778
04860 -0.95672
12983 -0.956717
02390 -0.95663
07501 -0.956554
07011 -0.956466
18637 -0.95636
17511 -0.956318
00672 -0.956254
10322 -0.956147
18744 -0.956066
01863 -0.956052
18973 -0.955875
16630 -0.955805
16671 -0.955719
09163 -0.955479
14613 -0.955447
14711 -0.955447
02226 -0.95524
01656 -0.955183
11260 -0.955018
20878 -0.955013
13654 -0.95489
06600 -0.954759
13587 -0.954534
14656 -0.95449
14670 -0.95449
20649 -0.954443
13585 -0.954288
05587 -0.95427
06444 -0.95411
13944 -0.954075
14912 -0.95396
12776 -0.953925
12804 -0.953925
13838 -0.953915
17674 -0.953869
14045 -0.953849
09069 -0.953756
14881 -0.953748
06884 -0.953478
13766 -0.953375
13985 -0.953362
13236 -0.95334
07924 -0.953208
03337 -0.953049
06841 -0.952765
14434 -0.952721
16009 -0.952711
01439 -0.952618
11574 -0.952491
13646 -0.952375
19165 -0.952267
17380 -0.952089
20231 -0.952015
01813 -0.952004
02095 -0.951979
18512 -0.951762
09060 -0.95162
14936 -0.951523
07565 -0.95136
20232 -0.951235
04215 -0.951223
19169 -0.951211
04151 -0.951194
17449 -0.950959
13864 -0.950673
08140 -0.950476
11953 -0.950205
05363 -0.949944
03084 -0.949847
13080 -0.949828
00893 -0.949657
00991 -0.949641
17477 -0.949565
06903 -0.949547
08143 -0.949456
10043 -0.94942
20492 -0.949308
02505 -0.949174
13684 -0.949015
13965 -0.948932
13848 -0.948829
09660 -0.948746
16103 -0.948739
16777 -0.948713
13976 -0.948559
14826 -0.948442
19250 -0.948432
21367 -0.948037
16751 -0.947779
04356 -0.947695
05057 -0.947586
10124 -0.947452
19882 -0.947446
10961 -0.947402
17823 -0.947058
19059 -0.94693
04056 -0.946845
20091 -0.946804
02947 -0.946655
13986 -0.946647
05810 -0.946011
19560 -0.945936
14323 -0.945771
13805 -0.94572
18464 -0.945665
06127 -0.945559
13655 -0.945512
02727 -0.945314
18231 -0.945066
07907 -0.944951
14089 -0.94466
13862 -0.944228
02030 -0.944113
07632 -0.943742
06623 -0.943717
10310 -0.943615
03456 -0.943583
11399 -0.943505
04392 -0.943475
12355 -0.943436
15738 -0.943283
08752 -0.943067
20469 -0.942782
13674 -0.9426
10905 -0.942539
10670 -0.94253
10324 -0.942427
16241 -0.942406
13049 -0.941989
12690 -0.941758
20911 -0.941511
02650 -0.941385
14502 -0.940667
09621 -0.94037
01792 -0.940312
14385 -0.940105
11043 -0.940014
18277 -0.939257
05896 -0.938767
12401 -0.938576
05908 -0.938094
00046 -0.938007
20620 -0.937782
10385 -0.937601
08132 -0.93753
00862 -0.937396
05791 -0.937359
02359 -0.936327
12764 -0.93604
12830 -0.93604
14010 -0.935359
02445 -0.935168
11914 -0.934371
13642 -0.934164
18676 -0.933666
00450 -0.933641
20989 -0.933632
15206 -0.933022
13781 -0.932889
04541 -0.932746
18276 -0.932617
15960 -0.931828
00121 -0.930945
09523 -0.930401
14051 -0.929999
14552 -0.929783
00443 -0.929766
13788 -0.929471
07962 -0.929231
14116 -0.928658
02851 -0.928372
13691 -0.927844
03330 -0.927316
14307 -0.927225
13973 -0.927155
20335 -0.927097
14019 -0.926655
14058 -0.926655
03339 -0.926485
06040 -0.926331
09290 -0.926026
15949 -0.9253
11516 -0.924997
14124 -0.924087
07062 -0.924063
08705 -0.92366
01557 -0.923532
12584 -0.923391
15367 -0.923391
05400 -0.923302
02857 -0.922932
14382 -0.922919
16316 -0.922919
14698 -0.92237
13911 -0.922142
13789 -0.921797
16972 -0.92151
13647 -0.921488
14179 -0.921269
05667 -0.921154
03340 -0.920881
14247 -0.920363
18099 -0.919329
14294 -0.918545
14345 -0.918545
14349 -0.918545
04897 -0.918141
14681 -0.917983
17399 -0.917861
15290 -0.917585
13786 -0.917497
20961 -0.917014
01776 -0.916224
13989 -0.916035
14378 -0.915792
13685 -0.915149
13774 -0.915081
02594 -0.915027
17165 -0.914765
14067 -0.913906
14647 -0.913866
18460 -0.913341
13975 -0.91104
14005 -0.909438
09567 -0.909108
01407 -0.909088
14819 -0.907102
14951 -0.907102
08008 -0.906177
14172 -0.905766
14548 -0.904847
14356 -0.903933
12376 -0.903583
14362 -0.90195
13547 -0.900811
19555 -0.900685
16943 -0.900396
13545 -0.900034
13556 -0.900034
14004 -0.899967
13549 -0.899688
19580 -0.899518
01893 -0.898597
09201 -0.898522
14483 -0.898398
10373 -0.898186
16236 -0.897119
13697 -0.897052
04833 -0.896042
13984 -0.895958
13682 -0.895885
14673 -0.895234
14018 -0.895042
14627 -0.894767
09646 -0.89451
12372 -0.894506
14650 -0.894492
14694 -0.894052
19549 -0.893919
11268 -0.892752
14692 -0.889307
01110 -0.888581
11278 -0.888495
14115 -0.886368
18044 -0.885377
14685 -0.884707
14187 -0.883568
14369 -0.883516
02168 -0.883486
18482 -0.882602
15504 -0.882173
08800 -0.880558
06492 -0.880041
03278 -0.874945
16763 -0.871143
16790 -0.871143
20462 -0.870483
11544 -0.870364
16947 -0.867585
03318 -0.867402
12257 -0.863419
13778 -0.861385
14258 -0.859706
17176 -0.858144
15237 -0.857362
18034 -0.85609
15642 -0.855587
02389 -0.855315
12737 -0.854331
13673 -0.85102
12594 -0.850972
16519 -0.848601
16379 -0.848037
13149 -0.847974
20511 -0.846836
17424 -0.846629
12595 -0.845965
04314 -0.845529
04101 -0.843827
14292 -0.842638
14725 -0.84256
15254 -0.833265
16564 -0.831941
10334 -0.83138
05099 -0.829902
14858 -0.827551
12618 -0.824833
05009 -0.822918
20441 -0.820983
05031 -0.820379
15798 -0.815356
19269 -0.813617
05445 -0.809958
05487 -0.809397
08574 -0.803754
04564 -0.801031
16784 -0.800802
10616 -0.798857
04577 -0.798836
05812 -0.792152
01772 -0.791683
18352 -0.791505
01372 -0.789954
17358 -0.789393
06317 -0.788879
04636 -0.783938
12603 -0.783831
12332 -0.774054
04631 -0.77382
04022 -0.773189
09754 -0.771858
03901 -0.770024
17512 -0.767358
06804 -0.767078
19607 -0.758618
04503 -0.758513
20196 -0.756806
21433 -0.756806
17990 -0.755751
18373 -0.755751
18653 -0.755751
19145 -0.755214
03057 -0.754762
03595 -0.754762
04206 -0.754762
05333 -0.754762
05928 -0.754762
07101 -0.754762
08241 -0.754762
02572 -0.754463
07660 -0.754463
10415 -0.754463
13768 -0.754107
15532 -0.754107
16255 -0.754107
16980 -0.754107
17319 -0.754107
17390 -0.754107
17090 -0.753908
02495 -0.750834
04514 -0.748549
13380 -0.747975
13382 -0.747975
02978 -0.745399
