13149
14072
01772
20441
09754
12594
13382
13380
04314
16784
12737
04631
14858
06317
13673
16763
15642
13778
14685
16790
14292
14650
05812
15868
01907
10324
15865
14819
04056
15869
03335
03467
15866
18044
14951
14681
05791
12439
05667
09523
14673
14362
13049
19592
14258
02389
16947
04514
19549
01710
14753
04577
12372
05445
11959
04503
12415
11043
19145
07660
05487
02495
02572
10415
00105
04593
02727
17090
11268
19225
16379
20411
12983
16728
17829
11516
03318
16010
08705
00195
16519
04151
16208
07230
04564
18140
21338
02496
03561
18231
20911
04936
01827
10517
05977
18381
18179
04265
11004
13555
01107
00051
03110
00197
09646
14676
13848
05003
05655
06128
08800
07625
04435
01030
12338
13324
06148
16101
09095
15796
10559
08752
13562
10373
01695
07601
21080
19840
02445
05111
14482
02650
02264
10391
12257
18656
07928
07341
19021
19996
19352
06909
02669
11905
18187
14957
11465
06682
15949
10511
03844
09621
05343
04867
16143
12690
11002
17108
16084
07951
19388
17399
11519
14512
13931
05992
03036
18482
18281
11678
20821
00895
08256
19560
20522
04091
03456
00057
20929
16601
18464
05635
11953
13340
04199
15236
08078
12787
07350
14725
12618
11052
04512
14172
15721
19250
14531
13779
06167
00777
19517
12376
12982
14603
06625
16433
12712
09567
08543
15129
08140
03330
16652
20843
10400
06824
16630
17132
01151
09201
12076
13661
06061
12843
16930
18168
20845
17504
14905
08737
13974
12882
11321
01859
00992
13829
06916
06071
13326
01998
12246
16928
00778
11157
06979
14825
03040
13672
14684
14810
03756
12484
09094
18675
02586
06786
01294
05603
07087
02095
07804
01668
06012
00486
13197
07507
19823
14094
16922
03690
02164
02343
16962
20261
09093
01966
03473
17867
05995
14472
18147
20377
12648
02959
06391
13502
05536
14253
02392
02880
14389
00885
16736
10575
08412
13397
01004
19519
13431
13184
10237
14709
06004
04316
16049
13820
11096
04360
11676
19056
10383
12698
03811
01910
09542
04540
13185
13942
11017
09515
08987
12894
03033
05781
14096
01776
06499
00075
05381
05829
13016
05288
18478
19461
13753
18268
15542
08776
00091
16288
05694
03700
07672
13315
02225
11634
12686
15528
15147
19114
02604
14936
09919
15426
09916
00243
07269
09619
04833
16322
03541
09221
10613
08122
01092
11623
13091
12795
07199
19882
09025
07766
02129
02865
06615
03124
06937
10510
04231
03278
14015
12032
10591
18569
08527
00766
07353
01542
20070
01761
06444
15420
12426
03228
02942
12117
18375
09248
03010
03650
05633
11534
01232
14133
00332
11838
08768
15727
20763
14794
16015
07198
07368
00106
14369
11147
03802
13093
08640
14530
18954
04110
12584
05987
01914
01448
11337
16989
20091
18943
12766
09962
13435
00173
07137
06537
19177
13394
07984
19446
17740
13970
07023
08323
07121
02716
06320
15232
01680
19896
09649
08260
02857
17792
11551
01567
19731
20878
07899
18170
11785
08454
16674
18000
05330
16191
10205
02670
10997
12538
04424
11075
21020
15595
10578
14432
00643
05743
14028
15945
02862
17127
00795
12274
14947
00815
18489
10899
16261
16239
11937
12595
19580
01372
00165
19857
12814
02647
04359
16000
19773
11069
14696
11561
00661
14429
06292
11911
14254
15860
08037
11871
03970
03776
00510
20717
00750
20577
07236
07819
00751
13101
13307
03082
18244
04030
07657
14468
11944
08050
12974
12911
14274
06889
19932
19208
06706
14142
17539
11651
09912
11122
02926
14204
15406
15059
01962
10603
09895
14562
09696
19658
00184
14495
02168
11927
08480
07976
10438
00991
09571
00737
12419
17319
01631
13364
10159
15741
18789
03412
05810
20250
06898
00893
01066
13099
07675
09254
03706
00948
15138
12809
18853
16255
02086
13545
11960
15536
15504
07116
02036
13547
00185
20501
17990
08695
13611
17492
18373
02892
19995
19806
00215
01330
09344
06415
04541
03282
03345
01020
17462
14139
17570
13647
04102
12226
12672
19096
19230
19113
06903
04907
18915
05521
02967
01333
08112
06517
00658
11627
13967
02950
05863
11718
11360
13955
21062
03378
13984
12224
03828
12761
01396
14356
08493
15376
07182
05545
18925
07574
03658
19313
18318
01129
10224
01341
13950
02885
19354
07840
10896
12708
21361
07250
00616
06901
13596
06498
13084
12816
00020
17916
13618
08996
14467
18629
18480
01493
05857
06126
13816
20732
06189
02399
14996
15242
10346
05638
03888
03499
03688
05173
13536
02951
06513
14101
05767
16471
20519
15958
09204
11571
13514
09955
19399
18980
10985
16688
11484
02779
01490
03747
02361
18195
07114
19054
01123
03092
00816
20134
04525
08255
09801
09104
15959
18017
11371
05502
06276
00379
03701
14620
02671
12133
00694
04738
10424
07714
09858
14473
01187
00976
18259
16902
15638
13925
11364
00168
21306
11620
13175
04876
03052
18599
10437
00669
20431
06851
04013
16236
15692
18310
11476
04036
18611
00492
21399
02871
13096
17003
08682
02879
07979
17749
10371
14995
12289
12636
19085
03367
12633
10972
01728
05503
12966
12553
17210
13782
04396
19689
19744
03252
18145
21481
14483
18276
03901
06804
15759
04323
06860
08276
07299
15910
02939
08973
03451
16554
00073
01119
02911
16586
09781
04193
12327
11604
11655
11671
01721
09038
02154
09412
08575
20434
05564
12175
03649
06583
21087
16708
13529
12299
14433
01890
05446
07482
03826
07183
12185
08061
20563
19967
20055
03101
13047
18848
08499
07031
01184
20436
17739
20799
06117
18554
16675
09985
14783
17705
13450
13504
06095
08124
03715
13054
04923
05444
12908
05012
16640
10096
04399
17055
17505
01149
17197
09548
08380
21189
01754
13740
02947
08571
20489
00373
14804
02046
10331
17599
07827
08660
07732
14785
08338
06131
07497
11201
02137
12834
16627
17523
11984
12213
15178
09859
01670
02778
21230
09883
09925
03328
13292
20606
05637
16878
03766
18700
14976
14867
10549
12007
08274
07436
18884
04728
09214
21029
02372
17500
01471
06299
03652
03624
02348
00405
16115
01504
11873
07757
06918
19129
12270
06301
20701
06939
02254
03193
08832
00032
15278
01738
07749
18945
01647
20306
06546
05958
15981
04542
14026
00251
18549
15850
09776
09897
04038
13534
19365
15175
16827
09851
07736
17484
14006
18257
09573
11310
17949
04714
14838
09070
03309
18106
17759
07238
00614
05237
21140
19359
13962
07185
01311
00378
15053
14500
18525
05182
08623
03827
20582
10819
07709
16526
13506
12717
19300
12214
01924
16387
07794
13737
11267
02319
08486
19271
20626
01194
15305
06231
04874
05620
12546
07618
10626
00834
21205
07911
21108
00711
09379
08442
10141
10577
09844
14600
14518
19314
16212
08883
18622
09726
13223
04264
09970
20424
12223
20842
19550
03091
12542
15785
13305
05090
06484
10782
17902
13471
17021
11048
03303
00662
20284
13758
09024
19074
11844
07276
05840
05921
16136
06597
02388
17276
12571
16716
17725
11532
20288
12663
01007
05398
10273
01022
13523
06068
00849
00462
14798
04926
20342
13906
01494
17900
08911
02305
20930
08217
16510
17643
05009
05031
04022
17424
15237
14167
19628
12807
09980
04993
16050
11404
07019
13860
10076
15221
12768
07670
12785
03589
04753
02336
16582
04269
00805
04439
16726
07193
20830
18666
15863
16134
14381
19902
12797
13981
08273
03609
08886
16349
07909
18348
01385
09435
01246
19165
18016
13513
06654
18226
09224
00489
15017
09973
15153
10220
14659
10167
07306
04445
10327
11692
17440
04757
04762
04605
17264
03464
21009
05788
18105
18930
19792
02100
17088
01928
18699
06956
17530
16293
10497
11502
20328
15260
01822
13237
12710
04411
10474
13815
08926
03244
08157
02330
00112
16676
07150
21224
20609
18783
14820
04020
12364
15427
06536
03061
00428
17092
06565
04622
11731
08406
12321
02820
13878
10004
20936
07468
08806
00876
18990
00506
17901
01556
16598
18513
00514
20805
01087
20636
20081
19400
21544
17582
04671
18242
21461
18644
07620
14509
20374
05124
03785
11468
06534
09831
01585
01115
14581
11897
09719
06853
02755
18596
10634
12354
13108
03596
13320
04937
07316
00851
03202
14677
14065
06948
07821
00642
02289
20600
16557
16884
20523
16003
11229
08189
18436
13041
07328
06610
19546
19214
20065
00726
21351
06107
04461
21415
10340
09321
08956
00423
14543
02540
06326
13422
02997
12003
08340
13813
06334
06830
10868
00880
15904
12857
05663
21459
10859
13722
21147
11359
05728
11111
09737
07916
13897
12935
09600
17406
09036
04735
09111
10964
20812
02173
14735
03362
21052
17850
20921
17701
15469
11713
04053
12885
19026
20140
18804
01335
21571
08710
14545
20681
05158
12090
01976
12073
04791
16618
03245
13114
16184
18202
02120
05968
01508
19395
21255
10171
13568
04520
12874
18296
18302
00171
20645
07836
17908
05986
00002
06342
07075
10122
16251
20745
04226
09999
14068
11512
13355
08224
05931
11262
16138
08311
02768
00841
17143
05535
00401
06493
04158
07382
00595
09342
01704
09735
10227
01583
01973
13160
10718
05169
18319
16564
10616
01893
05099
19269
01407
11888
05814
14387
18235
03478
21245
11701
08659
12763
11683
14607
19933
09624
04041
17935
19472
20276
06694
03836
07051
05549
00657
19175
14271
20854
21321
03613
19877
11253
08946
05235
07103
04626
02287
04777
08441
08200
14183
12284
20211
01005
01059
10765
19348
18224
12122
14155
15835
10741
13135
13073
02176
13966
02937
21344
02805
10870
00396
04113
16787
21331
00319
15549
06635
20207
01576
15762
18409
03060
08937
18696
01543
15878
05011
01193
10268
12195
12655
12848
17966
17707
12818
00276
01696
12188
16372
21347
00955
10931
05039
18352
20511
15254
12332
04101
10334
15798
18034
01110
20462
04636
18099
02978
11278
19555
09933
20989
12603
03770
10903
11437
11544
17358
08574
