14230 -1.01356
06463 -1.01293
05311 -1.01286
21347 -1.0128
05214 -1.01278
08320 -1.01271
14748 -1.01271
18726 -1.01268
05290 -1.01235
05176 -1.01205
16216 -1.01201
02979 -1.012
09733 -1.01195
08328 -1.0119
08561 -1.01186
06635 -1.01176
07213 -1.01176
13179 -1.01176
05258 -1.01172
11016 -1.01171
18287 -1.01163
16727 -1.01161
03298 -1.01152
00372 -1.01149
11781 -1.01143
12848 -1.01141
03488 -1.0114
15549 -1.01127
10455 -1.01115
21068 -1.01115
13564 -1.01112
13629 -1.0111
12277 -1.01107
03344 -1.01104
01919 -1.01103
07366 -1.01102
02521 -1.01097
16128 -1.01096
09283 -1.01095
09382 -1.01095
05070 -1.01093
05318 -1.01092
13322 -1.0109
20500 -1.0109
08137 -1.01086
17396 -1.01085
18086 -1.01083
14357 -1.01078
15470 -1.01076
18714 -1.01075
16599 -1.01073
12917 -1.0107
10054 -1.01069
00714 -1.01067
18645 -1.01067
17023 -1.01066
01456 -1.01061
17490 -1.01061
02775 -1.01059
12026 -1.01059
11224 -1.01053
10268 -1.0105
11083 -1.0105
05230 -1.01049
05386 -1.01049
13995 -1.01045
11746 -1.01043
04160 -1.01042
06456 -1.01042
19710 -1.01042
08098 -1.01039
19953 -1.01037
20823 -1.01037
15227 -1.01036
09909 -1.01035
13115 -1.01035
05576 -1.01034
17700 -1.0103
15841 -1.01029
01549 -1.01028
12136 -1.01024
01312 -1.01023
03454 -1.01023
03023 -1.01022
10473 -1.01021
12143 -1.01021
16844 -1.01019
18548 -1.01019
20143 -1.01019
11234 -1.01017
08136 -1.01015
16303 -1.01015
08716 -1.01014
20868 -1.01013
08055 -1.01012
21340 -1.01012
17731 -1.01011
10355 -1.0101
19825 -1.0101
17571 -1.01009
10350 -1.01008
01359 -1.01007
20338 -1.01005
03798 -1.01002
14708 -1.01002
16562 -1.01
01854 -1.00999
17359 -1.00999
05482 -1.00998
13657 -1.00998
19871 -1.00995
01906 -1.00994
04477 -1.00994
13419 -1.00994
12394 -1.00993
05473 -1.00992
09402 -1.00992
02221 -1.00991
05985 -1.00991
06722 -1.0099
09244 -1.0099
17368 -1.0099
07607 -1.00989
08960 -1.00988
13208 -1.00988
02500 -1.00987
12953 -1.00987
13263 -1.00987
00010 -1.00986
11732 -1.00986
06197 -1.00985
07731 -1.00985
06426 -1.00984
17883 -1.00983
20317 -1.00982
16163 -1.00981
04748 -1.0098
15762 -1.0098
00537 -1.00978
05631 -1.00978
10780 -1.00978
11504 -1.00978
04546 -1.00977
03013 -1.00976
10078 -1.00976
06708 -1.00975
08884 -1.00975
09946 -1.00975
02064 -1.00974
10367 -1.00974
05851 -1.00973
11763 -1.00973
19099 -1.00973
08272 -1.00972
20744 -1.00972
07391 -1.00971
02697 -1.0097
09388 -1.0097
16680 -1.00969
07811 -1.00968
12947 -1.00968
01729 -1.00967
06980 -1.00967
10778 -1.00967
10931 -1.00967
11192 -1.00967
15878 -1.00967
16372 -1.00967
08943 -1.00966
04266 -1.00965
20698 -1.00965
21284 -1.00965
06357 -1.00964
13462 -1.00964
18415 -1.00964
00843 -1.00961
08937 -1.00961
15362 -1.00961
17435 -1.00961
17903 -1.00961
12181 -1.0096
14419 -1.0096
02198 -1.00959
10375 -1.00959
21060 -1.00959
00748 -1.00957
04602 -1.00954
15450 -1.00954
17409 -1.00954
09835 -1.00953
17953 -1.00951
17506 -1.0095
16373 -1.00949
18239 -1.00948
00004 -1.00946
09764 -1.00946
20254 -1.00946
12310 -1.00945
12701 -1.00945
11717 -1.00944
18507 -1.00944
07405 -1.00943
13146 -1.00942
15765 -1.00942
17135 -1.00942
09815 -1.00941
15556 -1.00941
21379 -1.00941
11637 -1.0094
12634 -1.0094
12876 -1.0094
21420 -1.0094
06928 -1.00939
11063 -1.00939
07892 -1.00938
14654 -1.00938
01967 -1.00937
07742 -1.00937
08746 -1.00937
18299 -1.00937
19258 -1.00937
00803 -1.00936
06657 -1.00936
00016 -1.00935
07200 -1.00935
08162 -1.00935
14710 -1.00935
00356 -1.00934
10617 -1.00934
20038 -1.00934
09837 -1.00933
10809 -1.00933
16028 -1.00933
00079 -1.00932
04165 -1.00932
17891 -1.00932
06388 -1.00931
01682 -1.0093
20256 -1.0093
13993 -1.00929
17220 -1.00929
01860 -1.00928
03923 -1.00928
00223 -1.00927
05171 -1.00927
20867 -1.00927
07088 -1.00926
12381 -1.00926
00335 -1.00925
04810 -1.00925
05951 -1.00925
06531 -1.00925
17324 -1.00925
21127 -1.00925
09130 -1.00924
09638 -1.00924
18280 -1.00924
04944 -1.00923
00635 -1.00922
14757 -1.00922
15488 -1.00921
01868 -1.0092
06914 -1.0092
12025 -1.0092
14390 -1.0092
03421 -1.00919
16737 -1.00919
17871 -1.00919
09717 -1.00918
15238 -1.00918
15912 -1.00918
04363 -1.00917
07893 -1.00917
03030 -1.00916
12383 -1.00916
16440 -1.00916
20240 -1.00916
01466 -1.00915
11180 -1.00915
13487 -1.00915
13577 -1.00915
15016 -1.00915
21331 -1.00915
21425 -1.00915
04267 -1.00914
06410 -1.00914
00209 -1.00913
02725 -1.00913
10292 -1.00913
12431 -1.00913
12655 -1.00913
18047 -1.00913
03077 -1.00912
08714 -1.00912
11204 -1.00911
16367 -1.0091
00496 -1.00909
05234 -1.00909
04969 -1.00908
06752 -1.00908
10537 -1.00908
04800 -1.00907
08569 -1.00907
09569 -1.00907
09939 -1.00907
10278 -1.00907
11490 -1.00907
15063 -1.00907
16501 -1.00907
17325 -1.00907
16641 -1.00905
08360 -1.00904
07904 -1.00903
10050 -1.00903
08115 -1.00902
20803 -1.00902
20967 -1.00902
01543 -1.00901
12521 -1.00901
12791 -1.00901
17367 -1.009
20551 -1.009
00922 -1.00899
02304 -1.00899
05131 -1.00899
06699 -1.00899
08292 -1.00898
17598 -1.00898
10760 -1.00897
06259 -1.00896
15369 -1.00896
17620 -1.00896
02526 -1.00895
03062 -1.00894
14853 -1.00894
15736 -1.00894
21470 -1.00894
06588 -1.00893
09899 -1.00893
02965 -1.00892
02383 -1.00891
04313 -1.00891
05004 -1.00891
20185 -1.00891
15103 -1.0089
12967 -1.00888
06379 -1.00887
13434 -1.00887
16565 -1.00887
18250 -1.00887
02203 -1.00884
12195 -1.00884
12972 -1.00884
15978 -1.00884
16278 -1.00884
08024 -1.00883
16558 -1.00883
19767 -1.00883
12397 -1.00882
01836 -1.00881
06465 -1.00881
11755 -1.00881
11820 -1.00881
12548 -1.00881
14716 -1.00881
15743 -1.00881
17896 -1.00881
20148 -1.00881
11773 -1.0088
00056 -1.00878
01190 -1.00878
06605 -1.00878
11711 -1.00878
03148 -1.00877
17193 -1.00877
06395 -1.00876
10976 -1.00876
09959 -1.00875
11823 -1.00875
16381 -1.00875
17846 -1.00875
03267 -1.00874
04864 -1.00874
20207 -1.00874
07925 -1.00873
17148 -1.00873
19752 -1.00873
10133 -1.00872
13379 -1.00872
04369 -1.00871
10822 -1.00871
17036 -1.00871
02907 -1.0087
11060 -1.00869
12002 -1.00869
06844 -1.00868
11350 -1.00868
20183 -1.00868
04067 -1.00867
10291 -1.00867
14780 -1.00867
19719 -1.00867
06665 -1.00866
06742 -1.00866
15370 -1.00866
13396 -1.00865
01269 -1.00864
19111 -1.00864
02228 -1.00863
06607 -1.00863
09940 -1.00863
13261 -1.00863
03343 -1.00862
10786 -1.00862
11753 -1.00862
06721 -1.00861
11206 -1.00861
19285 -1.00861
02580 -1.0086
05779 -1.0086
17199 -1.0086
20806 -1.0086
00225 -1.00859
05206 -1.00859
04764 -1.00858
06611 -1.00858
14782 -1.00858
15511 -1.00858
00473 -1.00857
14869 -1.00857
16132 -1.00857
16183 -1.00857
21542 -1.00857
12163 -1.00856
14891 -1.00856
17497 -1.00856
12118 -1.00855
15243 -1.00855
17605 -1.00855
19687 -1.00855
02587 -1.00853
14184 -1.00853
00276 -1.00852
08069 -1.00852
16513 -1.00852
05366 -1.00851
05778 -1.00851
05858 -1.00851
15700 -1.00851
20538 -1.00851
02312 -1.0085
18515 -1.0085
06013 -1.00849
06473 -1.00849
07933 -1.00849
09022 -1.00849
12085 -1.00849
12487 -1.00849
18317 -1.00849
19532 -1.00849
04130 -1.00848
06996 -1.00848
11926 -1.00848
18672 -1.00848
06459 -1.00847
12355 -1.00847
18578 -1.00847
01380 -1.00846
04548 -1.00846
09275 -1.00846
10784 -1.00846
11215 -1.00846
18904 -1.00846
19589 -1.00846
02428 -1.00845
03247 -1.00845
05515 -1.00845
10733 -1.00845
10799 -1.00845
13531 -1.00845
01275 -1.00844
02618 -1.00844
07589 -1.00844
08753 -1.00844
10623 -1.00844
17419 -1.00844
17458 -1.00844
17760 -1.00844
18409 -1.00844
19490 -1.00844
21376 -1.00844
01534 -1.00843
05891 -1.00843
09230 -1.00843
12188 -1.00843
16898 -1.00843
00001 -1.00842
04212 -1.00842
08245 -1.00842
14043 -1.00842
15816 -1.00842
17246 -1.00842
03615 -1.00841
08595 -1.00841
13390 -1.00841
14840 -1.00841
15581 -1.00841
20346 -1.00841
20783 -1.00841
16118 -1.0084
17833 -1.0084
19334 -1.0084
19457 -1.0084
20706 -1.0084
08971 -1.00839
09080 -1.00839
10344 -1.00839
12292 -1.00839
02824 -1.00838
13496 -1.00838
08677 -1.00837
18204 -1.00837
00854 -1.00836
00965 -1.00836
06143 -1.00836
10201 -1.00836
12680 -1.00836
19499 -1.00836
02157 -1.00835
06547 -1.00835
07560 -1.00835
09445 -1.00835
12208 -1.00835
18054 -1.00835
00382 -1.00834
04443 -1.00834
08627 -1.00834
10505 -1.00834
18601 -1.00834
20877 -1.00834
00315 -1.00833
06618 -1.00833
11737 -1.00833
15551 -1.00833
02001 -1.00832
02357 -1.00832
03287 -1.00832
12793 -1.00832
01718 -1.00831
01735 -1.00831
04759 -1.00831
09978 -1.00831
17456 -1.00831
20110 -1.00831
08980 -1.0083
16421 -1.0083
04081 -1.00829
10140 -1.00829
15852 -1.00829
19660 -1.00829
21508 -1.00829
01968 -1.00828
12971 -1.00828
17363 -1.00828
17574 -1.00828
08743 -1.00827
09440 -1.00827
13606 -1.00827
18540 -1.00827
02342 -1.00826
03396 -1.00826
04534 -1.00826
09328 -1.00826
09782 -1.00826
10743 -1.00826
21287 -1.00826
09937 -1.00825
10017 -1.00825
14372 -1.00825
16840 -1.00825
19242 -1.00825
01408 -1.00824
04683 -1.00824
06360 -1.00824
10422 -1.00824
11123 -1.00824
15190 -1.00824
00033 -1.00823
00319 -1.00823
06346 -1.00823
17707 -1.00823
19683 -1.00823
04049 -1.00822
06400 -1.00822
09975 -1.00822
00344 -1.00821
08820 -1.00821
10697 -1.00821
11827 -1.00821
00264 -1.0082
02833 -1.0082
05393 -1.0082
09722 -1.0082
16298 -1.0082
01026 -1.00819
05452 -1.00819
07710 -1.00819
08985 -1.00819
17628 -1.00819
00203 -1.00818
04567 -1.00818
15382 -1.00818
19679 -1.00818
01685 -1.00817
03759 -1.00817
12434 -1.00817
05378 -1.00816
13752 -1.00816
17079 -1.00816
17202 -1.00816
19259 -1.00816
19603 -1.00816
21101 -1.00816
21486 -1.00816
05795 -1.00815
11470 -1.00815
16292 -1.00815
18849 -1.00815
08711 -1.00814
16785 -1.00814
18917 -1.00814
20772 -1.00814
03813 -1.00813
04630 -1.00813
07342 -1.00813
13280 -1.00813
14734 -1.00813
00840 -1.00812
02061 -1.00812
02998 -1.00812
06094 -1.00812
07796 -1.00812
13225 -1.00812
19604 -1.00812
03170 -1.00811
08439 -1.00811
15671 -1.00811
18938 -1.00811
02698 -1.0081
15444 -1.0081
16087 -1.0081
17930 -1.0081
19036 -1.00809
01126 -1.00808
03593 -1.00808
04674 -1.00807
07499 -1.00807
07778 -1.00807
11457 -1.00807
16389 -1.00807
16756 -1.00807
17307 -1.00807
07105 -1.00806
09047 -1.00806
11882 -1.00806
18764 -1.00806
10748 -1.00805
17438 -1.00805
04643 -1.00804
15569 -1.00804
17873 -1.00804
00696 -1.00803
08780 -1.00803
11203 -1.00803
12778 -1.00803
16075 -1.00803
09180 -1.00802
12574 -1.00802
15437 -1.00802
15830 -1.00802
03072 -1.00801
06353 -1.00801
19038 -1.00801
09759 -1.008
11225 -1.008
15325 -1.008
00914 -1.00799
04573 -1.00799
08896 -1.00799
10390 -1.00799
20220 -1.00799
15625 -1.00798
00110 -1.00797
01306 -1.00797
02257 -1.00797
03861 -1.00797
06689 -1.00797
09112 -1.00797
09263 -1.00797
12598 -1.00797
15149 -1.00797
06090 -1.00796
06157 -1.00796
15530 -1.00796
16002 -1.00796
17141 -1.00796
21056 -1.00796
05759 -1.00795
12887 -1.00795
17849 -1.00795
18360 -1.00795
20201 -1.00795
00888 -1.00794
00957 -1.00794
05935 -1.00794
08173 -1.00794
09742 -1.00794
12031 -1.00794
16636 -1.00794
20557 -1.00794
21334 -1.00794
04223 -1.00793
08121 -1.00793
08196 -1.00793
08628 -1.00793
08666 -1.00793
09015 -1.00793
12827 -1.00793
13234 -1.00793
17450 -1.00793
18579 -1.00793
09732 -1.00792
14770 -1.00792
14931 -1.00792
21154 -1.00792
02718 -1.00791
09170 -1.00791
09886 -1.00791
10525 -1.00791
13790 -1.00791
15442 -1.00791
16948 -1.00791
20685 -1.00791
00644 -1.0079
05726 -1.0079
10954 -1.0079
12113 -1.0079
00288 -1.00789
05271 -1.00789
09537 -1.00789
10877 -1.00789
11680 -1.00789
15507 -1.00789
17433 -1.00789
18591 -1.00789
01368 -1.00788
03069 -1.00788
05941 -1.00788
09307 -1.00788
13653 -1.00788
14277 -1.00788
17386 -1.00788
20214 -1.00788
01084 -1.00787
07866 -1.00787
15263 -1.00787
18005 -1.00787
18052 -1.00787
18696 -1.00787
20064 -1.00787
11487 -1.00786
13034 -1.00786
16112 -1.00786
18600 -1.00786
19848 -1.00786
02759 -1.00785
10080 -1.00785
18267 -1.00785
00214 -1.00784
00295 -1.00784
04175 -1.00784
04924 -1.00784
05039 -1.00784
05345 -1.00784
05412 -1.00784
12011 -1.00784
12485 -1.00784
20172 -1.00784
03078 -1.00783
04906 -1.00783
06406 -1.00783
06592 -1.00783
09618 -1.00783
10856 -1.00783
11828 -1.00783
12282 -1.00783
13733 -1.00783
18679 -1.00783
19688 -1.00783
03429 -1.00782
14698 -1.00782
16681 -1.00782
03890 -1.00781
06876 -1.00781
07705 -1.00781
18588 -1.00781
20300 -1.00781
21473 -1.00781
01539 -1.0078
08846 -1.0078
12879 -1.0078
14342 -1.0078
14921 -1.0078
16009 -1.0078
18985 -1.0078
19432 -1.0078
00546 -1.00779
00730 -1.00779
01947 -1.00779
10924 -1.00779
11752 -1.00779
15352 -1.00779
17113 -1.00779
10036 -1.00778
18996 -1.00778
01889 -1.00777
03500 -1.00777
04878 -1.00777
13216 -1.00777
14388 -1.00777
16139 -1.00777
21057 -1.00777
21277 -1.00777
16539 -1.00776
17952 -1.00776
19966 -1.00776
20147 -1.00776
00028 -1.00775
09636 -1.00775
10676 -1.00775
13331 -1.00775
17508 -1.00775
01193 -1.00774
02658 -1.00774
04196 -1.00774
06285 -1.00774
13046 -1.00774
14126 -1.00774
14767 -1.00774
04303 -1.00773
06612 -1.00773
07580 -1.00773
08271 -1.00773
08510 -1.00773
17294 -1.00773
19619 -1.00773
00875 -1.00772
07830 -1.00772
09072 -1.00772
09436 -1.00772
11080 -1.00772
11186 -1.00772
17573 -1.00772
21336 -1.00772
03020 -1.00771
07765 -1.00771
09296 -1.00771
10106 -1.00771
11349 -1.00771
11414 -1.00771
15534 -1.00771
16619 -1.00771
21381 -1.00771
09667 -1.0077
10264 -1.0077
13735 -1.0077
15697 -1.0077
16176 -1.0077
01252 -1.00769
03534 -1.00769
05303 -1.00769
10103 -1.00769
17966 -1.00769
20468 -1.00769
21387 -1.00769
05241 -1.00768
07094 -1.00768
10413 -1.00768
13561 -1.00768
14987 -1.00768
19831 -1.00768
00340 -1.00767
01576 -1.00767
02475 -1.00767
10826 -1.00767
00752 -1.00766
00889 -1.00766
02089 -1.00766
02663 -1.00766
05100 -1.00766
06896 -1.00766
10704 -1.00766
16361 -1.00766
00386 -1.00765
03470 -1.00765
04310 -1.00765
08633 -1.00765
09518 -1.00765
12322 -1.00765
14343 -1.00765
16095 -1.00765
16249 -1.00765
16937 -1.00765
20764 -1.00765
14279 -1.00764
14301 -1.00764
19423 -1.00764
01019 -1.00763
04851 -1.00763
07927 -1.00763
08153 -1.00763
08992 -1.00763
17096 -1.00763
17198 -1.00763
20107 -1.00763
20432 -1.00763
00925 -1.00762
05172 -1.00762
05456 -1.00762
07965 -1.00762
09378 -1.00762
10136 -1.00762
12396 -1.00762
17335 -1.00762
18062 -1.00762
19068 -1.00762
19353 -1.00762
01720 -1.00761
03489 -1.00761
03555 -1.00761
18148 -1.00761
19392 -1.00761
19760 -1.00761
01918 -1.0076
09206 -1.0076
12878 -1.0076
15441 -1.0076
10246 -1.00759
10317 -1.00759
21193 -1.00759
16200 -1.00758
17922 -1.00758
20095 -1.00758
02052 -1.00757
09174 -1.00757
11177 -1.00757
11548 -1.00757
12732 -1.00757
12802 -1.00757
00135 -1.00756
01696 -1.00756
03505 -1.00756
01501 -1.00755
01963 -1.00755
03610 -1.00755
05672 -1.00755
10605 -1.00755
12279 -1.00755
13771 -1.00755
14797 -1.00755
17778 -1.00755
03371 -1.00754
03413 -1.00754
05225 -1.00754
07135 -1.00754
10478 -1.00754
15154 -1.00754
16794 -1.00754
20705 -1.00754
05139 -1.00753
09749 -1.00753
13809 -1.00753
20787 -1.00753
03864 -1.00752
04893 -1.00752
06656 -1.00752
06863 -1.00752
17173 -1.00752
17474 -1.00752
20145 -1.00752
03762 -1.00751
04307 -1.00751
07155 -1.00751
10445 -1.00751
17312 -1.00751
17549 -1.00751
20029 -1.00751
01140 -1.0075
12156 -1.0075
19415 -1.0075
21260 -1.0075
00024 -1.00749
03075 -1.00749
04583 -1.00749
06180 -1.00749
08435 -1.00749
10303 -1.00749
11691 -1.00749
12815 -1.00749
00362 -1.00748
00437 -1.00748
02878 -1.00748
08708 -1.00748
09142 -1.00748
10902 -1.00748
15043 -1.00748
19538 -1.00748
08819 -1.00747
12818 -1.00747
02627 -1.00746
03134 -1.00746
03732 -1.00746
06725 -1.00746
07628 -1.00746
07937 -1.00746
08382 -1.00746
09487 -1.00746
10814 -1.00746
13258 -1.00746
15403 -1.00746
15686 -1.00746
17348 -1.00746
17537 -1.00746
20244 -1.00746
00331 -1.00745
00898 -1.00745
03088 -1.00745
03535 -1.00745
03868 -1.00745
04333 -1.00745
04533 -1.00745
04809 -1.00745
10178 -1.00745
15645 -1.00745
15957 -1.00745
18684 -1.00745
19544 -1.00745
06112 -1.00744
10829 -1.00744
12650 -1.00744
20041 -1.00744
20457 -1.00744
01360 -1.00743
03068 -1.00743
04019 -1.00743
11184 -1.00743
11240 -1.00743
15160 -1.00743
15783 -1.00743
16044 -1.00743
17980 -1.00743
13266 -1.00742
13347 -1.00742
16773 -1.00742
19713 -1.00742
20418 -1.00742
01618 -1.00741
03743 -1.00741
09269 -1.00741
20822 -1.00741
04317 -1.0074
05352 -1.0074
20530 -1.0074
01297 -1.00739
01789 -1.00739
02799 -1.00739
04232 -1.00739
08839 -1.00739
12432 -1.00739
16053 -1.00739
19964 -1.00739
01911 -1.00738
07701 -1.00738
07864 -1.00738
08164 -1.00738
09058 -1.00738
11600 -1.00738
16832 -1.00738
18378 -1.00738
19086 -1.00738
19149 -1.00738
02078 -1.00737
02743 -1.00737
03978 -1.00737
04027 -1.00737
04929 -1.00737
08484 -1.00737
00202 -1.00736
05011 -1.00736
07379 -1.00736
08944 -1.00736
10434 -1.00736
11181 -1.00736
14843 -1.00736
14949 -1.00736
03060 -1.00735
03698 -1.00735
14257 -1.00735
17075 -1.00735
17970 -1.00735
18652 -1.00735
19089 -1.00735
20168 -1.00735
05005 -1.00734
10236 -1.00734
18138 -1.00734
19172 -1.00734
19596 -1.00734
20046 -1.00734
03540 -1.00733
06581 -1.00733
06603 -1.00733
10582 -1.00733
13256 -1.00733
16151 -1.00733
16621 -1.00733
17048 -1.00733
19553 -1.00733
21408 -1.00733
01256 -1.00732
06352 -1.00732
08483 -1.00732
12221 -1.00732
17872 -1.00732
18455 -1.00732
21165 -1.00732
00433 -1.00731
08525 -1.00731
08581 -1.00731
16443 -1.00731
18248 -1.00731
19425 -1.00731
19915 -1.00731
20895 -1.00731
00955 -1.0073
03027 -1.0073
05186 -1.0073
05294 -1.0073
08166 -1.0073
13533 -1.0073
13576 -1.0073
14370 -1.0073
15453 -1.0073
16644 -1.0073
19930 -1.0073
20169 -1.0073
03065 -1.00729
03727 -1.00729
04448 -1.00729
05127 -1.00729
08901 -1.00729
13148 -1.00729
13332 -1.00729
17083 -1.00729
17103 -1.00729
19326 -1.00729
21064 -1.00729
02308 -1.00728
08262 -1.00728
08732 -1.00728
09734 -1.00728
09841 -1.00728
10927 -1.00728
12150 -1.00728
02887 -1.00727
04354 -1.00727
15211 -1.00727
18301 -1.00727
18422 -1.00727
18767 -1.00727
00960 -1.00726
01353 -1.00726
01357 -1.00726
04007 -1.00726
13640 -1.00726
19874 -1.00726
21357 -1.00726
02995 -1.00725
05375 -1.00725
08314 -1.00725
09689 -1.00725
15639 -1.00725
02653 -1.00724
07229 -1.00724
16677 -1.00724
07332 -1.00723
10255 -1.00723
12066 -1.00723
12072 -1.00723
13278 -1.00723
15091 -1.00723
18524 -1.00723
19289 -1.00723
20748 -1.00723
01611 -1.00722
07290 -1.00722
10546 -1.00722
10996 -1.00722
12554 -1.00722
13949 -1.00722
15773 -1.00722
20546 -1.00722
00023 -1.00721
00570 -1.00721
02060 -1.00721
02227 -1.00721
05468 -1.00721
12488 -1.00721
13002 -1.00721
14669 -1.00721
14852 -1.00721
15375 -1.00721
15452 -1.00721
21251 -1.00721
21349 -1.00721
03284 -1.0072
08618 -1.0072
12662 -1.0072
15835 -1.0072
00263 -1.00719
01726 -1.00719
05200 -1.00719
06867 -1.00719
07617 -1.00719
10703 -1.00719
14813 -1.00719
19191 -1.00719
20996 -1.00719
01091 -1.00718
02533 -1.00718
07036 -1.00718
09281 -1.00718
09806 -1.00718
10552 -1.00718
14541 -1.00718
19581 -1.00718
02686 -1.00717
03825 -1.00717
07683 -1.00717
11368 -1.00717
11448 -1.00717
12995 -1.00717
14697 -1.00717
15270 -1.00717
16454 -1.00717
17013 -1.00717
02261 -1.00716
05235 -1.00716
05711 -1.00716
08222 -1.00716
08526 -1.00716
10570 -1.00716
16792 -1.00716
17507 -1.00716
19508 -1.00716
04174 -1.00715
04508 -1.00715
12189 -1.00715
14749 -1.00715
20159 -1.00715
04132 -1.00714
05405 -1.00714
07188 -1.00714
07605 -1.00714
17317 -1.00714
21422 -1.00714
00300 -1.00713
10593 -1.00713
17099 -1.00713
01316 -1.00712
03111 -1.00712
18003 -1.00712
18146 -1.00712
18625 -1.00712
20304 -1.00712
02307 -1.00711
04620 -1.00711
06123 -1.00711
16833 -1.00711
16986 -1.00711
21312 -1.00711
06849 -1.0071
12340 -1.0071
18532 -1.0071
00200 -1.00709
04922 -1.00709
08392 -1.00709
10323 -1.00709
11451 -1.00709
12616 -1.00709
13323 -1.00709
15844 -1.00709
16926 -1.00709
17252 -1.00709
17280 -1.00709
04136 -1.00708
04743 -1.00708
08621 -1.00708
08664 -1.00708
10057 -1.00708
12317 -1.00708
13420 -1.00708
16171 -1.00708
16358 -1.00708
17407 -1.00708
00144 -1.00707
02010 -1.00707
02409 -1.00707
05710 -1.00707
12682 -1.00707
12898 -1.00707
15095 -1.00707
00146 -1.00706
00779 -1.00706
02166 -1.00706
04026 -1.00706
05460 -1.00706
09211 -1.00706
09544 -1.00706
10209 -1.00706
11985 -1.00706
12013 -1.00706
14225 -1.00706
00396 -1.00705
01777 -1.00705
02251 -1.00705
02316 -1.00705
04058 -1.00705
05965 -1.00705
06130 -1.00705
10071 -1.00705
10741 -1.00705
11768 -1.00705
13656 -1.00705
06998 -1.00704
07043 -1.00704
08095 -1.00704
09784 -1.00704
15239 -1.00704
20520 -1.00704
00180 -1.00703
01367 -1.00703
01404 -1.00703
04498 -1.00703
08205 -1.00703
14408 -1.00703
15789 -1.00703
16608 -1.00703
17612 -1.00703
20122 -1.00703
20279 -1.00703
00419 -1.00702
05761 -1.00702
07687 -1.00702
09355 -1.00702
02641 -1.00701
02906 -1.00701
04771 -1.00701
05059 -1.00701
10313 -1.00701
11058 -1.00701
16277 -1.00701
18397 -1.00701
20483 -1.00701
20564 -1.00701
21242 -1.00701
00364 -1.007
04346 -1.007
05643 -1.007
08310 -1.007
10207 -1.007
11682 -1.007
11891 -1.007
12750 -1.007
15435 -1.007
13486 -1.00699
15604 -1.00699
16600 -1.00699
19050 -1.00699
19322 -1.00699
19886 -1.00699
01213 -1.00698
01674 -1.00698
02341 -1.00698
04409 -1.00698
04830 -1.00698
05010 -1.00698
05498 -1.00698
06386 -1.00698
07321 -1.00698
10072 -1.00698
15492 -1.00698
15805 -1.00698
00095 -1.00697
00347 -1.00697
01637 -1.00697
04821 -1.00697
05888 -1.00697
06283 -1.00697
07425 -1.00697
09848 -1.00697
10384 -1.00697
16168 -1.00697
20684 -1.00697
20751 -1.00697
02774 -1.00696
06770 -1.00696
08769 -1.00696
11715 -1.00696
12146 -1.00696
13738 -1.00696
15587 -1.00696
17761 -1.00696
18530 -1.00696
18621 -1.00696
20634 -1.00696
00236 -1.00695
03002 -1.00695
06225 -1.00695
08060 -1.00695
01562 -1.00694
05233 -1.00694
08652 -1.00694
09590 -1.00694
09679 -1.00694
11639 -1.00694
11776 -1.00694
13908 -1.00694
15967 -1.00694
17382 -1.00694
17750 -1.00694
20510 -1.00694
02470 -1.00693
04017 -1.00693
08691 -1.00693
09458 -1.00693
18650 -1.00693
21309 -1.00693
01152 -1.00692
02918 -1.00692
04290 -1.00692
06203 -1.00692
07551 -1.00692
09336 -1.00692
13350 -1.00692
13650 -1.00692
15413 -1.00692
06653 -1.00691
08444 -1.00691
09052 -1.00691
15364 -1.00691
15840 -1.00691
19000 -1.00691
21491 -1.00691
00359 -1.0069
02197 -1.0069
07659 -1.0069
08632 -1.0069
09549 -1.0069
09673 -1.0069
10311 -1.0069
12389 -1.0069
13610 -1.0069
19211 -1.0069
02554 -1.00689
08512 -1.00689
12044 -1.00689
14982 -1.00689
15454 -1.00689
16097 -1.00689
17906 -1.00689
19548 -1.00689
20332 -1.00689
03214 -1.00688
05808 -1.00688
11261 -1.00688
11498 -1.00688
17956 -1.00688
19682 -1.00688
08180 -1.00687
11493 -1.00687
13348 -1.00687
13554 -1.00687
16336 -1.00687
00230 -1.00686
00240 -1.00686
03056 -1.00686
03884 -1.00686
04037 -1.00686
04093 -1.00686
04126 -1.00686
04246 -1.00686
04692 -1.00686
05511 -1.00686
06831 -1.00686
07410 -1.00686
11428 -1.00686
13039 -1.00686
17771 -1.00686
19120 -1.00686
20486 -1.00686
02735 -1.00685
04891 -1.00685
08449 -1.00685
09310 -1.00685
12511 -1.00685
14811 -1.00685
15690 -1.00685
16072 -1.00685
01578 -1.00684
05201 -1.00684
06471 -1.00684
08315 -1.00684
12409 -1.00684
15451 -1.00684
03188 -1.00683
03514 -1.00683
06052 -1.00683
08870 -1.00683
09154 -1.00683
10765 -1.00683
12337 -1.00683
15324 -1.00683
16177 -1.00683
16649 -1.00683
17195 -1.00683
17961 -1.00683
19333 -1.00683
01136 -1.00682
02132 -1.00682
04100 -1.00682
04528 -1.00682
04556 -1.00682
06418 -1.00682
06962 -1.00682
10548 -1.00682
10589 -1.00682
10818 -1.00682
11299 -1.00682
12144 -1.00682
15926 -1.00682
17414 -1.00682
17460 -1.00682
17933 -1.00682
19028 -1.00682
20307 -1.00682
20517 -1.00682
02931 -1.00681
06926 -1.00681
10382 -1.00681
13252 -1.00681
16280 -1.00681
16607 -1.00681
18182 -1.00681
18961 -1.00681
20048 -1.00681
20513 -1.00681
00715 -1.0068
03242 -1.0068
04642 -1.0068
04710 -1.0068
07255 -1.0068
08634 -1.0068
09521 -1.0068
09731 -1.0068
11950 -1.0068
17915 -1.0068
21234 -1.0068
02246 -1.00679
03312 -1.00679
04772 -1.00679
05170 -1.00679
05800 -1.00679
07463 -1.00679
08541 -1.00679
10406 -1.00679
11202 -1.00679
11497 -1.00679
14928 -1.00679
15498 -1.00679
17839 -1.00679
18542 -1.00679
19511 -1.00679
03815 -1.00678
04863 -1.00678
05104 -1.00678
05364 -1.00678
05384 -1.00678
05712 -1.00678
05982 -1.00678
07669 -1.00678
16158 -1.00678
17203 -1.00678
06447 -1.00677
09493 -1.00677
10836 -1.00677
15683 -1.00677
16864 -1.00677
18403 -1.00677
19357 -1.00677
19409 -1.00677
20127 -1.00677
20782 -1.00677
05018 -1.00676
05273 -1.00676
09706 -1.00676
13135 -1.00676
14836 -1.00676
17976 -1.00676
19948 -1.00676
00389 -1.00675
02579 -1.00675
07056 -1.00675
07339 -1.00675
16264 -1.00675
16774 -1.00675
18781 -1.00675
18828 -1.00675
19858 -1.00675
00896 -1.00674
03971 -1.00674
07304 -1.00674
08982 -1.00674
09736 -1.00674
10959 -1.00674
20339 -1.00674
21572 -1.00674
00334 -1.00673
04297 -1.00673
08974 -1.00673
09640 -1.00673
10168 -1.00673
10208 -1.00673
12639 -1.00673
13073 -1.00673
19440 -1.00673
00179 -1.00672
00837 -1.00672
02024 -1.00672
02287 -1.00672
04014 -1.00672
05167 -1.00672
05178 -1.00672
06576 -1.00672
07259 -1.00672
14849 -1.00672
15417 -1.00672
17119 -1.00672
19588 -1.00672
00916 -1.00671
01109 -1.00671
03446 -1.00671
04205 -1.00671
07547 -1.00671
12160 -1.00671
13203 -1.00671
13592 -1.00671
14868 -1.00671
14901 -1.00671
18076 -1.00671
18531 -1.00671
02797 -1.0067
03483 -1.0067
03664 -1.0067
04185 -1.0067
04691 -1.0067
05623 -1.0067
08438 -1.0067
10306 -1.0067
10689 -1.0067
10771 -1.0067
11198 -1.0067
13079 -1.0067
13637 -1.0067
14609 -1.0067
14890 -1.0067
15108 -1.0067
16445 -1.0067
16787 -1.0067
17874 -1.0067
00740 -1.00669
02601 -1.00669
04951 -1.00669
07263 -1.00669
08932 -1.00669
08990 -1.00669
12676 -1.00669
12780 -1.00669
14691 -1.00669
14773 -1.00669
15110 -1.00669
17917 -1.00669
17945 -1.00669
19527 -1.00669
21244 -1.00669
03463 -1.00668
07493 -1.00668
07870 -1.00668
09403 -1.00668
10176 -1.00668
10429 -1.00668
11220 -1.00668
16625 -1.00668
18045 -1.00668
19091 -1.00668
19475 -1.00668
20861 -1.00668
02738 -1.00667
03904 -1.00667
04202 -1.00667
04625 -1.00667
04727 -1.00667
07175 -1.00667
09462 -1.00667
10486 -1.00667
12305 -1.00667
15677 -1.00667
19897 -1.00667
00950 -1.00666
01579 -1.00666
01634 -1.00666
03903 -1.00666
07167 -1.00666
08221 -1.00666
10293 -1.00666
11904 -1.00666
14310 -1.00666
16434 -1.00666
18541 -1.00666
19241 -1.00666
00910 -1.00665
02375 -1.00665
05336 -1.00665
05570 -1.00665
08929 -1.00665
09535 -1.00665
15617 -1.00665
19722 -1.00665
00577 -1.00664
00774 -1.00664
03751 -1.00664
10281 -1.00664
11400 -1.00664
18026 -1.00664
21015 -1.00664
05585 -1.00663
10592 -1.00663
12261 -1.00663
13010 -1.00663
18131 -1.00663
18825 -1.00663
04107 -1.00662
04865 -1.00662
07424 -1.00662
07673 -1.00662
10642 -1.00662
10973 -1.00662
13281 -1.00662
15014 -1.00662
15194 -1.00662
16589 -1.00662
17034 -1.00662
19455 -1.00662
01524 -1.00661
01532 -1.00661
04744 -1.00661
06451 -1.00661
06586 -1.00661
10925 -1.00661
16998 -1.00661
20120 -1.00661
00967 -1.0066
01036 -1.0066
02121 -1.0066
04777 -1.0066
05471 -1.0066
07834 -1.0066
08585 -1.0066
09582 -1.0066
14217 -1.0066
15094 -1.0066
17623 -1.0066
21327 -1.0066
01112 -1.00659
01181 -1.00659
01369 -1.00659
02805 -1.00659
10254 -1.00659
15349 -1.00659
18491 -1.00659
20005 -1.00659
20062 -1.00659
00768 -1.00658
07308 -1.00658
10123 -1.00658
11388 -1.00658
11505 -1.00658
12642 -1.00658
14616 -1.00658
17212 -1.00658
19478 -1.00658
20255 -1.00658
20277 -1.00658
20349 -1.00658
20535 -1.00658
01902 -1.00657
03137 -1.00657
04304 -1.00657
05356 -1.00657
06141 -1.00657
06217 -1.00657
07038 -1.00657
09350 -1.00657
12059 -1.00657
13854 -1.00657
14635 -1.00657
16291 -1.00657
17217 -1.00657
17271 -1.00657
17815 -1.00657
00232 -1.00656
01724 -1.00656
06396 -1.00656
07227 -1.00656
08799 -1.00656
08961 -1.00656
09931 -1.00656
11830 -1.00656
13244 -1.00656
14088 -1.00656
18536 -1.00656
18796 -1.00656
00237 -1.00655
01314 -1.00655
02840 -1.00655
04603 -1.00655
04733 -1.00655
05772 -1.00655
10779 -1.00655
12799 -1.00655
17812 -1.00655
18526 -1.00655
20614 -1.00655
00640 -1.00654
02301 -1.00654
02822 -1.00654
03524 -1.00654
03860 -1.00654
05848 -1.00654
10725 -1.00654
12811 -1.00654
13241 -1.00654
16363 -1.00654
12600 -1.00653
13493 -1.00653
17426 -1.00653
18186 -1.00653
20533 -1.00653
03336 -1.00652
04071 -1.00652
07422 -1.00652
09599 -1.00652
11084 -1.00652
11592 -1.00652
12284 -1.00652
12714 -1.00652
13551 -1.00652
13966 -1.00652
17551 -1.00652
18278 -1.00652
19504 -1.00652
02973 -1.00651
08506 -1.00651
11734 -1.00651
12042 -1.00651
16119 -1.00651
17714 -1.00651
17861 -1.00651
18018 -1.00651
18353 -1.00651
04989 -1.0065
05220 -1.0065
07829 -1.0065
08689 -1.0065
11743 -1.0065
14574 -1.0065
16114 -1.0065
18942 -1.0065
02081 -1.00649
02776 -1.00649
02988 -1.00649
03175 -1.00649
03516 -1.00649
03537 -1.00649
05765 -1.00649
06201 -1.00649
09139 -1.00649
09547 -1.00649
11874 -1.00649
15571 -1.00649
16951 -1.00649
17000 -1.00649
17877 -1.00649
19787 -1.00649
20663 -1.00649
01739 -1.00648
06091 -1.00648
08784 -1.00648
09393 -1.00648
13643 -1.00648
15615 -1.00648
16233 -1.00648
17207 -1.00648
17923 -1.00648
18801 -1.00648
02442 -1.00647
03261 -1.00647
08653 -1.00647
11660 -1.00647
12875 -1.00647
16203 -1.00647
17140 -1.00647
17339 -1.00647
18084 -1.00647
19351 -1.00647
00625 -1.00646
01059 -1.00646
02115 -1.00646
03048 -1.00646
05376 -1.00646
09150 -1.00646
10266 -1.00646
10353 -1.00646
11492 -1.00646
12942 -1.00646
16262 -1.00646
16939 -1.00646
17374 -1.00646
20576 -1.00646
21344 -1.00646
02780 -1.00645
02839 -1.00645
02991 -1.00645
08791 -1.00645
08986 -1.00645
10556 -1.00645
11739 -1.00645
13454 -1.00645
15421 -1.00645
18009 -1.00645
19958 -1.00645
20864 -1.00645
00045 -1.00644
03024 -1.00644
03230 -1.00644
05163 -1.00644
05939 -1.00644
06257 -1.00644
07635 -1.00644
07650 -1.00644
09049 -1.00644
09769 -1.00644
10512 -1.00644
13659 -1.00644
14403 -1.00644
14984 -1.00644
17840 -1.00644
18891 -1.00644
19417 -1.00644
20865 -1.00644
21125 -1.00644
00891 -1.00643
04672 -1.00643
09454 -1.00643
09583 -1.00643
11008 -1.00643
16793 -1.00643
19064 -1.00643
19954 -1.00643
00311 -1.00642
01996 -1.00642
06469 -1.00642
11273 -1.00642
12244 -1.00642
13692 -1.00642
14575 -1.00642
20354 -1.00642
00591 -1.00641
01366 -1.00641
01706 -1.00641
01808 -1.00641
01926 -1.00641
02354 -1.00641
03380 -1.00641
04277 -1.00641
06874 -1.00641
10462 -1.00641
10830 -1.00641
13636 -1.00641
13871 -1.00641
14352 -1.00641
16170 -1.00641
18877 -1.00641
20419 -1.00641
20569 -1.00641
00350 -1.0064
00921 -1.0064
05615 -1.0064
05777 -1.0064
06073 -1.0064
08587 -1.0064
08707 -1.0064
09714 -1.0064
09796 -1.0064
11285 -1.0064
15940 -1.0064
16914 -1.0064
17905 -1.0064
19509 -1.0064
00009 -1.00639
06377 -1.00639
06393 -1.00639
08534 -1.00639
12370 -1.00639
16343 -1.00639
17405 -1.00639
18144 -1.00639
20937 -1.00639
00678 -1.00638
03587 -1.00638
04792 -1.00638
07568 -1.00638
08107 -1.00638
08187 -1.00638
13081 -1.00638
14927 -1.00638
15166 -1.00638
16904 -1.00638
18262 -1.00638
19306 -1.00638
20280 -1.00638
21175 -1.00638
01388 -1.00637
02194 -1.00637
05190 -1.00637
06014 -1.00637
07807 -1.00637
12544 -1.00637
14999 -1.00637
16527 -1.00637
02242 -1.00636
05295 -1.00636
07356 -1.00636
07717 -1.00636
08027 -1.00636
08881 -1.00636
10118 -1.00636
10501 -1.00636
15674 -1.00636
16643 -1.00636
19551 -1.00636
19876 -1.00636
20924 -1.00636
00011 -1.00635
01080 -1.00635
04229 -1.00635
05051 -1.00635
07319 -1.00635
10107 -1.00635
10815 -1.00635
10923 -1.00635
15143 -1.00635
15468 -1.00635
15482 -1.00635
16094 -1.00635
16357 -1.00635
19157 -1.00635
20811 -1.00635
21017 -1.00635
00704 -1.00634
05632 -1.00634
06890 -1.00634
09485 -1.00634
11663 -1.00634
13453 -1.00634
13662 -1.00634
15150 -1.00634
16626 -1.00634
17043 -1.00634
19127 -1.00634
19761 -1.00634
00181 -1.00633
00435 -1.00633
03258 -1.00633
03745 -1.00633
04884 -1.00633
08004 -1.00633
18252 -1.00633
18272 -1.00633
19039 -1.00633
03112 -1.00632
03394 -1.00632
04468 -1.00632
05458 -1.00632
08090 -1.00632
08120 -1.00632
12447 -1.00632
02423 -1.00631
04946 -1.00631
05484 -1.00631
06366 -1.00631
07538 -1.00631
08023 -1.00631
08988 -1.00631
13102 -1.00631
13143 -1.00631
14897 -1.00631
20222 -1.00631
21025 -1.00631
01935 -1.0063
02069 -1.0063
02402 -1.0063
04491 -1.0063
07915 -1.0063
08041 -1.0063
08225 -1.0063
09061 -1.0063
10228 -1.0063
15813 -1.0063
20387 -1.0063
02362 -1.00629
03099 -1.00629
07950 -1.00629
08837 -1.00629
19107 -1.00629
20900 -1.00629
21124 -1.00629
02664 -1.00628
04186 -1.00628
05098 -1.00628
05489 -1.00628
05948 -1.00628
07050 -1.00628
08852 -1.00628
10097 -1.00628
12726 -1.00628
14056 -1.00628
14100 -1.00628
15994 -1.00628
17018 -1.00628
19015 -1.00628
20275 -1.00628
01132 -1.00627
02337 -1.00627
03682 -1.00627
04273 -1.00627
04988 -1.00627
06929 -1.00627
07071 -1.00627
08962 -1.00627
09110 -1.00627
09656 -1.00627
09767 -1.00627
11332 -1.00627
13246 -1.00627
14262 -1.00627
15976 -1.00627
16307 -1.00627
19301 -1.00627
00494 -1.00626
01846 -1.00626
03543 -1.00626
05817 -1.00626
06238 -1.00626
07412 -1.00626
11784 -1.00626
12135 -1.00626
12990 -1.00626
14238 -1.00626
15576 -1.00626
16768 -1.00626
19841 -1.00626
02534 -1.00625
02702 -1.00625
04005 -1.00625
06453 -1.00625
06949 -1.00625
09255 -1.00625
09392 -1.00625
09593 -1.00625
11029 -1.00625
16684 -1.00625
17572 -1.00625
19597 -1.00625
00926 -1.00624
00942 -1.00624
04484 -1.00624
10349 -1.00624
20786 -1.00624
21103 -1.00624
21319 -1.00624
00247 -1.00623
02269 -1.00623
05377 -1.00623
09246 -1.00623
09298 -1.00623
09928 -1.00623
10693 -1.00623
10827 -1.00623
10974 -1.00623
12654 -1.00623
14073 -1.00623
17928 -1.00623
19979 -1.00623
01424 -1.00622
02279 -1.00622
02318 -1.00622
02818 -1.00622
03493 -1.00622
04332 -1.00622
04515 -1.00622
06376 -1.00622
07419 -1.00622
07971 -1.00622
09530 -1.00622
10153 -1.00622
14937 -1.00622
16700 -1.00622
17625 -1.00622
20059 -1.00622
21109 -1.00622
00092 -1.00621
00342 -1.00621
02465 -1.00621
06481 -1.00621
11977 -1.00621
12440 -1.00621
12612 -1.00621
13890 -1.00621
14602 -1.00621
14889 -1.00621
16452 -1.00621
17630 -1.00621
17886 -1.00621
17965 -1.00621
18688 -1.00621
20907 -1.00621
04611 -1.0062
05320 -1.0062
09526 -1.0062
10271 -1.0062
17824 -1.0062
17876 -1.0062
18635 -1.0062
00860 -1.00619
02234 -1.00619
02884 -1.00619
03192 -1.00619
03263 -1.00619
06428 -1.00619
12209 -1.00619
13964 -1.00619
14397 -1.00619
16346 -1.00619
16414 -1.00619
17934 -1.00619
19066 -1.00619
21403 -1.00619
01283 -1.00618
03161 -1.00618
03578 -1.00618
04676 -1.00618
06086 -1.00618
06363 -1.00618
08861 -1.00618
12250 -1.00618
17170 -1.00618
19648 -1.00618
19738 -1.00618
20136 -1.00618
05349 -1.00617
05403 -1.00617
07032 -1.00617
11686 -1.00617
12824 -1.00617
13932 -1.00617
14560 -1.00617
16198 -1.00617
18471 -1.00617
19497 -1.00617
20199 -1.00617
03486 -1.00616
03536 -1.00616
04553 -1.00616
06165 -1.00616
07712 -1.00616
08600 -1.00616
08853 -1.00616
13298 -1.00616
13621 -1.00616
17009 -1.00616
17453 -1.00616
19828 -1.00616
00273 -1.00615
03908 -1.00615
05787 -1.00615
06139 -1.00615
08548 -1.00615
09861 -1.00615
15074 -1.00615
15172 -1.00615
17416 -1.00615
19586 -1.00615
20487 -1.00615
01540 -1.00614
02460 -1.00614
07221 -1.00614
09029 -1.00614
11213 -1.00614
11237 -1.00614
14430 -1.00614
16240 -1.00614
19221 -1.00614
00109 -1.00613
07222 -1.00613
07941 -1.00613
08248 -1.00613
09063 -1.00613
11074 -1.00613
12418 -1.00613
12673 -1.00613
12829 -1.00613
15438 -1.00613
19083 -1.00613
20227 -1.00613
00013 -1.00612
00325 -1.00612
03942 -1.00612
04910 -1.00612
06748 -1.00612
07552 -1.00612
11015 -1.00612
12416 -1.00612
16228 -1.00612
16723 -1.00612
16894 -1.00612
17016 -1.00612
17964 -1.00612
00672 -1.00611
01373 -1.00611
03019 -1.00611
03269 -1.00611
03797 -1.00611
03913 -1.00611
05394 -1.00611
05890 -1.00611
06215 -1.00611
07444 -1.00611
07644 -1.00611
07767 -1.00611
10361 -1.00611
11535 -1.00611
14109 -1.00611
14208 -1.00611
14826 -1.00611
20345 -1.00611
01616 -1.0061
03093 -1.0061
03563 -1.0061
07649 -1.0061
07739 -1.0061
13683 -1.0061
15539 -1.0061
16613 -1.0061
17914 -1.0061
17993 -1.0061
18512 -1.0061
20897 -1.0061
00480 -1.00609
00979 -1.00609
01525 -1.00609
05690 -1.00609
06182 -1.00609
12318 -1.00609
12537 -1.00609
12730 -1.00609
12837 -1.00609
16332 -1.00609
17557 -1.00609
17895 -1.00609
17947 -1.00609
18091 -1.00609
18224 -1.00609
21418 -1.00609
00549 -1.00608
03249 -1.00608
06523 -1.00608
10870 -1.00608
14374 -1.00608
17616 -1.00608
18712 -1.00608
20928 -1.00608
21201 -1.00608
21204 -1.00608
21212 -1.00608
00242 -1.00607
04375 -1.00607
09086 -1.00607
09793 -1.00607
11158 -1.00607
11949 -1.00607
12423 -1.00607
13137 -1.00607
15585 -1.00607
16354 -1.00607
19266 -1.00607
19869 -1.00607
20379 -1.00607
20885 -1.00607
21557 -1.00607
00458 -1.00606
00706 -1.00606
02803 -1.00606
04271 -1.00606
06726 -1.00606
07102 -1.00606
09506 -1.00606
11650 -1.00606
12772 -1.00606
12842 -1.00606
15055 -1.00606
15264 -1.00606
16481 -1.00606
16685 -1.00606
19041 -1.00606
19377 -1.00606
19593 -1.00606
20362 -1.00606
02212 -1.00605
04539 -1.00605
05327 -1.00605
05370 -1.00605
06541 -1.00605
08252 -1.00605
09650 -1.00605
09871 -1.00605
10358 -1.00605
11148 -1.00605
15733 -1.00605
18420 -1.00605
21468 -1.00605
03320 -1.00604
04315 -1.00604
04372 -1.00604
05296 -1.00604
05544 -1.00604
06297 -1.00604
07791 -1.00604
12846 -1.00604
12981 -1.00604
13051 -1.00604
14687 -1.00604
15824 -1.00604
17206 -1.00604
20417 -1.00604
21457 -1.00604
00278 -1.00603
02461 -1.00603
03935 -1.00603
06213 -1.00603
07525 -1.00603
07857 -1.00603
08218 -1.00603
09581 -1.00603
10643 -1.00603
12653 -1.00603
18265 -1.00603
19562 -1.00603
20020 -1.00603
20789 -1.00603
21304 -1.00603
01427 -1.00602
02514 -1.00602
02751 -1.00602
07597 -1.00602
09203 -1.00602
10222 -1.00602
12122 -1.00602
13777 -1.00602
14776 -1.00602
19181 -1.00602
20259 -1.00602
21442 -1.00602
01257 -1.00601
04405 -1.00601
05706 -1.00601
05824 -1.00601
05855 -1.00601
07914 -1.00601
08200 -1.00601
12756 -1.00601
12773 -1.00601
16013 -1.00601
16516 -1.00601
17819 -1.00601
17862 -1.00601
20504 -1.00601
00856 -1.006
02117 -1.006
02757 -1.006
05013 -1.006
07762 -1.006
08994 -1.006
09797 -1.006
13053 -1.006
13569 -1.006
13797 -1.006
15089 -1.006
15213 -1.006
15565 -1.006
17932 -1.006
00337 -1.00599
01227 -1.00599
03205 -1.00599
03402 -1.00599
03984 -1.00599
06779 -1.00599
08384 -1.00599
09055 -1.00599
09319 -1.00599
09833 -1.00599
11722 -1.00599
14475 -1.00599
14874 -1.00599
15256 -1.00599
15916 -1.00599
00420 -1.00598
01362 -1.00598
01472 -1.00598
04364 -1.00598
05250 -1.00598
09639 -1.00598
11106 -1.00598
11914 -1.00598
13719 -1.00598
17410 -1.00598
19510 -1.00598
19987 -1.00598
20198 -1.00598
20633 -1.00598
00065 -1.00597
00718 -1.00597
03693 -1.00597
04953 -1.00597
08441 -1.00597
10130 -1.00597
18355 -1.00597
18614 -1.00597
18786 -1.00597
19348 -1.00597
19610 -1.00597
19624 -1.00597
19728 -1.00597
01895 -1.00596
04747 -1.00596
05750 -1.00596
08563 -1.00596
08838 -1.00596
09687 -1.00596
12925 -1.00596
14802 -1.00596
16309 -1.00596
16574 -1.00596
20129 -1.00596
21302 -1.00596
21566 -1.00596
03551 -1.00595
04701 -1.00595
06198 -1.00595
06445 -1.00595
09005 -1.00595
09574 -1.00595
10144 -1.00595
10695 -1.00595
14280 -1.00595
15888 -1.00595
17863 -1.00595
01959 -1.00594
02937 -1.00594
03390 -1.00594
03850 -1.00594
04626 -1.00594
08010 -1.00594
09534 -1.00594
09969 -1.00594
15253 -1.00594
15423 -1.00594
16631 -1.00594
17242 -1.00594
18193 -1.00594
21221 -1.00594
01498 -1.00593
01771 -1.00593
04535 -1.00593
04960 -1.00593
06720 -1.00593
06875 -1.00593
07103 -1.00593
07287 -1.00593
11102 -1.00593
12597 -1.00593
17398 -1.00593
20033 -1.00593
20211 -1.00593
21268 -1.00593
21537 -1.00593
06156 -1.00592
06181 -1.00592
06803 -1.00592
09511 -1.00592
11386 -1.00592
14155 -1.00592
14594 -1.00592
15100 -1.00592
15821 -1.00592
16169 -1.00592
16418 -1.00592
16964 -1.00592
17070 -1.00592
18408 -1.00592
19239 -1.00592
19413 -1.00592
19681 -1.00592
20218 -1.00592
20883 -1.00592
21428 -1.00592
01261 -1.00591
03585 -1.00591
04901 -1.00591
10980 -1.00591
12508 -1.00591
14452 -1.00591
14629 -1.00591
14943 -1.00591
15372 -1.00591
16301 -1.00591
17296 -1.00591
19184 -1.00591
19608 -1.00591
00037 -1.0059
01074 -1.0059
01513 -1.0059
01825 -1.0059
02709 -1.0059
04337 -1.0059
09127 -1.0059
09691 -1.0059
09788 -1.0059
12033 -1.0059
15336 -1.0059
18036 -1.0059
18665 -1.0059
20814 -1.0059
01307 -1.00589
01944 -1.00589
02992 -1.00589
04233 -1.00589
04370 -1.00589
05256 -1.00589
05442 -1.00589
06258 -1.00589
07012 -1.00589
09004 -1.00589
09746 -1.00589
09907 -1.00589
11697 -1.00589
12071 -1.00589
14857 -1.00589
16960 -1.00589
20359 -1.00589
02057 -1.00588
05447 -1.00588
05552 -1.00588
06628 -1.00588
11094 -1.00588
11423 -1.00588
12159 -1.00588
12858 -1.00588
13982 -1.00588
14971 -1.00588
15333 -1.00588
16238 -1.00588
16514 -1.00588
16610 -1.00588
16713 -1.00588
16851 -1.00588
17353 -1.00588
18141 -1.00588
19040 -1.00588
02574 -1.00587
04113 -1.00587
06324 -1.00587
07792 -1.00587
09048 -1.00587
15937 -1.00587
17519 -1.00587
19144 -1.00587
21525 -1.00587
02045 -1.00586
02055 -1.00586
02859 -1.00586
03645 -1.00586
06850 -1.00586
07313 -1.00586
08882 -1.00586
09996 -1.00586
11375 -1.00586
11649 -1.00586
11777 -1.00586
14883 -1.00586
15552 -1.00586
19949 -1.00586
20650 -1.00586
20770 -1.00586
00393 -1.00585
01877 -1.00585
02466 -1.00585
02468 -1.00585
03564 -1.00585
04532 -1.00585
05427 -1.00585
05542 -1.00585
06907 -1.00585
07426 -1.00585
08075 -1.00585
08505 -1.00585
08854 -1.00585
10177 -1.00585
10904 -1.00585
12178 -1.00585
12771 -1.00585
17621 -1.00585
19952 -1.00585
20154 -1.00585
20998 -1.00585
01414 -1.00584
01453 -1.00584
01786 -1.00584
03768 -1.00584
04029 -1.00584
04373 -1.00584
05486 -1.00584
05841 -1.00584
06466 -1.00584
07437 -1.00584
08076 -1.00584
08201 -1.00584
10398 -1.00584
13112 -1.00584
15359 -1.00584
17584 -1.00584
18050 -1.00584
20475 -1.00584
01188 -1.00583
01244 -1.00583
06806 -1.00583
07977 -1.00583
08239 -1.00583
10597 -1.00583
11118 -1.00583
11144 -1.00583
12466 -1.00583
14566 -1.00583
16399 -1.00583
16430 -1.00583
16996 -1.00583
17100 -1.00583
18206 -1.00583
19020 -1.00583
19618 -1.00583
20528 -1.00583
20766 -1.00583
21135 -1.00583
21332 -1.00583
00358 -1.00582
00853 -1.00582
01582 -1.00582
01999 -1.00582
05602 -1.00582
06108 -1.00582
06234 -1.00582
06584 -1.00582
07753 -1.00582
08179 -1.00582
10906 -1.00582
11581 -1.00582
11631 -1.00582
12664 -1.00582
13517 -1.00582
16391 -1.00582
18213 -1.00582
18510 -1.00582
00988 -1.00581
01535 -1.00581
02035 -1.00581
03283 -1.00581
04072 -1.00581
04221 -1.00581
07566 -1.00581
08719 -1.00581
09002 -1.00581
10810 -1.00581
11323 -1.00581
13746 -1.00581
14589 -1.00581
18776 -1.00581
18973 -1.00581
19815 -1.00581
20413 -1.00581
20862 -1.00581
00145 -1.0058
00986 -1.0058
02568 -1.0058
03012 -1.0058
03981 -1.0058
04210 -1.0058
08671 -1.0058
09114 -1.0058
09552 -1.0058
09818 -1.0058
09854 -1.0058
10276 -1.0058
11007 -1.0058
11033 -1.0058
11044 -1.0058
12060 -1.0058
12452 -1.0058
12480 -1.0058
15887 -1.0058
16916 -1.0058
16970 -1.0058
17181 -1.0058
17675 -1.0058
21116 -1.0058
21362 -1.0058
21533 -1.0058
02916 -1.00579
04111 -1.00579
07838 -1.00579
07876 -1.00579
08723 -1.00579
09795 -1.00579
10395 -1.00579
11988 -1.00579
13571 -1.00579
14612 -1.00579
15515 -1.00579
15622 -1.00579
18253 -1.00579
20999 -1.00579
00724 -1.00578
00859 -1.00578
02176 -1.00578
05739 -1.00578
09554 -1.00578
10568 -1.00578
10732 -1.00578
10764 -1.00578
11195 -1.00578
11244 -1.00578
11946 -1.00578
14183 -1.00578
14244 -1.00578
15250 -1.00578
18924 -1.00578
20144 -1.00578
20265 -1.00578
20965 -1.00578
00357 -1.00577
04608 -1.00577
05085 -1.00577
05789 -1.00577
08967 -1.00577
09727 -1.00577
09817 -1.00577
14880 -1.00577
16154 -1.00577
16612 -1.00577
17014 -1.00577
18535 -1.00577
20001 -1.00577
21471 -1.00577
00137 -1.00576
00390 -1.00576
01299 -1.00576
02856 -1.00576
04293 -1.00576
05071 -1.00576
06309 -1.00576
13283 -1.00576
13565 -1.00576
13750 -1.00576
14191 -1.00576
15011 -1.00576
15012 -1.00576
15090 -1.00576
15557 -1.00576
18214 -1.00576
20767 -1.00576
00874 -1.00575
02502 -1.00575
03502 -1.00575
03670 -1.00575
05541 -1.00575
05567 -1.00575
06288 -1.00575
06869 -1.00575
07973 -1.00575
08899 -1.00575
10049 -1.00575
13222 -1.00575
15233 -1.00575
16856 -1.00575
17329 -1.00575
17389 -1.00575
18199 -1.00575
19155 -1.00575
21550 -1.00575
00077 -1.00574
01884 -1.00574
02623 -1.00574
02870 -1.00574
04871 -1.00574
05253 -1.00574
05472 -1.00574
06433 -1.00574
08855 -1.00574
09914 -1.00574
12817 -1.00574
13068 -1.00574
16747 -1.00574
17779 -1.00574
19547 -1.00574
19626 -1.00574
20630 -1.00574
20735 -1.00574
20750 -1.00574
20969 -1.00574
00329 -1.00573
02014 -1.00573
04220 -1.00573
04669 -1.00573
04704 -1.00573
04856 -1.00573
08044 -1.00573
10091 -1.00573
10690 -1.00573
11797 -1.00573
12180 -1.00573
12477 -1.00573
12709 -1.00573
12765 -1.00573
18461 -1.00573
19950 -1.00573
20273 -1.00573
20309 -1.00573
00613 -1.00572
01435 -1.00572
01491 -1.00572
01689 -1.00572
02801 -1.00572
04656 -1.00572
04909 -1.00572
07022 -1.00572
07107 -1.00572
09470 -1.00572
11365 -1.00572
12624 -1.00572
12644 -1.00572
12806 -1.00572
16759 -1.00572
16817 -1.00572
19540 -1.00572
20664 -1.00572
21424 -1.00572
04932 -1.00571
05315 -1.00571
07377 -1.00571
07536 -1.00571
07630 -1.00571
08163 -1.00571
09121 -1.00571
11569 -1.00571
11810 -1.00571
16517 -1.00571
17503 -1.00571
17716 -1.00571
19105 -1.00571
21078 -1.00571
01625 -1.0057
03847 -1.0057
05675 -1.0057
05920 -1.0057
07007 -1.0057
07106 -1.0057
07545 -1.0057
10368 -1.0057
10893 -1.0057
12407 -1.0057
13712 -1.0057
14666 -1.0057
15286 -1.0057
15389 -1.0057
17327 -1.0057
17418 -1.0057
20396 -1.0057
20687 -1.0057
01560 -1.00569
03006 -1.00569
03468 -1.00569
04494 -1.00569
05467 -1.00569
12176 -1.00569
17258 -1.00569
20285 -1.00569
20445 -1.00569
21055 -1.00569
21421 -1.00569
01047 -1.00568
01892 -1.00568
09141 -1.00568
09212 -1.00568
15586 -1.00568
16281 -1.00568
18023 -1.00568
19006 -1.00568
20319 -1.00568
00974 -1.00567
01005 -1.00567
04720 -1.00567
04824 -1.00567
05379 -1.00567
06365 -1.00567
08168 -1.00567
09607 -1.00567
14220 -1.00567
14611 -1.00567
16408 -1.00567
00282 -1.00566
00485 -1.00566
00742 -1.00566
01940 -1.00566
02412 -1.00566
02513 -1.00566
03494 -1.00566
04018 -1.00566
04098 -1.00566
06254 -1.00566
07940 -1.00566
08907 -1.00566
10190 -1.00566
11336 -1.00566
11701 -1.00566
16995 -1.00566
19077 -1.00566
04016 -1.00565
04367 -1.00565
04581 -1.00565
05134 -1.00565
05222 -1.00565
05741 -1.00565
08976 -1.00565
09480 -1.00565
10341 -1.00565
10411 -1.00565
11023 -1.00565
11076 -1.00565
13501 -1.00565
17254 -1.00565
17289 -1.00565
20780 -1.00565
00564 -1.00564
02435 -1.00564
03022 -1.00564
03038 -1.00564
08847 -1.00564
09869 -1.00564
10239 -1.00564
11831 -1.00564
14045 -1.00564
14275 -1.00564
15460 -1.00564
16395 -1.00564
17372 -1.00564
17592 -1.00564
17774 -1.00564
19075 -1.00564
20298 -1.00564
00297 -1.00563
01105 -1.00563
01575 -1.00563
02048 -1.00563
02471 -1.00563
02746 -1.00563
03705 -1.00563
04012 -1.00563
04770 -1.00563
04782 -1.00563
06560 -1.00563
08036 -1.00563
08880 -1.00563
11346 -1.00563
11703 -1.00563
13113 -1.00563
15583 -1.00563
17305 -1.00563
18008 -1.00563
18075 -1.00563
18275 -1.00563
18438 -1.00563
18813 -1.00563
19265 -1.00563
20262 -1.00563
00671 -1.00562
01315 -1.00562
03830 -1.00562
07288 -1.00562
07777 -1.00562
08198 -1.00562
10381 -1.00562
11099 -1.00562
11769 -1.00562
16260 -1.00562
16466 -1.00562
18834 -1.00562
20032 -1.00562
20393 -1.00562
21463 -1.00562
00732 -1.00561
03623 -1.00561
06248 -1.00561
06337 -1.00561
09032 -1.00561
09463 -1.00561
09758 -1.00561
11027 -1.00561
11983 -1.00561
13427 -1.00561
14194 -1.00561
14447 -1.00561
16606 -1.00561
18006 -1.00561
18197 -1.00561
20152 -1.00561
21115 -1.00561
21531 -1.00561
04324 -1.0056
05599 -1.0056
11782 -1.0056
16778 -1.0056
17256 -1.0056
18511 -1.0056
19556 -1.0056
01701 -1.00559
01978 -1.00559
02352 -1.00559
04057 -1.00559
05561 -1.00559
07608 -1.00559
07629 -1.00559
09464 -1.00559
10025 -1.00559
10247 -1.00559
11888 -1.00559
12149 -1.00559
15019 -1.00559
16890 -1.00559
16935 -1.00559
16957 -1.00559
17423 -1.00559
18210 -1.00559
19543 -1.00559
20171 -1.00559
21388 -1.00559
00902 -1.00558
01198 -1.00558
02110 -1.00558
02584 -1.00558
04455 -1.00558
05306 -1.00558
07066 -1.00558
08005 -1.00558
08063 -1.00558
08533 -1.00558
08609 -1.00558
09225 -1.00558
11045 -1.00558
11805 -1.00558
14201 -1.00558
15408 -1.00558
15456 -1.00558
19483 -1.00558
20437 -1.00558
00103 -1.00557
01541 -1.00557
01731 -1.00557
01867 -1.00557
02291 -1.00557
02924 -1.00557
03639 -1.00557
10397 -1.00557
10430 -1.00557
10791 -1.00557
11214 -1.00557
12562 -1.00557
14331 -1.00557
15624 -1.00557
20860 -1.00557
00205 -1.00556
02722 -1.00556
03087 -1.00556
03758 -1.00556
04934 -1.00556
05298 -1.00556
05530 -1.00556
06593 -1.00556
07428 -1.00556
08029 -1.00556
08080 -1.00556
08860 -1.00556
10329 -1.00556
11000 -1.00556
11031 -1.00556
11418 -1.00556
12077 -1.00556
17347 -1.00556
17682 -1.00556
18421 -1.00556
18779 -1.00556
21450 -1.00556
00235 -1.00555
07126 -1.00555
08766 -1.00555
13008 -1.00555
14038 -1.00555
15414 -1.00555
17166 -1.00555
00602 -1.00554
00828 -1.00554
04699 -1.00554
06419 -1.00554
07120 -1.00554
09277 -1.00554
09672 -1.00554
11167 -1.00554
12545 -1.00554
13784 -1.00554
17156 -1.00554
17245 -1.00554
17274 -1.00554
19798 -1.00554
20925 -1.00554
00012 -1.00553
02645 -1.00553
03832 -1.00553
05587 -1.00553
05899 -1.00553
06359 -1.00553
06944 -1.00553
07024 -1.00553
07693 -1.00553
07719 -1.00553
09862 -1.00553
12145 -1.00553
15026 -1.00553
16019 -1.00553
16205 -1.00553
17402 -1.00553
17766 -1.00553
17800 -1.00553
18968 -1.00553
19651 -1.00553
00937 -1.00552
05302 -1.00552
06739 -1.00552
07060 -1.00552
07099 -1.00552
07326 -1.00552
08128 -1.00552
10854 -1.00552
11760 -1.00552
12403 -1.00552
12805 -1.00552
13255 -1.00552
14207 -1.00552
15222 -1.00552
16447 -1.00552
16458 -1.00552
16831 -1.00552
16909 -1.00552
19051 -1.00552
20155 -1.00552
20913 -1.00552
01421 -1.00551
01564 -1.00551
01698 -1.00551
02406 -1.00551
03366 -1.00551
06434 -1.00551
07948 -1.00551
08810 -1.00551
09138 -1.00551
09158 -1.00551
09216 -1.00551
10233 -1.00551
10863 -1.00551
12039 -1.00551
12742 -1.00551
12762 -1.00551
12862 -1.00551
16257 -1.00551
17020 -1.00551
18633 -1.00551
20870 -1.00551
00627 -1.0055
01802 -1.0055
02400 -1.0055
04260 -1.0055
04766 -1.0055
07423 -1.0055
09624 -1.0055
10531 -1.0055
11635 -1.0055
11863 -1.0055
13455 -1.0055
17375 -1.0055
18494 -1.0055
19030 -1.0055
19249 -1.0055
19442 -1.0055
19454 -1.0055
03512 -1.00549
07260 -1.00549
07578 -1.00549
09182 -1.00549
11150 -1.00549
11939 -1.00549
12529 -1.00549
19667 -1.00549
20241 -1.00549
20260 -1.00549
20264 -1.00549
20628 -1.00549
20670 -1.00549
20731 -1.00549
21226 -1.00549
00074 -1.00548
04483 -1.00548
04732 -1.00548
06345 -1.00548
08875 -1.00548
09720 -1.00548
10916 -1.00548
12333 -1.00548
12579 -1.00548
12760 -1.00548
13368 -1.00548
16017 -1.00548
17094 -1.00548
17366 -1.00548
17773 -1.00548
17931 -1.00548
18449 -1.00548
02403 -1.00547
02415 -1.00547
05166 -1.00547
07098 -1.00547
08169 -1.00547
08756 -1.00547
08900 -1.00547
08946 -1.00547
09655 -1.00547
12770 -1.00547
13944 -1.00547
15010 -1.00547
15050 -1.00547
16731 -1.00547
17357 -1.00547
17721 -1.00547
20050 -1.00547
20694 -1.00547
21275 -1.00547
00403 -1.00546
00674 -1.00546
02706 -1.00546
04716 -1.00546
05776 -1.00546
06190 -1.00546
06524 -1.00546
06712 -1.00546
07061 -1.00546
08038 -1.00546
08074 -1.00546
08750 -1.00546
10230 -1.00546
10284 -1.00546
11046 -1.00546
11616 -1.00546
11872 -1.00546
12532 -1.00546
12822 -1.00546
13649 -1.00546
14029 -1.00546
14950 -1.00546
17122 -1.00546
19130 -1.00546
19513 -1.00546
04504 -1.00545
04928 -1.00545
05242 -1.00545
06273 -1.00545
07643 -1.00545
08357 -1.00545
10804 -1.00545
11672 -1.00545
11892 -1.00545
13535 -1.00545
16187 -1.00545
17754 -1.00545
17935 -1.00545
18079 -1.00545
18905 -1.00545
19421 -1.00545
03806 -1.00544
04041 -1.00544
04060 -1.00544
04125 -1.00544
06196 -1.00544
08219 -1.00544
11883 -1.00544
13446 -1.00544
17395 -1.00544
17397 -1.00544
18520 -1.00544
18889 -1.00544
21398 -1.00544
00637 -1.00543
04182 -1.00543
04294 -1.00543
04943 -1.00543
05177 -1.00543
05383 -1.00543
06797 -1.00543
07203 -1.00543
09798 -1.00543
10477 -1.00543
10490 -1.00543
11292 -1.00543
13023 -1.00543
13717 -1.00543
14199 -1.00543
15987 -1.00543
16130 -1.00543
16215 -1.00543
17007 -1.00543
00370 -1.00542
02104 -1.00542
03229 -1.00542
03938 -1.00542
04679 -1.00542
05001 -1.00542
05030 -1.00542
05208 -1.00542
06265 -1.00542
07204 -1.00542
07237 -1.00542
07764 -1.00542
08343 -1.00542
08697 -1.00542
09633 -1.00542
10788 -1.00542
11685 -1.00542
17809 -1.00542
20326 -1.00542
20529 -1.00542
21573 -1.00542
00094 -1.00541
02074 -1.00541
06543 -1.00541
06966 -1.00541
08318 -1.00541
09630 -1.00541
09954 -1.00541
14980 -1.00541
15489 -1.00541
16492 -1.00541
18385 -1.00541
18875 -1.00541
21383 -1.00541
00270 -1.0054
01916 -1.0054
03836 -1.0054
03931 -1.0054
04862 -1.0054
05286 -1.0054
08622 -1.0054
08659 -1.0054
10067 -1.0054
12021 -1.0054
13264 -1.0054
15093 -1.0054
15448 -1.0054
17654 -1.0054
18205 -1.0054
18235 -1.0054
21114 -1.0054
21448 -1.0054
21500 -1.0054
00380 -1.00539
01153 -1.00539
01415 -1.00539
03671 -1.00539
04187 -1.00539
05746 -1.00539
07645 -1.00539
08229 -1.00539
09295 -1.00539
09824 -1.00539
10272 -1.00539
11723 -1.00539
13489 -1.00539
18237 -1.00539
18948 -1.00539
19178 -1.00539
20585 -1.00539
00178 -1.00538
00586 -1.00538
02742 -1.00538
06891 -1.00538
07873 -1.00538
08601 -1.00538
12720 -1.00538
15255 -1.00538
15385 -1.00538
16162 -1.00538
19918 -1.00538
20350 -1.00538
00308 -1.00537
01016 -1.00537
01249 -1.00537
02407 -1.00537
03667 -1.00537
04745 -1.00537
05092 -1.00537
05344 -1.00537
05513 -1.00537
09857 -1.00537
10267 -1.00537
15112 -1.00537
15280 -1.00537
15763 -1.00537
18452 -1.00537
19933 -1.00537
21374 -1.00537
00933 -1.00536
01041 -1.00536
02456 -1.00536
04665 -1.00536
04938 -1.00536
05549 -1.00536
07130 -1.00536
08620 -1.00536
10110 -1.00536
10650 -1.00536
12353 -1.00536
12962 -1.00536
14193 -1.00536
18607 -1.00536
19078 -1.00536
19985 -1.00536
20758 -1.00536
21265 -1.00536
00456 -1.00535
01397 -1.00535
03397 -1.00535
03957 -1.00535
04089 -1.00535
05434 -1.00535
05590 -1.00535
07932 -1.00535
08070 -1.00535
08802 -1.00535
10302 -1.00535
10448 -1.00535
10963 -1.00535
12228 -1.00535
13251 -1.00535
13253 -1.00535
13695 -1.00535
16438 -1.00535
17185 -1.00535
17680 -1.00535
18095 -1.00535
19109 -1.00535
20135 -1.00535
04378 -1.00534
05282 -1.00534
05500 -1.00534
08963 -1.00534
09064 -1.00534
09123 -1.00534
09215 -1.00534
09755 -1.00534
11948 -1.00534
14123 -1.00534
14917 -1.00534
15875 -1.00534
16211 -1.00534
17909 -1.00534
18798 -1.00534
19029 -1.00534
19545 -1.00534
19637 -1.00534
20014 -1.00534
20295 -1.00534
20308 -1.00534
20329 -1.00534
02765 -1.00533
03490 -1.00533
03546 -1.00533
04751 -1.00533
07006 -1.00533
08375 -1.00533
08597 -1.00533
08890 -1.00533
09273 -1.00533
11824 -1.00533
11869 -1.00533
15555 -1.00533
16628 -1.00533
18123 -1.00533
18490 -1.00533
19877 -1.00533
20643 -1.00533
00111 -1.00532
00844 -1.00532
02522 -1.00532
04143 -1.00532
05845 -1.00532
06037 -1.00532
06413 -1.00532
08191 -1.00532
09046 -1.00532
09591 -1.00532
10285 -1.00532
11115 -1.00532
11145 -1.00532
11884 -1.00532
14427 -1.00532
15158 -1.00532
17061 -1.00532
17172 -1.00532
17842 -1.00532
20175 -1.00532
20671 -1.00532
00657 -1.00531
01478 -1.00531
01755 -1.00531
05147 -1.00531
06558 -1.00531
07681 -1.00531
07947 -1.00531
08022 -1.00531
08630 -1.00531
09408 -1.00531
10215 -1.00531
10500 -1.00531
10792 -1.00531
11603 -1.00531
12158 -1.00531
12395 -1.00531
13123 -1.00531
13665 -1.00531
13847 -1.00531
14162 -1.00531
18150 -1.00531
19620 -1.00531
01272 -1.0053
01339 -1.0053
02467 -1.0053
03479 -1.0053
03613 -1.0053
05973 -1.0053
07015 -1.0053
08487 -1.0053
11107 -1.0053
11376 -1.0053
11391 -1.0053
13019 -1.0053
14695 -1.0053
14953 -1.0053
16324 -1.0053
16848 -1.0053
18719 -1.0053
19997 -1.0053
20824 -1.0053
21575 -1.0053
00367 -1.00529
04470 -1.00529
05492 -1.00529
05769 -1.00529
06245 -1.00529
07181 -1.00529
09711 -1.00529
11533 -1.00529
11986 -1.00529
14083 -1.00529
14107 -1.00529
16294 -1.00529
17205 -1.00529
17283 -1.00529
19590 -1.00529
20660 -1.00529
00989 -1.00528
01378 -1.00528
01502 -1.00528
02744 -1.00528
04859 -1.00528
06105 -1.00528
06111 -1.00528
06765 -1.00528
08329 -1.00528
10030 -1.00528
10059 -1.00528
11578 -1.00528
11643 -1.00528
12550 -1.00528
14318 -1.00528
17434 -1.00528
19294 -1.00528
20126 -1.00528
01613 -1.00527
01666 -1.00527
02548 -1.00527
03433 -1.00527
03547 -1.00527
06252 -1.00527
06986 -1.00527
07261 -1.00527
08258 -1.00527
08782 -1.00527
09922 -1.00527
11654 -1.00527
11942 -1.00527
12454 -1.00527
12535 -1.00527
14487 -1.00527
18136 -1.00527
18965 -1.00527
19247 -1.00527
19401 -1.00527
19526 -1.00527
20363 -1.00527
20658 -1.00527
21139 -1.00527
01612 -1.00526
02449 -1.00526
03272 -1.00526
04623 -1.00526
06813 -1.00526
07083 -1.00526
07438 -1.00526
09134 -1.00526
09220 -1.00526
10283 -1.00526
10845 -1.00526
10873 -1.00526
15249 -1.00526
16353 -1.00526
16888 -1.00526
18359 -1.00526
19204 -1.00526
21158 -1.00526
21247 -1.00526
21437 -1.00526
00120 -1.00525
00292 -1.00525
01103 -1.00525
01178 -1.00525
01746 -1.00525
02639 -1.00525
04140 -1.00525
06070 -1.00525
06676 -1.00525
09088 -1.00525
10069 -1.00525
11847 -1.00525
13157 -1.00525
13705 -1.00525
14588 -1.00525
16871 -1.00525
18683 -1.00525
18913 -1.00525
03511 -1.00524
05684 -1.00524
07055 -1.00524
07240 -1.00524
07586 -1.00524
08747 -1.00524
09384 -1.00524
09805 -1.00524
11236 -1.00524
12147 -1.00524
12671 -1.00524
16441 -1.00524
16812 -1.00524
17415 -1.00524
21412 -1.00524
00454 -1.00523
00593 -1.00523
01053 -1.00523
01390 -1.00523
01602 -1.00523
03359 -1.00523
03853 -1.00523
06719 -1.00523
13030 -1.00523
13239 -1.00523
13703 -1.00523
13958 -1.00523
15145 -1.00523
16775 -1.00523
16853 -1.00523
16906 -1.00523
17322 -1.00523
20025 -1.00523
00915 -1.00522
01405 -1.00522
01826 -1.00522
02789 -1.00522
02860 -1.00522
06402 -1.00522
08091 -1.00522
08146 -1.00522
09488 -1.00522
10966 -1.00522
11624 -1.00522
15974 -1.00522
16195 -1.00522
16672 -1.00522
00208 -1.00521
01167 -1.00521
04566 -1.00521
04995 -1.00521
06099 -1.00521
06341 -1.00521
09090 -1.00521
09235 -1.00521
10968 -1.00521
11452 -1.00521
13231 -1.00521
15065 -1.00521
15857 -1.00521
17655 -1.00521
18176 -1.00521
18298 -1.00521
00981 -1.0052
02039 -1.0052
02320 -1.0052
02708 -1.0052
05860 -1.0052
06220 -1.0052
06374 -1.0052
06455 -1.0052
06840 -1.0052
07009 -1.0052
07872 -1.0052
08500 -1.0052
10000 -1.0052
13110 -1.0052
13171 -1.0052
13460 -1.0052
17107 -1.0052
17180 -1.0052
17496 -1.0052
18427 -1.0052
21552 -1.0052
21554 -1.0052
00822 -1.00519
01955 -1.00519
02259 -1.00519
03090 -1.00519
04460 -1.00519
04839 -1.00519
05195 -1.00519
05417 -1.00519
06633 -1.00519
09496 -1.00519
11413 -1.00519
13071 -1.00519
13125 -1.00519
15989 -1.00519
17911 -1.00519
19472 -1.00519
20906 -1.00519
01180 -1.00518
02914 -1.00518
05135 -1.00518
07123 -1.00518
07145 -1.00518
08049 -1.00518
08172 -1.00518
08645 -1.00518
08796 -1.00518
08920 -1.00518
09804 -1.00518
11286 -1.00518
12265 -1.00518
13227 -1.00518
17216 -1.00518
17277 -1.00518
17869 -1.00518
20226 -1.00518
00545 -1.00517
01050 -1.00517
01553 -1.00517
02802 -1.00517
04249 -1.00517
04523 -1.00517
06209 -1.00517
09167 -1.00517
09219 -1.00517
10472 -1.00517
10979 -1.00517
13714 -1.00517
13857 -1.00517
15374 -1.00517
16268 -1.00517
16411 -1.00517
16746 -1.00517
16965 -1.00517
18125 -1.00517
18324 -1.00517
18350 -1.00517
19680 -1.00517
19983 -1.00517
00299 -1.00516
01212 -1.00516
04050 -1.00516
05034 -1.00516
05095 -1.00516
05213 -1.00516
05581 -1.00516
06817 -1.00516
06969 -1.00516
07159 -1.00516
07789 -1.00516
07828 -1.00516
09078 -1.00516
09202 -1.00516
09576 -1.00516
09663 -1.00516
10519 -1.00516
12444 -1.00516
17941 -1.00516
18605 -1.00516
00812 -1.00515
01210 -1.00515
07096 -1.00515
09181 -1.00515
11683 -1.00515
12570 -1.00515
13072 -1.00515
16088 -1.00515
16178 -1.00515
16602 -1.00515
17204 -1.00515
17745 -1.00515
19678 -1.00515
19803 -1.00515
20212 -1.00515
20899 -1.00515
21049 -1.00515
03478 -1.00514
03519 -1.00514
03799 -1.00514
04635 -1.00514
05149 -1.00514
06639 -1.00514
08035 -1.00514
09598 -1.00514
10461 -1.00514
11254 -1.00514
12777 -1.00514
13130 -1.00514
15948 -1.00514
19730 -1.00514
19755 -1.00514
20097 -1.00514
20098 -1.00514
20156 -1.00514
20315 -1.00514
20955 -1.00514
21231 -1.00514
00133 -1.00513
01033 -1.00513
02472 -1.00513
03147 -1.00513
03571 -1.00513
03602 -1.00513
05998 -1.00513
06908 -1.00513
07010 -1.00513
10008 -1.00513
12640 -1.00513
12810 -1.00513
13199 -1.00513
13818 -1.00513
14515 -1.00513
14679 -1.00513
14683 -1.00513
15123 -1.00513
15678 -1.00513
16717 -1.00513
18499 -1.00513
19810 -1.00513
19947 -1.00513
20225 -1.00513
20733 -1.00513
21382 -1.00513
00113 -1.00512
00238 -1.00512
00252 -1.00512
03305 -1.00512
04594 -1.00512
05828 -1.00512
06262 -1.00512
06368 -1.00512
06967 -1.00512
08606 -1.00512
09690 -1.00512
11232 -1.00512
11253 -1.00512
11981 -1.00512
14458 -1.00512
14998 -1.00512
17522 -1.00512
17533 -1.00512
17678 -1.00512
18251 -1.00512
19585 -1.00512
19774 -1.00512
20237 -1.00512
21423 -1.00512
21432 -1.00512
02596 -1.00511
03431 -1.00511
04353 -1.00511
04510 -1.00511
04962 -1.00511
05523 -1.00511
08615 -1.00511
09543 -1.00511
09878 -1.00511
10131 -1.00511
12328 -1.00511
14607 -1.00511
15501 -1.00511
15681 -1.00511
15712 -1.00511
16988 -1.00511
17544 -1.00511
17885 -1.00511
18366 -1.00511
18823 -1.00511
20358 -1.00511
20447 -1.00511
20478 -1.00511
21159 -1.00511
01977 -1.0051
02258 -1.0051
05058 -1.0051
05107 -1.0051
06232 -1.0051
06429 -1.0051
06613 -1.0051
10296 -1.0051
10851 -1.0051
11239 -1.0051
12739 -1.0051
12909 -1.0051
13031 -1.0051
13250 -1.0051
14087 -1.0051
15632 -1.0051
16938 -1.0051
17147 -1.0051
17201 -1.0051
17937 -1.0051
18967 -1.0051
19067 -1.0051
19284 -1.0051
19416 -1.0051
20024 -1.0051
20276 -1.0051
20871 -1.0051
00703 -1.00509
01517 -1.00509
01849 -1.00509
05192 -1.00509
06339 -1.00509
07051 -1.00509
07256 -1.00509
07722 -1.00509
08915 -1.00509
09003 -1.00509
11078 -1.00509
11853 -1.00509
12138 -1.00509
12670 -1.00509
12788 -1.00509
12839 -1.00509
14042 -1.00509
15035 -1.00509
15667 -1.00509
16023 -1.00509
16923 -1.00509
17046 -1.00509
17116 -1.00509
19264 -1.00509
19867 -1.00509
20133 -1.00509
20841 -1.00509
01981 -1.00508
03562 -1.00508
03603 -1.00508
05087 -1.00508
05391 -1.00508
05653 -1.00508
05827 -1.00508
06594 -1.00508
09803 -1.00508
10150 -1.00508
10393 -1.00508
10627 -1.00508
12256 -1.00508
12741 -1.00508
12841 -1.00508
13235 -1.00508
13411 -1.00508
15738 -1.00508
15784 -1.00508
16486 -1.00508
17870 -1.00508
19235 -1.00508
19328 -1.00508
20574 -1.00508
20722 -1.00508
20975 -1.00508
03028 -1.00507
07502 -1.00507
07799 -1.00507
09760 -1.00507
10468 -1.00507
11172 -1.00507
12610 -1.00507
15818 -1.00507
15848 -1.00507
16174 -1.00507
17243 -1.00507
17373 -1.00507
18964 -1.00507
20191 -1.00507
20613 -1.00507
20973 -1.00507
21013 -1.00507
21069 -1.00507
21232 -1.00507
00900 -1.00506
01942 -1.00506
03684 -1.00506
06027 -1.00506
07581 -1.00506
08337 -1.00506
08786 -1.00506
08947 -1.00506
09210 -1.00506
11211 -1.00506
12923 -1.00506
13028 -1.00506
17475 -1.00506
18453 -1.00506
18514 -1.00506
19047 -1.00506
20625 -1.00506
20746 -1.00506
21561 -1.00506
00581 -1.00505
03104 -1.00505
04685 -1.00505
04754 -1.00505
05217 -1.00505
05261 -1.00505
09376 -1.00505
09894 -1.00505
10183 -1.00505
10553 -1.00505
11358 -1.00505
11473 -1.00505
11520 -1.00505
12259 -1.00505
12435 -1.00505
14271 -1.00505
14391 -1.00505
15331 -1.00505
16252 -1.00505
20873 -1.00505
00248 -1.00504
00455 -1.00504
00785 -1.00504
02079 -1.00504
02136 -1.00504
04947 -1.00504
05153 -1.00504
05823 -1.00504
08277 -1.00504
08477 -1.00504
08639 -1.00504
09035 -1.00504
09360 -1.00504
10081 -1.00504
11101 -1.00504
11661 -1.00504
11793 -1.00504
12578 -1.00504
12715 -1.00504
14387 -1.00504
14956 -1.00504
15894 -1.00504
16777 -1.00504
18104 -1.00504
20493 -1.00504
00551 -1.00503
02059 -1.00503
03009 -1.00503
03487 -1.00503
03873 -1.00503
04270 -1.00503
05168 -1.00503
07938 -1.00503
08770 -1.00503
09374 -1.00503
10231 -1.00503
11161 -1.00503
11447 -1.00503
12388 -1.00503
17072 -1.00503
17708 -1.00503
20440 -1.00503
20976 -1.00503
03994 -1.00502
04788 -1.00502
05187 -1.00502
05382 -1.00502
06214 -1.00502
07522 -1.00502
09538 -1.00502
14809 -1.00502
15139 -1.00502
15672 -1.00502
15786 -1.00502
17704 -1.00502
20428 -1.00502
20509 -1.00502
00767 -1.00501
02828 -1.00501
03399 -1.00501
04382 -1.00501
05879 -1.00501
06137 -1.00501
07141 -1.00501
09118 -1.00501
10649 -1.00501
11588 -1.00501
12298 -1.00501
12445 -1.00501
12515 -1.00501
13042 -1.00501
13391 -1.00501
15107 -1.00501
16860 -1.00501
17106 -1.00501
17940 -1.00501
19315 -1.00501
20291 -1.00501
21237 -1.00501
00019 -1.005
00355 -1.005
02373 -1.005
02975 -1.005
03900 -1.005
04384 -1.005
05558 -1.005
07014 -1.005
07409 -1.005
07754 -1.005
08409 -1.005
08669 -1.005
11163 -1.005
13780 -1.005
15122 -1.005
16214 -1.005
17469 -1.005
18109 -1.005
18462 -1.005
18468 -1.005
00164 -1.00499
03293 -1.00499
05291 -1.00499
05588 -1.00499
07466 -1.00499
10163 -1.00499
10905 -1.00499
14363 -1.00499
14455 -1.00499
15003 -1.00499
15520 -1.00499
19276 -1.00499
20231 -1.00499
20957 -1.00499
21245 -1.00499
00994 -1.00498
03285 -1.00498
04450 -1.00498
04957 -1.00498
06282 -1.00498
07897 -1.00498
08979 -1.00498
11032 -1.00498
11866 -1.00498
12251 -1.00498
13880 -1.00498
14082 -1.00498
16092 -1.00498
16220 -1.00498
17004 -1.00498
17919 -1.00498
19862 -1.00498
20736 -1.00498
00151 -1.00497
00684 -1.00497
01879 -1.00497
01897 -1.00497
02128 -1.00497
02182 -1.00497
03422 -1.00497
03557 -1.00497
03876 -1.00497
04291 -1.00497
05622 -1.00497
06187 -1.00497
06636 -1.00497
08141 -1.00497
11265 -1.00497
11367 -1.00497
11374 -1.00497
12070 -1.00497
13416 -1.00497
13530 -1.00497
13851 -1.00497
14379 -1.00497
15285 -1.00497
15410 -1.00497
15956 -1.00497
16453 -1.00497
17343 -1.00497
19385 -1.00497
20128 -1.00497
21441 -1.00497
21546 -1.00497
01571 -1.00496
01709 -1.00496
04062 -1.00496
04347 -1.00496
04516 -1.00496
06380 -1.00496
06963 -1.00496
07211 -1.00496
08171 -1.00496
08325 -1.00496
10975 -1.00496
12294 -1.00496
12941 -1.00496
13710 -1.00496
14762 -1.00496
16297 -1.00496
17081 -1.00496
18412 -1.00496
19989 -1.00496
20119 -1.00496
20153 -1.00496
20344 -1.00496
21390 -1.00496
21395 -1.00496
21439 -1.00496
01241 -1.00495
02365 -1.00495
03186 -1.00495
04576 -1.00495
04915 -1.00495
07001 -1.00495
07048 -1.00495
07666 -1.00495
08002 -1.00495
09822 -1.00495
10701 -1.00495
11159 -1.00495
12433 -1.00495
13787 -1.00495
21368 -1.00495
00266 -1.00494
01383 -1.00494
02122 -1.00494
02356 -1.00494
02737 -1.00494
03059 -1.00494
04522 -1.00494
05281 -1.00494
05647 -1.00494
07112 -1.00494
07946 -1.00494
08616 -1.00494
09059 -1.00494
09637 -1.00494
09986 -1.00494
11630 -1.00494
12495 -1.00494
13284 -1.00494
14218 -1.00494
14975 -1.00494
17047 -1.00494
18011 -1.00494
18820 -1.00494
19937 -1.00494
20071 -1.00494
20180 -1.00494
21564 -1.00494
00459 -1.00493
01375 -1.00493
02331 -1.00493
02408 -1.00493
03187 -1.00493
03902 -1.00493
04485 -1.00493
05799 -1.00493
05929 -1.00493
06629 -1.00493
06992 -1.00493
07488 -1.00493
11030 -1.00493
12763 -1.00493
12790 -1.00493
14384 -1.00493
14740 -1.00493
16766 -1.00493
17796 -1.00493
18609 -1.00493
20549 -1.00493
21077 -1.00493
00041 -1.00492
00160 -1.00492
00422 -1.00492
01215 -1.00492
03073 -1.00492
04096 -1.00492
08731 -1.00492
10119 -1.00492
10380 -1.00492
13991 -1.00492
14049 -1.00492
14075 -1.00492
14151 -1.00492
16577 -1.00492
17987 -1.00492
18343 -1.00492
19318 -1.00492
19926 -1.00492
19955 -1.00492
19957 -1.00492
20825 -1.00492
00026 -1.00491
00392 -1.00491
00894 -1.00491
01558 -1.00491
03634 -1.00491
04137 -1.00491
04806 -1.00491
08085 -1.00491
08942 -1.00491
10174 -1.00491
11219 -1.00491
11246 -1.00491
12638 -1.00491
13578 -1.00491
14304 -1.00491
14308 -1.00491
14324 -1.00491
14965 -1.00491
15212 -1.00491
15494 -1.00491
15832 -1.00491
17042 -1.00491
17310 -1.00491
17451 -1.00491
00866 -1.0049
00930 -1.0049
01287 -1.0049
01752 -1.0049
02662 -1.0049
02982 -1.0049
05137 -1.0049
09009 -1.0049
10095 -1.0049
10523 -1.0049
10530 -1.0049
10753 -1.0049
11175 -1.0049
13843 -1.0049
14185 -1.0049
14272 -1.0049
15070 -1.0049
15641 -1.0049
16190 -1.0049
16893 -1.0049
18931 -1.0049
19016 -1.0049
19164 -1.0049
19827 -1.0049
19968 -1.0049
21112 -1.0049
00612 -1.00489
01128 -1.00489
02309 -1.00489
02971 -1.00489
05123 -1.00489
05150 -1.00489
06626 -1.00489
08576 -1.00489
09151 -1.00489
11714 -1.00489
13749 -1.00489
14245 -1.00489
14985 -1.00489
15207 -1.00489
15281 -1.00489
16327 -1.00489
16804 -1.00489
17344 -1.00489
19672 -1.00489
20054 -1.00489
20477 -1.00489
01798 -1.00488
02219 -1.00488
03915 -1.00488
04763 -1.00488
05264 -1.00488
07226 -1.00488
07638 -1.00488
09770 -1.00488
10694 -1.00488
12443 -1.00488
12870 -1.00488
13177 -1.00488
14348 -1.00488
14373 -1.00488
17413 -1.00488
17591 -1.00488
18180 -1.00488
18467 -1.00488
20124 -1.00488
20340 -1.00488
20343 -1.00488
20674 -1.00488
21016 -1.00488
21267 -1.00488
21321 -1.00488
01953 -1.00487
03034 -1.00487
04848 -1.00487
05668 -1.00487
07723 -1.00487
08138 -1.00487
09433 -1.00487
12344 -1.00487
12430 -1.00487
15711 -1.00487
16689 -1.00487
17187 -1.00487
17234 -1.00487
17920 -1.00487
18642 -1.00487
00054 -1.00486
00227 -1.00486
03116 -1.00486
03899 -1.00486
04407 -1.00486
06205 -1.00486
06910 -1.00486
07005 -1.00486
13098 -1.00486
14610 -1.00486
15418 -1.00486
18936 -1.00486
00129 -1.00485
01113 -1.00485
01326 -1.00485
02167 -1.00485
02515 -1.00485
04155 -1.00485
05516 -1.00485
05543 -1.00485
05702 -1.00485
05764 -1.00485
05792 -1.00485
06242 -1.00485
07349 -1.00485
08033 -1.00485
08496 -1.00485
09709 -1.00485
09905 -1.00485
10301 -1.00485
12905 -1.00485
14855 -1.00485
14862 -1.00485
19175 -1.00485
20547 -1.00485
20726 -1.00485
01088 -1.00484
02080 -1.00484
03176 -1.00484
03779 -1.00484
04457 -1.00484
05846 -1.00484
06519 -1.00484
06694 -1.00484
07929 -1.00484
10496 -1.00484
13540 -1.00484
14736 -1.00484
15999 -1.00484
16116 -1.00484
16368 -1.00484
16596 -1.00484
16757 -1.00484
17110 -1.00484
20947 -1.00484
21266 -1.00484
21335 -1.00484
00978 -1.00483
02760 -1.00483
05548 -1.00483
05814 -1.00483
06338 -1.00483
07461 -1.00483
08964 -1.00483
11223 -1.00483
11541 -1.00483
14148 -1.00483
14643 -1.00483
16895 -1.00483
18940 -1.00483
18983 -1.00483
20631 -1.00483
21006 -1.00483
00945 -1.00482
02306 -1.00482
02665 -1.00482
02827 -1.00482
04256 -1.00482
04911 -1.00482
05125 -1.00482
05843 -1.00482
06060 -1.00482
06399 -1.00482
06846 -1.00482
07797 -1.00482
07998 -1.00482
08176 -1.00482
09761 -1.00482
11149 -1.00482
11472 -1.00482
12496 -1.00482
12764 -1.00482
12830 -1.00482
15046 -1.00482
15842 -1.00482
16415 -1.00482
00475 -1.00481
01154 -1.00481
01289 -1.00481
01796 -1.00481
02056 -1.00481
07383 -1.00481
08418 -1.00481
09280 -1.00481
10612 -1.00481
11191 -1.00481
11243 -1.00481
12314 -1.00481
12731 -1.00481
14702 -1.00481
15573 -1.00481
15731 -1.00481
17200 -1.00481
17910 -1.00481
17946 -1.00481
18731 -1.00481
19197 -1.00481
20351 -1.00481
00070 -1.0048
00881 -1.0048
01168 -1.0048
01961 -1.0048
03598 -1.0048
04218 -1.0048
04383 -1.0048
04400 -1.0048
05962 -1.0048
06714 -1.0048
07217 -1.0048
07639 -1.0048
07805 -1.0048
08582 -1.0048
09474 -1.0048
09516 -1.0048
09529 -1.0048
10154 -1.0048
10464 -1.0048
11109 -1.0048
12184 -1.0048
13583 -1.0048
15969 -1.0048
15982 -1.0048
16595 -1.0048
16642 -1.0048
17429 -1.0048
20668 -1.0048
20854 -1.0048
21503 -1.0048
02783 -1.00479
02890 -1.00479
03527 -1.00479
04008 -1.00479
05692 -1.00479
05990 -1.00479
06274 -1.00479
10082 -1.00479
10345 -1.00479
10555 -1.00479
10673 -1.00479
13355 -1.00479
14039 -1.00479
14267 -1.00479
16604 -1.00479
19090 -1.00479
19481 -1.00479
20206 -1.00479
20446 -1.00479
21263 -1.00479
00886 -1.00478
01238 -1.00478
01391 -1.00478
02098 -1.00478
03360 -1.00478
03982 -1.00478
06474 -1.00478
06493 -1.00478
08114 -1.00478
08528 -1.00478
08721 -1.00478
09730 -1.00478
09790 -1.00478
09930 -1.00478
10089 -1.00478
10470 -1.00478
13160 -1.00478
13436 -1.00478
17448 -1.00478
18024 -1.00478
19644 -1.00478
20347 -1.00478
20540 -1.00478
21001 -1.00478
00239 -1.00477
00528 -1.00477
00858 -1.00477
04276 -1.00477
05793 -1.00477
07262 -1.00477
07455 -1.00477
07743 -1.00477
08223 -1.00477
10879 -1.00477
12735 -1.00477
16140 -1.00477
19246 -1.00477
20157 -1.00477
21324 -1.00477
00217 -1.00476
02149 -1.00476
02589 -1.00476
04158 -1.00476
05508 -1.00476
06121 -1.00476
06922 -1.00476
06936 -1.00476
07471 -1.00476
14766 -1.00476
16179 -1.00476
18883 -1.00476
20742 -1.00476
21131 -1.00476
00305 -1.00475
01704 -1.00475
04475 -1.00475
04843 -1.00475
06271 -1.00475
06819 -1.00475
07548 -1.00475
08224 -1.00475
08263 -1.00475
09097 -1.00475
09437 -1.00475
10942 -1.00475
11013 -1.00475
12052 -1.00475
12451 -1.00475
12468 -1.00475
12669 -1.00475
13064 -1.00475
13913 -1.00475
14842 -1.00475
17214 -1.00475
17988 -1.00475
19367 -1.00475
00176 -1.00474
02370 -1.00474
03389 -1.00474
03764 -1.00474
03842 -1.00474
04557 -1.00474
06670 -1.00474
07779 -1.00474
07923 -1.00474
07970 -1.00474
09189 -1.00474
09213 -1.00474
12986 -1.00474
15120 -1.00474
15966 -1.00474
17232 -1.00474
17282 -1.00474
19751 -1.00474
20137 -1.00474
20408 -1.00474
00066 -1.00473
02249 -1.00473
02498 -1.00473
02693 -1.00473
04099 -1.00473
04312 -1.00473
06815 -1.00473
08611 -1.00473
09628 -1.00473
09874 -1.00473
09999 -1.00473
10227 -1.00473
11808 -1.00473
12881 -1.00473
13165 -1.00473
14511 -1.00473
16067 -1.00473
16560 -1.00473
16918 -1.00473
17058 -1.00473
17634 -1.00473
17838 -1.00473
19295 -1.00473
20682 -1.00473
21269 -1.00473
01245 -1.00472
02501 -1.00472
03699 -1.00472
06096 -1.00472
07750 -1.00472
08650 -1.00472
09908 -1.00472
11696 -1.00472
11771 -1.00472
12398 -1.00472
12457 -1.00472
12469 -1.00472
12473 -1.00472
12501 -1.00472
12647 -1.00472
12896 -1.00472
15312 -1.00472
15550 -1.00472
16138 -1.00472
17785 -1.00472
17831 -1.00472
00938 -1.00471
01452 -1.00471
02945 -1.00471
03550 -1.00471
03643 -1.00471
04473 -1.00471
04551 -1.00471
05431 -1.00471
06644 -1.00471
07310 -1.00471
10370 -1.00471
10705 -1.00471
11557 -1.00471
11670 -1.00471
12166 -1.00471
15725 -1.00471
15853 -1.00471
16315 -1.00471
16993 -1.00471
17734 -1.00471
18911 -1.00471
19065 -1.00471
19087 -1.00471
20724 -1.00471
00681 -1.0047
01011 -1.0047
02652 -1.0047
03560 -1.0047
04055 -1.0047
04074 -1.0047
04933 -1.0047
05646 -1.0047
05991 -1.0047
06074 -1.0047
06293 -1.0047
06575 -1.0047
08030 -1.0047
08065 -1.0047
08863 -1.0047
09169 -1.0047
09276 -1.0047
09952 -1.0047
10195 -1.0047
10900 -1.0047
11064 -1.0047
11294 -1.0047
11311 -1.0047
13161 -1.0047
14933 -1.0047
15390 -1.0047
19712 -1.0047
00728 -1.00469
01419 -1.00469
03542 -1.00469
03817 -1.00469
04615 -1.00469
05116 -1.00469
05203 -1.00469
05371 -1.00469
07330 -1.00469
07600 -1.00469
11260 -1.00469
13100 -1.00469
14892 -1.00469
14942 -1.00469
15737 -1.00469
16360 -1.00469
16656 -1.00469
17027 -1.00469
19219 -1.00469
19252 -1.00469
19381 -1.00469
19554 -1.00469
20061 -1.00469
01402 -1.00468
05339 -1.00468
07143 -1.00468
08550 -1.00468
09753 -1.00468
10304 -1.00468
10828 -1.00468
11009 -1.00468
14866 -1.00468
16027 -1.00468
17449 -1.00468
19565 -1.00468
00099 -1.00467
00879 -1.00467
02112 -1.00467
02142 -1.00467
02739 -1.00467
02791 -1.00467
03492 -1.00467
04688 -1.00467
04734 -1.00467
07826 -1.00467
08202 -1.00467
08283 -1.00467
09149 -1.00467
12556 -1.00467
12622 -1.00467
13895 -1.00467
14016 -1.00467
16063 -1.00467
16547 -1.00467
16615 -1.00467
17884 -1.00467
18732 -1.00467
19323 -1.00467
21456 -1.00467
21496 -1.00467
01598 -1.00466
01712 -1.00466
01764 -1.00466
01921 -1.00466
01973 -1.00466
02033 -1.00466
03352 -1.00466
03584 -1.00466
04376 -1.00466
04950 -1.00466
06163 -1.00466
06335 -1.00466
06482 -1.00466
09084 -1.00466
09610 -1.00466
12074 -1.00466
13418 -1.00466
14063 -1.00466
15509 -1.00466
15909 -1.00466
20938 -1.00466
01118 -1.00465
02170 -1.00465
02200 -1.00465
02620 -1.00465
03933 -1.00465
05927 -1.00465
06266 -1.00465
08077 -1.00465
08125 -1.00465
09351 -1.00465
09491 -1.00465
09967 -1.00465
11747 -1.00465
12743 -1.00465
13725 -1.00465
14630 -1.00465
15781 -1.00465
16745 -1.00465
17050 -1.00465
17068 -1.00465
17493 -1.00465
17576 -1.00465
17986 -1.00465
18551 -1.00465
20815 -1.00465
20863 -1.00465
00096 -1.00464
00594 -1.00464
00867 -1.00464
02674 -1.00464
03174 -1.00464
05869 -1.00464
06438 -1.00464
07484 -1.00464
07878 -1.00464
09386 -1.00464
09420 -1.00464
09910 -1.00464
09942 -1.00464
11431 -1.00464
14639 -1.00464
17011 -1.00464
18534 -1.00464
18955 -1.00464
19575 -1.00464
00868 -1.00463
04279 -1.00463
05532 -1.00463
06472 -1.00463
06567 -1.00463
07033 -1.00463
07128 -1.00463
07382 -1.00463
07587 -1.00463
07614 -1.00463
08332 -1.00463
09160 -1.00463
09427 -1.00463
09819 -1.00463
09850 -1.00463
10463 -1.00463
10563 -1.00463
10971 -1.00463
11187 -1.00463
13691 -1.00463
18446 -1.00463
00078 -1.00462
01809 -1.00462
02570 -1.00462
02952 -1.00462
05725 -1.00462
06212 -1.00462
06818 -1.00462
08311 -1.00462
09291 -1.00462
10021 -1.00462
10105 -1.00462
10561 -1.00462
11599 -1.00462
11707 -1.00462
12410 -1.00462
14222 -1.00462
14282 -1.00462
14492 -1.00462
15348 -1.00462
15985 -1.00462
16502 -1.00462
17037 -1.00462
17521 -1.00462
18797 -1.00462
20632 -1.00462
20809 -1.00462
02133 -1.00461
04330 -1.00461
04930 -1.00461
05179 -1.00461
05181 -1.00461
05270 -1.00461
05745 -1.00461
05936 -1.00461
06522 -1.00461
06614 -1.00461
06968 -1.00461
07944 -1.00461
08953 -1.00461
10718 -1.00461
11443 -1.00461
11590 -1.00461
14376 -1.00461
14641 -1.00461
14667 -1.00461
15163 -1.00461
17356 -1.00461
18127 -1.00461
19849 -1.00461
00166 -1.0046
00404 -1.0046
00515 -1.0046
00595 -1.0046
01280 -1.0046
02206 -1.0046
02367 -1.0046
03411 -1.0046
04547 -1.0046
05032 -1.0046
06036 -1.0046
07841 -1.0046
08646 -1.0046
09313 -1.0046
10554 -1.0046
14565 -1.0046
16031 -1.0046
16703 -1.0046
17191 -1.0046
18984 -1.0046
19684 -1.0046
19702 -1.0046
19986 -1.0046
01747 -1.00459
02134 -1.00459
03185 -1.00459
03875 -1.00459
05057 -1.00459
05097 -1.00459
06244 -1.00459
07384 -1.00459
07512 -1.00459
08373 -1.00459
08414 -1.00459
08654 -1.00459
08981 -1.00459
10534 -1.00459
11698 -1.00459
14569 -1.00459
15458 -1.00459
17476 -1.00459
18858 -1.00459
18950 -1.00459
19380 -1.00459
19424 -1.00459
19466 -1.00459
19931 -1.00459
20202 -1.00459
21547 -1.00459
00717 -1.00458
01078 -1.00458
01451 -1.00458
02401 -1.00458
03594 -1.00458
04449 -1.00458
04724 -1.00458
05169 -1.00458
07041 -1.00458
07228 -1.00458
08081 -1.00458
08346 -1.00458
08873 -1.00458
09098 -1.00458
09323 -1.00458
11241 -1.00458
11510 -1.00458
13334 -1.00458
15075 -1.00458
16082 -1.00458
16164 -1.00458
16946 -1.00458
17806 -1.00458
18162 -1.00458
18457 -1.00458
20027 -1.00458
20101 -1.00458
20138 -1.00458
01687 -1.00457
01750 -1.00457
03419 -1.00457
05027 -1.00457
05338 -1.00457
05566 -1.00457
05883 -1.00457
06279 -1.00457
10855 -1.00457
16377 -1.00457
17477 -1.00457
21281 -1.00457
21409 -1.00457
00831 -1.00456
03031 -1.00456
03103 -1.00456
03122 -1.00456
03220 -1.00456
03666 -1.00456
04024 -1.00456
04410 -1.00456
04912 -1.00456
06015 -1.00456
06684 -1.00456
06773 -1.00456
07254 -1.00456
07733 -1.00456
09000 -1.00456
09345 -1.00456
12197 -1.00456
14106 -1.00456
17832 -1.00456
19082 -1.00456
19833 -1.00456
20028 -1.00456
20114 -1.00456
21438 -1.00456
02302 -1.00455
03155 -1.00455
07420 -1.00455
08210 -1.00455
08590 -1.00455
12078 -1.00455
12402 -1.00455
13277 -1.00455
13730 -1.00455
15704 -1.00455
16483 -1.00455
16769 -1.00455
16782 -1.00455
16987 -1.00455
17341 -1.00455
17452 -1.00455
18658 -1.00455
18991 -1.00455
20837 -1.00455
21493 -1.00455
04415 -1.00454
04758 -1.00454
05589 -1.00454
09339 -1.00454
10117 -1.00454
10270 -1.00454
10360 -1.00454
10392 -1.00454
11341 -1.00454
12536 -1.00454
13720 -1.00454
15168 -1.00454
17459 -1.00454
18177 -1.00454
18319 -1.00454
18687 -1.00454
18760 -1.00454
20675 -1.00454
20927 -1.00454
01933 -1.00453
02543 -1.00453
04775 -1.00453
05497 -1.00453
06008 -1.00453
06468 -1.00453
08467 -1.00453
09240 -1.00453
09465 -1.00453
10280 -1.00453
10282 -1.00453
10309 -1.00453
10934 -1.00453
11160 -1.00453
11459 -1.00453
11545 -1.00453
12268 -1.00453
12631 -1.00453
13404 -1.00453
14680 -1.00453
15567 -1.00453
16364 -1.00453
18523 -1.00453
18752 -1.00453
18949 -1.00453
19718 -1.00453
19764 -1.00453
20243 -1.00453
20330 -1.00453
00401 -1.00452
03162 -1.00452
03198 -1.00452
03568 -1.00452
03621 -1.00452
04173 -1.00452
04518 -1.00452
04646 -1.00452
04819 -1.00452
07579 -1.00452
08092 -1.00452
08165 -1.00452
08665 -1.00452
10403 -1.00452
10928 -1.00452
11962 -1.00452
12852 -1.00452
15611 -1.00452
15742 -1.00452
15862 -1.00452
17248 -1.00452
17306 -1.00452
20337 -1.00452
02657 -1.00451
03353 -1.00451
05485 -1.00451
05730 -1.00451
05896 -1.00451
07218 -1.00451
07708 -1.00451
07896 -1.00451
08579 -1.00451
08644 -1.00451
08999 -1.00451
09657 -1.00451
10604 -1.00451
11352 -1.00451
11458 -1.00451
13259 -1.00451
13846 -1.00451
14003 -1.00451
14112 -1.00451
15398 -1.00451
15486 -1.00451
15502 -1.00451
16068 -1.00451
16701 -1.00451
17093 -1.00451
17186 -1.00451
17371 -1.00451
18291 -1.00451
19019 -1.00451
19190 -1.00451
19883 -1.00451
21539 -1.00451
01443 -1.0045
04621 -1.0045
05274 -1.0045
05390 -1.0045
11262 -1.0045
11861 -1.0045
12111 -1.0045
12865 -1.0045
13631 -1.0045
13826 -1.0045
16331 -1.0045
19449 -1.0045
19471 -1.0045
19936 -1.0045
00038 -1.00449
00634 -1.00449
03237 -1.00449
03253 -1.00449
04289 -1.00449
06063 -1.00449
06186 -1.00449
06483 -1.00449
07174 -1.00449
09891 -1.00449
10696 -1.00449
10807 -1.00449
11595 -1.00449
12378 -1.00449
12792 -1.00449
16887 -1.00449
17192 -1.00449
17316 -1.00449
20357 -1.00449
20802 -1.00449
02085 -1.00448
02729 -1.00448
04985 -1.00448
05061 -1.00448
05189 -1.00448
05519 -1.00448
06358 -1.00448
07216 -1.00448
08734 -1.00448
09091 -1.00448
09337 -1.00448
09847 -1.00448
10790 -1.00448
11014 -1.00448
11528 -1.00448
11934 -1.00448
13426 -1.00448
14450 -1.00448
14513 -1.00448
14556 -1.00448
16256 -1.00448
18830 -1.00448
19693 -1.00448
20266 -1.00448
21300 -1.00448
00441 -1.00447
01202 -1.00447
03292 -1.00447
03440 -1.00447
04592 -1.00447
06431 -1.00447
07161 -1.00447
08479 -1.00447
08959 -1.00447
09173 -1.00447
10135 -1.00447
11442 -1.00447
13245 -1.00447
13288 -1.00447
13963 -1.00447
14746 -1.00447
17143 -1.00447
18744 -1.00447
19775 -1.00447
01717 -1.00446
03135 -1.00446
03260 -1.00446
03271 -1.00446
03991 -1.00446
04755 -1.00446
04991 -1.00446
05385 -1.00446
05476 -1.00446
05572 -1.00446
05738 -1.00446
07486 -1.00446
08054 -1.00446
09779 -1.00446
10347 -1.00446
10630 -1.00446
10667 -1.00446
10797 -1.00446
14296 -1.00446
15613 -1.00446
15745 -1.00446
17261 -1.00446
17728 -1.00446
18163 -1.00446
18361 -1.00446
19403 -1.00446
19625 -1.00446
20217 -1.00446
20586 -1.00446
20905 -1.00446
01122 -1.00445
02155 -1.00445
02248 -1.00445
04000 -1.00445
05426 -1.00445
06325 -1.00445
06666 -1.00445
07860 -1.00445
08110 -1.00445
08192 -1.00445
09658 -1.00445
10336 -1.00445
11877 -1.00445
13642 -1.00445
15895 -1.00445
17936 -1.00445
17998 -1.00445
18604 -1.00445
19673 -1.00445
00827 -1.00444
02562 -1.00444
02745 -1.00444
03575 -1.00444
04784 -1.00444
05316 -1.00444
06153 -1.00444
06642 -1.00444
07225 -1.00444
08299 -1.00444
08969 -1.00444
09479 -1.00444
11382 -1.00444
11788 -1.00444
11819 -1.00444
12240 -1.00444
15930 -1.00444
16109 -1.00444
16129 -1.00444
16244 -1.00444
16284 -1.00444
17024 -1.00444
17510 -1.00444
17963 -1.00444
17994 -1.00444
18334 -1.00444
00901 -1.00443
01052 -1.00443
01583 -1.00443
05940 -1.00443
07113 -1.00443
07554 -1.00443
07988 -1.00443
08364 -1.00443
09853 -1.00443
10677 -1.00443
10761 -1.00443
11416 -1.00443
11687 -1.00443
12049 -1.00443
12711 -1.00443
14131 -1.00443
16313 -1.00443
16475 -1.00443
16780 -1.00443
16942 -1.00443
18154 -1.00443
18326 -1.00443
01137 -1.00442
03432 -1.00442
05198 -1.00442
05748 -1.00442
06323 -1.00442
07078 -1.00442
08757 -1.00442
09249 -1.00442
13085 -1.00442
13265 -1.00442
14404 -1.00442
14799 -1.00442
15839 -1.00442
16029 -1.00442
16432 -1.00442
16484 -1.00442
19317 -1.00442
19992 -1.00442
20392 -1.00442
00663 -1.00441
00683 -1.00441
03246 -1.00441
05183 -1.00441
05280 -1.00441
05931 -1.00441
06440 -1.00441
07570 -1.00441
07832 -1.00441
07862 -1.00441
08509 -1.00441
09629 -1.00441
10225 -1.00441
10711 -1.00441
12153 -1.00441
12706 -1.00441
12976 -1.00441
13285 -1.00441
13484 -1.00441
14330 -1.00441
15185 -1.00441
15867 -1.00441
15962 -1.00441
16226 -1.00441
17381 -1.00441
18631 -1.00441
20216 -1.00441
20781 -1.00441
01200 -1.0044
03372 -1.0044
03726 -1.0044
04283 -1.0044
05317 -1.0044
06207 -1.0044
08690 -1.0044
08706 -1.0044
10274 -1.0044
10389 -1.0044
10754 -1.0044
11509 -1.0044
11586 -1.0044
13926 -1.0044
14533 -1.0044
15259 -1.0044
15457 -1.0044
15506 -1.0044
16108 -1.0044
16219 -1.0044
16645 -1.0044
17516 -1.0044
17638 -1.0044
18200 -1.0044
18843 -1.0044
19185 -1.0044
19206 -1.0044
00027 -1.00439
00463 -1.00439
00873 -1.00439
00952 -1.00439
02177 -1.00439
02345 -1.00439
02437 -1.00439
03508 -1.00439
04695 -1.00439
04774 -1.00439
05351 -1.00439
10180 -1.00439
11363 -1.00439
11765 -1.00439
12115 -1.00439
14211 -1.00439
15525 -1.00439
16669 -1.00439
17848 -1.00439
18921 -1.00439
19613 -1.00439
20666 -1.00439
21034 -1.00439
02602 -1.00438
02990 -1.00438
03626 -1.00438
05109 -1.00438
07364 -1.00438
07402 -1.00438
07408 -1.00438
07881 -1.00438
08421 -1.00438
08934 -1.00438
09044 -1.00438
09148 -1.00438
09164 -1.00438
09866 -1.00438
11580 -1.00438
12656 -1.00438
13060 -1.00438
13729 -1.00438
16152 -1.00438
17174 -1.00438
17984 -1.00438
18285 -1.00438
18448 -1.00438
18992 -1.00438
19494 -1.00438
20151 -1.00438
20761 -1.00438
21248 -1.00438
00802 -1.00437
01428 -1.00437
01865 -1.00437
02492 -1.00437
03021 -1.00437
03906 -1.00437
04828 -1.00437
05483 -1.00437
05873 -1.00437
06178 -1.00437
06837 -1.00437
07725 -1.00437
09441 -1.00437
10128 -1.00437
10586 -1.00437
11575 -1.00437
15081 -1.00437
15619 -1.00437
17586 -1.00437
18192 -1.00437
19854 -1.00437
21316 -1.00437
21530 -1.00437
00720 -1.00436
01563 -1.00436
05742 -1.00436
06051 -1.00436
06076 -1.00436
06454 -1.00436
07665 -1.00436
09191 -1.00436
09421 -1.00436
11135 -1.00436
12015 -1.00436
12098 -1.00436
12229 -1.00436
13118 -1.00436
13879 -1.00436
14682 -1.00436
14978 -1.00436
16779 -1.00436
17278 -1.00436
17929 -1.00436
20096 -1.00436
00102 -1.00435
00220 -1.00435
00596 -1.00435
01061 -1.00435
01723 -1.00435
03420 -1.00435
04589 -1.00435
07871 -1.00435
09168 -1.00435
09509 -1.00435
09701 -1.00435
10730 -1.00435
11309 -1.00435
11582 -1.00435
11710 -1.00435
11804 -1.00435
11843 -1.00435
12527 -1.00435
15378 -1.00435
15407 -1.00435
15893 -1.00435
19444 -1.00435
19929 -1.00435
20006 -1.00435
02792 -1.00434
03311 -1.00434
03869 -1.00434
05021 -1.00434
06328 -1.00434
07646 -1.00434
08253 -1.00434
09606 -1.00434
09799 -1.00434
10277 -1.00434
10492 -1.00434
13461 -1.00434
15028 -1.00434
15518 -1.00434
15810 -1.00434
15938 -1.00434
16858 -1.00434
17101 -1.00434
17575 -1.00434
17593 -1.00434
18313 -1.00434
19267 -1.00434
20852 -1.00434
00250 -1.00433
02355 -1.00433
04082 -1.00433
04639 -1.00433
06877 -1.00433
08845 -1.00433
09596 -1.00433
10114 -1.00433
11898 -1.00433
13279 -1.00433
14108 -1.00433
14816 -1.00433
15547 -1.00433
17301 -1.00433
17577 -1.00433
17742 -1.00433
19355 -1.00433
20286 -1.00433
01960 -1.00432
02483 -1.00432
04078 -1.00432
04226 -1.00432
04272 -1.00432
05036 -1.00432
05079 -1.00432
05094 -1.00432
06097 -1.00432
07442 -1.00432
08612 -1.00432
08735 -1.00432
09556 -1.00432
10051 -1.00432
10196 -1.00432
12696 -1.00432
12867 -1.00432
12994 -1.00432
13679 -1.00432
14540 -1.00432
14958 -1.00432
18263 -1.00432
18664 -1.00432
19384 -1.00432
19479 -1.00432
19832 -1.00432
19974 -1.00432
20759 -1.00432
21146 -1.00432
21446 -1.00432
00017 -1.00431
00841 -1.00431
03953 -1.00431
04106 -1.00431
05210 -1.00431
06579 -1.00431
06954 -1.00431
08649 -1.00431
08680 -1.00431
08763 -1.00431
09333 -1.00431
10423 -1.00431
11566 -1.00431
12307 -1.00431
12999 -1.00431
13212 -1.00431
13573 -1.00431
13968 -1.00431
15931 -1.00431
15955 -1.00431
17182 -1.00431
17663 -1.00431
17723 -1.00431
17899 -1.00431
19073 -1.00431
20007 -1.00431
20793 -1.00431
00601 -1.0043
00716 -1.0043
01221 -1.0043
01711 -1.0043
03522 -1.0043
04414 -1.0043
04651 -1.0043
04702 -1.0043
04718 -1.0043
05255 -1.0043
05535 -1.0043
06945 -1.0043
07934 -1.0043
08250 -1.0043
12985 -1.0043
14302 -1.0043
17950 -1.0043
18733 -1.0043
19474 -1.0043
20004 -1.0043
20170 -1.0043
20951 -1.0043
01778 -1.00429
03801 -1.00429
04374 -1.00429
04544 -1.00429
04970 -1.00429
06021 -1.00429
09102 -1.00429
09713 -1.00429
09780 -1.00429
10401 -1.00429
15329 -1.00429
16206 -1.00429
17843 -1.00429
19570 -1.00429
21044 -1.00429
00391 -1.00428
00461 -1.00428
00680 -1.00428
00920 -1.00428
01650 -1.00428
03018 -1.00428
03646 -1.00428
03657 -1.00428
04365 -1.00428
04487 -1.00428
04827 -1.00428
04979 -1.00428
05091 -1.00428
05323 -1.00428
05608 -1.00428
05924 -1.00428
06007 -1.00428
06103 -1.00428
07057 -1.00428
07115 -1.00428
07432 -1.00428
08661 -1.00428
10402 -1.00428
10637 -1.00428
11330 -1.00428
11684 -1.00428
12083 -1.00428
12658 -1.00428
14864 -1.00428
16230 -1.00428
17763 -1.00428
19280 -1.00428
20063 -1.00428
00190 -1.00427
01599 -1.00427
01787 -1.00427
02379 -1.00427
03574 -1.00427
05763 -1.00427
06149 -1.00427
06222 -1.00427
06571 -1.00427
07309 -1.00427
07371 -1.00427
08040 -1.00427
08670 -1.00427
09107 -1.00427
10084 -1.00427
10175 -1.00427
11324 -1.00427
12681 -1.00427
14744 -1.00427
14847 -1.00427
17712 -1.00427
17737 -1.00427
18784 -1.00427
19366 -1.00427
19552 -1.00427
20797 -1.00427
20979 -1.00427
02632 -1.00426
02935 -1.00426
05813 -1.00426
07139 -1.00426
09208 -1.00426
10253 -1.00426
10844 -1.00426
11320 -1.00426
11817 -1.00426
11848 -1.00426
13247 -1.00426
15307 -1.00426
15564 -1.00426
16227 -1.00426
16279 -1.00426
18568 -1.00426
19363 -1.00426
19638 -1.00426
19875 -1.00426
20559 -1.00426
20745 -1.00426
21570 -1.00426
00646 -1.00425
00759 -1.00425
00939 -1.00425
01708 -1.00425
02220 -1.00425
02768 -1.00425
02831 -1.00425
03016 -1.00425
04895 -1.00425
07008 -1.00425
07063 -1.00425
07632 -1.00425
09175 -1.00425
10101 -1.00425
11028 -1.00425
12237 -1.00425
12323 -1.00425
14989 -1.00425
15246 -1.00425
15574 -1.00425
15719 -1.00425
17378 -1.00425
17385 -1.00425
17818 -1.00425
18271 -1.00425
19245 -1.00425
19943 -1.00425
20190 -1.00425
20282 -1.00425
01071 -1.00424
03611 -1.00424
03686 -1.00424
04686 -1.00424
05017 -1.00424
05475 -1.00424
05768 -1.00424
06122 -1.00424
06367 -1.00424
06373 -1.00424
07631 -1.00424
09692 -1.00424
11259 -1.00424
12194 -1.00424
12938 -1.00424
13033 -1.00424
14689 -1.00424
16089 -1.00424
16658 -1.00424
17913 -1.00424
18340 -1.00424
19224 -1.00424
19668 -1.00424
20581 -1.00424
01552 -1.00423
02546 -1.00423
02754 -1.00423
03338 -1.00423
04059 -1.00423
04391 -1.00423
04403 -1.00423
05898 -1.00423
06251 -1.00423
06788 -1.00423
07017 -1.00423
07427 -1.00423
07511 -1.00423
07847 -1.00423
08636 -1.00423
08761 -1.00423
09500 -1.00423
09771 -1.00423
11047 -1.00423
11829 -1.00423
13405 -1.00423
14573 -1.00423
15335 -1.00423
18886 -1.00423
21514 -1.00423
00210 -1.00422
00281 -1.00422
00782 -1.00422
01032 -1.00422
02253 -1.00422
03094 -1.00422
04257 -1.00422
05595 -1.00422
06184 -1.00422
06989 -1.00422
07208 -1.00422
07823 -1.00422
08003 -1.00422
08903 -1.00422
09062 -1.00422
10087 -1.00422
13012 -1.00422
13560 -1.00422
16223 -1.00422
16941 -1.00422
17439 -1.00422
18571 -1.00422
19881 -1.00422
20610 -1.00422
20676 -1.00422
21188 -1.00422
00219 -1.00421
00781 -1.00421
01440 -1.00421
04068 -1.00421
04119 -1.00421
05232 -1.00421
05300 -1.00421
07362 -1.00421
07373 -1.00421
07520 -1.00421
07802 -1.00421
08149 -1.00421
09342 -1.00421
09645 -1.00421
10100 -1.00421
11512 -1.00421
11859 -1.00421
12034 -1.00421
12130 -1.00421
13721 -1.00421
15041 -1.00421
17178 -1.00421
20370 -1.00421
20598 -1.00421
01302 -1.0042
01526 -1.0042
02204 -1.0042
02619 -1.0042
04402 -1.0042
06088 -1.0042
08025 -1.0042
08390 -1.0042
08521 -1.0042
09332 -1.0042
09904 -1.0042
10545 -1.0042
11806 -1.0042
11893 -1.0042
13521 -1.0042
14079 -1.0042
14287 -1.0042
14595 -1.0042
15326 -1.0042
15517 -1.0042
15990 -1.0042
16940 -1.0042
18878 -1.0042
18934 -1.0042
19655 -1.0042
20184 -1.0042
20494 -1.0042
20846 -1.0042
20847 -1.0042
00169 -1.00419
01056 -1.00419
02113 -1.00419
02700 -1.00419
03434 -1.00419
03504 -1.00419
03539 -1.00419
03883 -1.00419
05501 -1.00419
09411 -1.00419
09789 -1.00419
10426 -1.00419
10547 -1.00419
10737 -1.00419
11042 -1.00419
11176 -1.00419
11245 -1.00419
11929 -1.00419
14703 -1.00419
16662 -1.00419
16783 -1.00419
17365 -1.00419
18049 -1.00419
18345 -1.00419
18364 -1.00419
19260 -1.00419
19605 -1.00419
19617 -1.00419
00030 -1.00418
00836 -1.00418
03447 -1.00418
03530 -1.00418
03728 -1.00418
03968 -1.00418
03995 -1.00418
05867 -1.00418
06958 -1.00418
08009 -1.00418
08673 -1.00418
10757 -1.00418
11256 -1.00418
11291 -1.00418
11567 -1.00418
12309 -1.00418
13218 -1.00418
13510 -1.00418
13759 -1.00418
14190 -1.00418
14848 -1.00418
16979 -1.00418
18860 -1.00418
18987 -1.00418
20150 -1.00418
20271 -1.00418
20851 -1.00418
20987 -1.00418
01381 -1.00417
01416 -1.00417
05831 -1.00417
05856 -1.00417
07474 -1.00417
08135 -1.00417
08578 -1.00417
09030 -1.00417
10132 -1.00417
13810 -1.00417
14314 -1.00417
14481 -1.00417
15602 -1.00417
17454 -1.00417
18775 -1.00417
19139 -1.00417
19701 -1.00417
20246 -1.00417
00117 -1.00416
01633 -1.00416
03222 -1.00416
03755 -1.00416
03852 -1.00416
05359 -1.00416
06572 -1.00416
10046 -1.00416
10298 -1.00416
10671 -1.00416
14454 -1.00416
14920 -1.00416
15275 -1.00416
17578 -1.00416
18094 -1.00416
18563 -1.00416
18981 -1.00416
19110 -1.00416
19656 -1.00416
19880 -1.00416
20223 -1.00416
20818 -1.00416
00954 -1.00415
01727 -1.00415
02497 -1.00415
02748 -1.00415
02925 -1.00415
03254 -1.00415
04879 -1.00415
05626 -1.00415
07641 -1.00415
07884 -1.00415
08738 -1.00415
08777 -1.00415
10674 -1.00415
13038 -1.00415
15054 -1.00415
15157 -1.00415
16875 -1.00415
17190 -1.00415
01220 -1.00414
04420 -1.00414
05033 -1.00414
05636 -1.00414
05657 -1.00414
08105 -1.00414
08997 -1.00414
09401 -1.00414
10960 -1.00414
11689 -1.00414
15214 -1.00414
15248 -1.00414
15589 -1.00414
15729 -1.00414
16286 -1.00414
17085 -1.00414
18533 -1.00414
18624 -1.00414
20729 -1.00414
21197 -1.00414
02591 -1.00413
02852 -1.00413
04905 -1.00413
05875 -1.00413
06518 -1.00413
07369 -1.00413
07863 -1.00413
08291 -1.00413
10866 -1.00413
11304 -1.00413
12379 -1.00413
14219 -1.00413
14649 -1.00413
17543 -1.00413
18583 -1.00413
00100 -1.00412
02223 -1.00412
03965 -1.00412
04741 -1.00412
05037 -1.00412
06503 -1.00412
07184 -1.00412
19081 -1.00412
19288 -1.00412
01503 -1.00411
03558 -1.00411
04244 -1.00411
11379 -1.00411
13260 -1.00411
14068 -1.00411
14070 -1.00411
02687 -1.0041
09362 -1.0041
10801 -1.0041
12767 -1.0041
11740 -1.00409
00491 -1.00408
09735 -1.00408
