14230 -1.01353
06463 -1.01298
05311 -1.01291
21347 -1.01286
05214 -1.01281
08320 -1.01274
14748 -1.01274
18726 -1.0127
05290 -1.01234
02979 -1.01204
16216 -1.01204
05176 -1.01203
08328 -1.01196
09733 -1.01196
08561 -1.01185
06635 -1.0118
05258 -1.01178
07213 -1.01177
13179 -1.01176
11016 -1.01172
16727 -1.01167
18287 -1.01164
03298 -1.01156
00372 -1.01152
11781 -1.01147
03488 -1.01143
12848 -1.01142
15549 -1.01131
13564 -1.01118
13629 -1.01116
21068 -1.01115
10455 -1.01113
12277 -1.01109
01919 -1.01106
03344 -1.01106
07366 -1.01103
02521 -1.01097
05070 -1.01096
16128 -1.01096
09283 -1.01095
09382 -1.01095
13322 -1.01094
20500 -1.01094
05318 -1.01093
08137 -1.01091
17396 -1.0109
18086 -1.01089
14357 -1.0108
15470 -1.0108
16599 -1.01075
12917 -1.01072
18714 -1.01072
10054 -1.0107
17023 -1.01069
18645 -1.01069
00714 -1.01068
17490 -1.01067
01456 -1.01063
02775 -1.0106
12026 -1.01059
11224 -1.01056
11083 -1.01052
10268 -1.01051
05230 -1.01049
05386 -1.01049
13995 -1.01049
04160 -1.01043
11746 -1.01043
06456 -1.01041
19710 -1.01041
20823 -1.01039
08098 -1.01038
13115 -1.01038
15227 -1.01038
19953 -1.01037
09909 -1.01036
17700 -1.01036
05576 -1.01035
15841 -1.01034
01549 -1.01033
12136 -1.01026
03454 -1.01025
01312 -1.01024
10473 -1.01024
03023 -1.01023
11234 -1.01022
16844 -1.01022
20143 -1.01022
12143 -1.0102
08055 -1.01019
08136 -1.01019
18548 -1.01019
16303 -1.01018
20868 -1.01017
17731 -1.01015
19825 -1.01014
21340 -1.01012
08716 -1.0101
20338 -1.0101
10350 -1.01009
10355 -1.01009
17571 -1.01008
01359 -1.01007
03798 -1.01006
14708 -1.01005
17359 -1.01004
01854 -1.01002
16562 -1.01001
13657 -1.01
05482 -1.00999
13419 -1.00999
06722 -1.00998
01906 -1.00997
12394 -1.00997
19871 -1.00997
02221 -1.00994
05985 -1.00994
04477 -1.00993
05473 -1.00993
09244 -1.00993
13208 -1.00992
17368 -1.00992
07731 -1.00991
00010 -1.0099
06426 -1.0099
09402 -1.00989
11732 -1.00989
07607 -1.00988
08960 -1.00988
13263 -1.00987
17883 -1.00987
06197 -1.00986
15762 -1.00985
04748 -1.00984
12953 -1.00984
20317 -1.00983
10078 -1.00982
16163 -1.00982
02500 -1.00981
05631 -1.00981
11504 -1.00981
08884 -1.0098
10780 -1.0098
06708 -1.00979
10367 -1.00979
03013 -1.00978
04546 -1.00978
02064 -1.00976
09946 -1.00976
05851 -1.00975
08272 -1.00975
11763 -1.00975
19099 -1.00975
00537 -1.00974
01729 -1.00973
02697 -1.00973
10931 -1.00973
12947 -1.00973
10778 -1.00972
16680 -1.00972
06980 -1.00971
20744 -1.0097
08943 -1.00969
09388 -1.00969
11192 -1.00968
16372 -1.00968
04266 -1.00967
07391 -1.00967
20698 -1.00967
21284 -1.00967
07811 -1.00966
13462 -1.00966
00843 -1.00965
15362 -1.00965
15878 -1.00965
17903 -1.00964
21060 -1.00964
08937 -1.00963
14419 -1.00963
02198 -1.00962
17435 -1.00962
06357 -1.00961
00748 -1.0096
10375 -1.0096
17409 -1.0096
12181 -1.00959
18415 -1.00959
15450 -1.00958
04602 -1.00956
09764 -1.00951
17953 -1.00951
16373 -1.0095
17506 -1.0095
18239 -1.0095
09835 -1.00948
20254 -1.00948
00004 -1.00947
18507 -1.00947
09815 -1.00946
06657 -1.00945
12310 -1.00945
01967 -1.00944
08746 -1.00944
17135 -1.00944
11717 -1.00943
14654 -1.00943
07200 -1.00942
07405 -1.00942
11637 -1.00942
12701 -1.00942
13146 -1.00942
21420 -1.00942
12634 -1.00941
12876 -1.00941
15556 -1.00941
16028 -1.00941
00803 -1.0094
06928 -1.0094
14710 -1.0094
15765 -1.0094
19258 -1.0094
21379 -1.00939
07742 -1.00938
10617 -1.00938
11063 -1.00938
00016 -1.00937
07892 -1.00936
09837 -1.00936
10809 -1.00936
08162 -1.00935
18299 -1.00935
03923 -1.00934
04165 -1.00934
06388 -1.00934
13993 -1.00934
01682 -1.00933
17220 -1.00933
17891 -1.00933
20038 -1.00933
00356 -1.00932
05171 -1.00931
20256 -1.0093
00335 -1.00929
01860 -1.00929
00079 -1.00928
00223 -1.00928
06531 -1.00928
09638 -1.00928
17324 -1.00928
20867 -1.00928
07088 -1.00927
04944 -1.00926
05951 -1.00926
18280 -1.00926
12381 -1.00925
21127 -1.00925
00635 -1.00923
04810 -1.00923
06914 -1.00923
09130 -1.00923
14390 -1.00922
02725 -1.00921
03421 -1.00921
04363 -1.00921
14757 -1.00921
15238 -1.00921
01466 -1.0092
15488 -1.0092
15912 -1.0092
16440 -1.0092
16737 -1.0092
20240 -1.0092
03030 -1.00919
12025 -1.00919
17871 -1.00919
01868 -1.00918
07893 -1.00918
12383 -1.00918
13487 -1.00918
16367 -1.00918
04267 -1.00916
11180 -1.00916
13577 -1.00916
15016 -1.00916
18047 -1.00916
21425 -1.00916
00209 -1.00915
06410 -1.00915
09717 -1.00914
12431 -1.00914
21331 -1.00914
03077 -1.00913
08714 -1.00913
11204 -1.00913
12655 -1.00913
04969 -1.00912
05234 -1.00912
10537 -1.00912
15063 -1.00912
16501 -1.00912
10292 -1.00911
09939 -1.0091
17325 -1.0091
00496 -1.00909
04800 -1.00909
06752 -1.00909
08569 -1.00909
16641 -1.00908
10278 -1.00907
11490 -1.00907
12521 -1.00907
12791 -1.00906
01543 -1.00905
09569 -1.00905
07904 -1.00904
10050 -1.00904
20803 -1.00904
10760 -1.00903
02304 -1.00902
17367 -1.00902
17620 -1.00902
20967 -1.00902
05131 -1.00901
00922 -1.009
03062 -1.009
08115 -1.009
08360 -1.009
15369 -1.009
17598 -1.009
08292 -1.00899
14853 -1.00899
20551 -1.00899
12967 -1.00898
02965 -1.00897
21470 -1.00896
06699 -1.00895
09899 -1.00895
05004 -1.00894
06259 -1.00894
15736 -1.00894
15103 -1.00893
20185 -1.00893
02383 -1.00892
02526 -1.00892
06588 -1.00892
12972 -1.00892
04313 -1.00891
14716 -1.0089
18250 -1.00889
11755 -1.00888
12195 -1.00888
13434 -1.00888
16565 -1.00888
15978 -1.00887
19767 -1.00887
20148 -1.00887
02203 -1.00886
11820 -1.00886
16278 -1.00886
16558 -1.00886
06379 -1.00885
11773 -1.00884
12397 -1.00884
01836 -1.00883
11711 -1.00883
15743 -1.00883
06465 -1.00882
03148 -1.00881
12548 -1.00881
17896 -1.00881
00056 -1.0088
08024 -1.0088
06605 -1.00878
09959 -1.00877
10976 -1.00877
16381 -1.00877
17193 -1.00877
17846 -1.00877
01190 -1.00876
03267 -1.00876
04864 -1.00876
11823 -1.00876
13379 -1.00876
20207 -1.00876
06395 -1.00875
07925 -1.00875
19752 -1.00875
10133 -1.00874
02907 -1.00873
11350 -1.00872
14780 -1.00872
17036 -1.00872
17148 -1.00872
04369 -1.00871
11060 -1.00871
04067 -1.0087
06665 -1.0087
06844 -1.0087
10291 -1.0087
10822 -1.0087
19719 -1.0087
02228 -1.00869
12002 -1.00869
13396 -1.00869
06742 -1.00868
15370 -1.00868
20183 -1.00868
09940 -1.00867
03343 -1.00866
13261 -1.00866
05206 -1.00865
19111 -1.00865
01269 -1.00864
06721 -1.00864
06607 -1.00863
19285 -1.00863
00225 -1.00862
05779 -1.00862
14891 -1.00862
15511 -1.00862
10786 -1.00861
11753 -1.00861
12163 -1.00861
14869 -1.00861
00473 -1.0086
02580 -1.0086
11206 -1.0086
17199 -1.0086
04764 -1.00859
12118 -1.00859
14782 -1.00858
06611 -1.00857
17497 -1.00857
20538 -1.00857
00276 -1.00856
05778 -1.00856
05858 -1.00856
20806 -1.00856
06473 -1.00855
15243 -1.00855
16132 -1.00855
16183 -1.00855
17605 -1.00855
18672 -1.00855
02587 -1.00854
19687 -1.00854
02312 -1.00853
05366 -1.00853
06996 -1.00853
09022 -1.00853
14184 -1.00853
08069 -1.00852
12085 -1.00852
12487 -1.00852
15700 -1.00852
16513 -1.00852
21542 -1.00852
04130 -1.00851
04548 -1.00851
18515 -1.00851
18904 -1.00851
19532 -1.00851
09275 -1.0085
13531 -1.0085
18578 -1.0085
18317 -1.00849
06013 -1.00848
08753 -1.00848
11926 -1.00848
17760 -1.00848
02428 -1.00847
05515 -1.00847
06459 -1.00847
11215 -1.00847
19490 -1.00847
02618 -1.00846
05891 -1.00846
07933 -1.00846
13390 -1.00846
17458 -1.00846
01380 -1.00845
01534 -1.00845
10623 -1.00845
12355 -1.00845
17419 -1.00845
19589 -1.00845
21376 -1.00845
01275 -1.00844
03247 -1.00844
07589 -1.00844
08971 -1.00844
10733 -1.00844
10799 -1.00844
12292 -1.00844
13496 -1.00844
14043 -1.00844
15816 -1.00844
17246 -1.00844
00001 -1.00843
12188 -1.00843
12680 -1.00843
15581 -1.00843
20783 -1.00843
10784 -1.00842
16118 -1.00842
03615 -1.00841
04212 -1.00841
06143 -1.00841
08595 -1.00841
09080 -1.00841
19499 -1.00841
20346 -1.00841
08245 -1.0084
14840 -1.0084
16898 -1.0084
20706 -1.0084
00382 -1.00839
06547 -1.00839
09230 -1.00839
10201 -1.00839
10344 -1.00839
10505 -1.00839
19457 -1.00839
02157 -1.00838
08677 -1.00838
18054 -1.00838
18409 -1.00838
19334 -1.00838
02357 -1.00837
07560 -1.00837
17833 -1.00837
18204 -1.00837
18601 -1.00837
00854 -1.00836
00965 -1.00836
02824 -1.00836
04443 -1.00836
08627 -1.00836
09445 -1.00836
12208 -1.00836
11737 -1.00835
06618 -1.00834
12793 -1.00834
15551 -1.00834
01968 -1.00833
00315 -1.00832
01718 -1.00832
02001 -1.00832
02342 -1.00832
03287 -1.00832
03396 -1.00832
04759 -1.00832
09937 -1.00832
09978 -1.00832
12971 -1.00832
19660 -1.00832
20877 -1.00832
04081 -1.00831
10140 -1.00831
17456 -1.00831
18540 -1.00831
20110 -1.00831
08980 -1.0083
09328 -1.0083
16421 -1.0083
21508 -1.0083
01735 -1.00829
04534 -1.00829
10743 -1.00829
13606 -1.00829
15852 -1.00829
17574 -1.00829
08743 -1.00828
09440 -1.00828
10422 -1.00828
14372 -1.00828
09975 -1.00827
16840 -1.00827
17363 -1.00827
17707 -1.00827
19242 -1.00827
21287 -1.00827
00319 -1.00826
06346 -1.00826
08820 -1.00826
09782 -1.00826
04049 -1.00825
06360 -1.00825
10017 -1.00825
15190 -1.00825
19683 -1.00825
04683 -1.00824
06400 -1.00824
19603 -1.00824
00033 -1.00823
00203 -1.00823
01408 -1.00823
01685 -1.00823
05452 -1.00823
11123 -1.00823
02833 -1.00822
03759 -1.00822
15382 -1.00822
00344 -1.00821
07710 -1.00821
09722 -1.00821
10697 -1.00821
11827 -1.00821
19679 -1.00821
00264 -1.0082
08985 -1.0082
12434 -1.0082
04567 -1.00819
05393 -1.00819
16298 -1.00819
17202 -1.00819
11470 -1.00818
13752 -1.00818
18849 -1.00818
21486 -1.00818
01026 -1.00817
02698 -1.00817
14734 -1.00817
19259 -1.00817
20772 -1.00817
02061 -1.00816
08439 -1.00816
16292 -1.00816
05378 -1.00815
17079 -1.00815
17628 -1.00815
19604 -1.00815
21101 -1.00815
15444 -1.00814
16785 -1.00814
07342 -1.00813
18917 -1.00813
04630 -1.00812
05795 -1.00812
06094 -1.00812
07778 -1.00812
08711 -1.00812
13225 -1.00812
13280 -1.00812
16087 -1.00812
19036 -1.00812
00840 -1.00811
17930 -1.00811
01126 -1.0081
03170 -1.0081
03593 -1.0081
03813 -1.0081
04674 -1.0081
07796 -1.0081
15671 -1.0081
15830 -1.0081
17307 -1.0081
18938 -1.0081
07499 -1.00809
11457 -1.00809
12778 -1.00809
16389 -1.00809
02998 -1.00808
09047 -1.00808
07105 -1.00807
15569 -1.00807
16756 -1.00807
18764 -1.00807
10748 -1.00806
16075 -1.00806
12574 -1.00805
19038 -1.00805
09759 -1.00804
11882 -1.00804
15325 -1.00804
17438 -1.00804
04643 -1.00803
10390 -1.00802
08780 -1.00801
15437 -1.00801
15625 -1.00801
00288 -1.008
00696 -1.008
06689 -1.008
08896 -1.008
09180 -1.008
11203 -1.008
02257 -1.00799
03072 -1.00799
06157 -1.00799
08121 -1.00799
08196 -1.00799
12598 -1.00799
12887 -1.00799
17873 -1.00799
03861 -1.00798
06353 -1.00798
11225 -1.00798
13234 -1.00798
15530 -1.00798
17450 -1.00798
21056 -1.00798
00888 -1.00797
00957 -1.00797
01306 -1.00797
05935 -1.00797
09742 -1.00797
12031 -1.00797
15149 -1.00797
16636 -1.00797
20201 -1.00797
20557 -1.00797
00110 -1.00796
04573 -1.00796
06090 -1.00796
08173 -1.00796
09112 -1.00796
09170 -1.00796
09263 -1.00796
17386 -1.00796
17849 -1.00796
18360 -1.00796
00914 -1.00795
05941 -1.00795
08628 -1.00795
08666 -1.00795
09732 -1.00795
16002 -1.00795
00644 -1.00794
05759 -1.00794
16948 -1.00794
18579 -1.00794
20220 -1.00794
02718 -1.00793
13790 -1.00793
14770 -1.00793
14931 -1.00793
21334 -1.00793
05271 -1.00792
06406 -1.00792
17433 -1.00792
18591 -1.00792
04223 -1.00791
09015 -1.00791
09886 -1.00791
10877 -1.00791
10954 -1.00791
11680 -1.00791
12827 -1.00791
15263 -1.00791
15442 -1.00791
10525 -1.0079
12113 -1.0079
15507 -1.0079
20685 -1.0079
21154 -1.0079
03069 -1.00789
06592 -1.00789
07866 -1.00789
13733 -1.00789
17141 -1.00789
01368 -1.00788
04175 -1.00788
05726 -1.00788
10080 -1.00788
10856 -1.00788
16112 -1.00788
18005 -1.00788
18696 -1.00788
19848 -1.00788
20214 -1.00788
01084 -1.00787
05412 -1.00787
13653 -1.00787
15352 -1.00787
18267 -1.00787
19688 -1.00787
20064 -1.00787
03078 -1.00786
07705 -1.00786
12485 -1.00786
14277 -1.00786
18052 -1.00786
20172 -1.00786
04906 -1.00785
05039 -1.00785
09307 -1.00785
11487 -1.00785
12011 -1.00785
16681 -1.00785
01947 -1.00784
02759 -1.00784
09618 -1.00784
11828 -1.00784
12282 -1.00784
14342 -1.00784
14921 -1.00784
18600 -1.00784
00295 -1.00783
00546 -1.00783
01539 -1.00783
03429 -1.00783
03890 -1.00783
04924 -1.00783
08846 -1.00783
13034 -1.00783
18588 -1.00783
19432 -1.00783
21473 -1.00783
00214 -1.00782
05345 -1.00782
09537 -1.00782
10924 -1.00782
12879 -1.00782
13216 -1.00782
16539 -1.00782
18679 -1.00782
18985 -1.00782
20147 -1.00782
20300 -1.00782
00730 -1.00781
18996 -1.00781
11752 -1.0078
19619 -1.0078
21057 -1.0078
00875 -1.00779
03500 -1.00779
14388 -1.00779
17952 -1.00779
01889 -1.00778
04878 -1.00778
06876 -1.00778
09636 -1.00778
14698 -1.00778
00028 -1.00777
02658 -1.00777
03020 -1.00777
04196 -1.00777
21277 -1.00777
06285 -1.00776
09296 -1.00776
11080 -1.00776
11186 -1.00776
14987 -1.00776
16139 -1.00776
17113 -1.00776
21381 -1.00776
01193 -1.00775
06612 -1.00775
07830 -1.00775
08271 -1.00775
10036 -1.00775
17966 -1.00775
19966 -1.00775
07094 -1.00774
08510 -1.00774
10103 -1.00774
11349 -1.00774
13331 -1.00774
13735 -1.00774
14767 -1.00774
16009 -1.00774
17573 -1.00774
07580 -1.00773
13046 -1.00773
13561 -1.00773
17294 -1.00773
17508 -1.00773
04303 -1.00772
07765 -1.00772
09072 -1.00772
09436 -1.00772
15534 -1.00772
16619 -1.00772
21336 -1.00772
01252 -1.00771
05241 -1.00771
16361 -1.00771
20468 -1.00771
01576 -1.0077
05303 -1.0077
10106 -1.0077
16249 -1.0077
03470 -1.00769
06896 -1.00769
10264 -1.00769
10413 -1.00769
10676 -1.00769
21387 -1.00769
00340 -1.00768
00752 -1.00768
02663 -1.00768
03534 -1.00768
08633 -1.00768
09667 -1.00768
10704 -1.00768
15697 -1.00768
16176 -1.00768
17096 -1.00768
19831 -1.00768
02475 -1.00767
10136 -1.00767
11414 -1.00767
14126 -1.00767
18062 -1.00767
19068 -1.00767
19392 -1.00767
01019 -1.00766
02089 -1.00766
12322 -1.00766
14343 -1.00766
16937 -1.00766
17198 -1.00766
19423 -1.00766
20095 -1.00766
20107 -1.00766
20432 -1.00766
00386 -1.00765
00889 -1.00765
04310 -1.00765
09206 -1.00765
10826 -1.00765
05100 -1.00764
07927 -1.00764
08992 -1.00764
09518 -1.00764
12396 -1.00764
20764 -1.00764
18148 -1.00763
19760 -1.00763
01720 -1.00762
07965 -1.00762
08153 -1.00762
09378 -1.00762
12878 -1.00762
13771 -1.00762
14279 -1.00762
21193 -1.00762
01696 -1.00761
01918 -1.00761
04851 -1.00761
05139 -1.00761
05172 -1.00761
05456 -1.00761
09174 -1.00761
15441 -1.00761
16095 -1.00761
00925 -1.0076
03489 -1.0076
03555 -1.0076
05672 -1.0076
10246 -1.0076
14797 -1.0076
00135 -1.00759
03505 -1.00759
07135 -1.00759
16200 -1.00759
19353 -1.00759
12732 -1.00758
02052 -1.00757
03371 -1.00757
09749 -1.00757
10317 -1.00757
11548 -1.00757
15154 -1.00757
17922 -1.00757
01963 -1.00756
03610 -1.00756
03762 -1.00756
11177 -1.00756
12279 -1.00756
12815 -1.00756
13809 -1.00756
14301 -1.00756
17335 -1.00756
17778 -1.00756
20145 -1.00756
04307 -1.00755
05225 -1.00755
10605 -1.00755
17173 -1.00755
17474 -1.00755
06863 -1.00754
17312 -1.00754
01501 -1.00753
03413 -1.00753
04893 -1.00753
08708 -1.00753
10445 -1.00753
10478 -1.00753
16794 -1.00753
06180 -1.00752
07155 -1.00752
12802 -1.00752
12818 -1.00752
00362 -1.00751
00898 -1.00751
03088 -1.00751
03864 -1.00751
07628 -1.00751
11691 -1.00751
12156 -1.00751
13266 -1.00751
20787 -1.00751
21260 -1.00751
00024 -1.0075
01140 -1.0075
04583 -1.0075
04809 -1.0075
08435 -1.0075
09142 -1.0075
17549 -1.0075
20029 -1.0075
20705 -1.0075
03068 -1.00749
03075 -1.00749
06656 -1.00749
12650 -1.00749
15043 -1.00749
15686 -1.00749
15957 -1.00749
19415 -1.00749
00331 -1.00748
00437 -1.00748
02627 -1.00748
02878 -1.00748
03134 -1.00748
08382 -1.00748
09487 -1.00748
10303 -1.00748
10814 -1.00748
17348 -1.00748
17537 -1.00748
19713 -1.00748
03732 -1.00747
04333 -1.00747
04533 -1.00747
10178 -1.00747
10902 -1.00747
15645 -1.00747
16044 -1.00747
18684 -1.00747
20244 -1.00747
01360 -1.00746
06725 -1.00746
11184 -1.00746
11240 -1.00746
15160 -1.00746
20457 -1.00746
03535 -1.00745
04019 -1.00745
07937 -1.00745
09269 -1.00745
10829 -1.00745
13347 -1.00745
19538 -1.00745
03868 -1.00744
06112 -1.00744
08819 -1.00744
09058 -1.00744
13258 -1.00744
16773 -1.00744
17980 -1.00744
19544 -1.00744
20041 -1.00744
01618 -1.00743
04232 -1.00743
04317 -1.00743
15783 -1.00743
18378 -1.00743
20418 -1.00743
03060 -1.00742
03743 -1.00742
03978 -1.00742
12432 -1.00742
15403 -1.00742
16053 -1.00742
20530 -1.00742
02799 -1.00741
04027 -1.00741
07864 -1.00741
11600 -1.00741
13256 -1.00741
16832 -1.00741
05011 -1.0074
06352 -1.0074
08164 -1.0074
08484 -1.0074
19086 -1.0074
19149 -1.0074
02078 -1.00739
07701 -1.00739
10582 -1.00739
20046 -1.00739
20822 -1.00739
00202 -1.00738
01297 -1.00738
11181 -1.00738
17970 -1.00738
19964 -1.00738
01789 -1.00737
01911 -1.00737
06603 -1.00737
08839 -1.00737
17048 -1.00737
18138 -1.00737
02743 -1.00736
03698 -1.00736
04929 -1.00736
07379 -1.00736
10236 -1.00736
14949 -1.00736
19089 -1.00736
01256 -1.00735
08581 -1.00735
18455 -1.00735
19172 -1.00735
20168 -1.00735
21408 -1.00735
03065 -1.00734
06581 -1.00734
08901 -1.00734
09841 -1.00734
10434 -1.00734
14843 -1.00734
18652 -1.00734
19425 -1.00734
00433 -1.00733
03540 -1.00733
08262 -1.00733
08483 -1.00733
08944 -1.00733
09734 -1.00733
12221 -1.00733
16443 -1.00733
16644 -1.00733
19553 -1.00733
04007 -1.00732
05186 -1.00732
05294 -1.00732
05352 -1.00732
13576 -1.00732
17075 -1.00732
19596 -1.00732
20169 -1.00732
20895 -1.00732
21165 -1.00732
02308 -1.00731
05005 -1.00731
08732 -1.00731
15453 -1.00731
16621 -1.00731
17872 -1.00731
19915 -1.00731
21064 -1.00731
00955 -1.0073
03727 -1.0073
05127 -1.0073
12150 -1.0073
13148 -1.0073
16151 -1.0073
18248 -1.0073
18767 -1.0073
19930 -1.0073
00960 -1.00729
08525 -1.00729
10927 -1.00729
14257 -1.00729
15639 -1.00729
17083 -1.00729
17103 -1.00729
21357 -1.00729
00263 -1.00728
01353 -1.00728
01357 -1.00728
03027 -1.00728
04354 -1.00728
08166 -1.00728
08314 -1.00728
09689 -1.00728
12554 -1.00728
15211 -1.00728
18422 -1.00728
19326 -1.00728
20748 -1.00728
04448 -1.00727
13332 -1.00727
13949 -1.00727
15773 -1.00727
02887 -1.00726
12066 -1.00726
12072 -1.00726
12662 -1.00726
18301 -1.00726
02653 -1.00725
07229 -1.00725
07290 -1.00725
07332 -1.00725
10546 -1.00725
01611 -1.00724
02227 -1.00724
10255 -1.00724
15835 -1.00724
02995 -1.00723
05375 -1.00723
13278 -1.00723
13533 -1.00723
14541 -1.00723
14813 -1.00723
19581 -1.00723
21251 -1.00723
00023 -1.00722
10703 -1.00722
14852 -1.00722
15091 -1.00722
16677 -1.00722
19289 -1.00722
20546 -1.00722
21349 -1.00722
02261 -1.00721
03825 -1.00721
08618 -1.00721
11448 -1.00721
12488 -1.00721
13002 -1.00721
19874 -1.00721
00570 -1.0072
01726 -1.0072
03284 -1.0072
06867 -1.0072
07617 -1.0072
11368 -1.0072
15270 -1.0072
15375 -1.0072
15452 -1.0072
17013 -1.0072
18003 -1.0072
19191 -1.0072
20159 -1.0072
05200 -1.00719
05468 -1.00719
07036 -1.00719
10996 -1.00719
12189 -1.00719
12995 -1.00719
14749 -1.00719
20996 -1.00719
00300 -1.00718
01091 -1.00718
02533 -1.00718
02686 -1.00718
07683 -1.00718
10552 -1.00718
10570 -1.00718
13640 -1.00718
14697 -1.00718
16454 -1.00718
16986 -1.00718
17317 -1.00718
17507 -1.00718
18524 -1.00718
02060 -1.00717
05235 -1.00717
08222 -1.00717
08526 -1.00717
09281 -1.00717
09806 -1.00717
19508 -1.00717
03111 -1.00716
04620 -1.00716
15095 -1.00716
15844 -1.00716
20304 -1.00716
00200 -1.00715
17099 -1.00715
18625 -1.00715
21422 -1.00715
01316 -1.00714
02307 -1.00714
04132 -1.00714
04174 -1.00714
04508 -1.00714
16792 -1.00714
18146 -1.00714
00779 -1.00713
05711 -1.00713
07605 -1.00713
04922 -1.00712
06123 -1.00712
06849 -1.00712
07188 -1.00712
08621 -1.00712
08664 -1.00712
21312 -1.00712
04743 -1.00711
05405 -1.00711
10323 -1.00711
10593 -1.00711
16833 -1.00711
04136 -1.0071
05460 -1.0071
09784 -1.0071
12317 -1.0071
12616 -1.0071
12898 -1.0071
16171 -1.0071
16358 -1.0071
18532 -1.0071
02010 -1.00709
10741 -1.00709
14370 -1.00709
16926 -1.00709
17252 -1.00709
20483 -1.00709
00146 -1.00708
02316 -1.00708
02409 -1.00708
04026 -1.00708
05710 -1.00708
09211 -1.00708
11451 -1.00708
11985 -1.00708
13420 -1.00708
13656 -1.00708
00144 -1.00707
01777 -1.00707
05965 -1.00707
10057 -1.00707
12340 -1.00707
12682 -1.00707
13323 -1.00707
15435 -1.00707
02166 -1.00706
02906 -1.00706
05761 -1.00706
06130 -1.00706
06998 -1.00706
08205 -1.00706
08392 -1.00706
00396 -1.00705
00419 -1.00705
02251 -1.00705
04771 -1.00705
14225 -1.00705
16608 -1.00705
17280 -1.00705
17407 -1.00705
05643 -1.00704
07687 -1.00704
08095 -1.00704
09544 -1.00704
10071 -1.00704
10207 -1.00704
12013 -1.00704
17612 -1.00704
20279 -1.00704
20520 -1.00704
21242 -1.00704
04058 -1.00703
07043 -1.00703
09848 -1.00703
10209 -1.00703
15239 -1.00703
15492 -1.00703
16277 -1.00703
00364 -1.00702
01367 -1.00702
04498 -1.00702
08060 -1.00702
09355 -1.00702
10313 -1.00702
15604 -1.00702
20122 -1.00702
20564 -1.00702
00180 -1.00701
01404 -1.00701
02641 -1.00701
11058 -1.00701
11682 -1.00701
11891 -1.00701
12750 -1.00701
14669 -1.00701
15789 -1.00701
18397 -1.00701
00095 -1.007
00347 -1.007
02341 -1.007
03002 -1.007
04346 -1.007
04409 -1.007
04830 -1.007
07321 -1.007
10072 -1.007
11768 -1.007
14408 -1.007
15805 -1.007
16600 -1.007
19886 -1.007
20751 -1.007
02774 -1.00699
05059 -1.00699
05888 -1.00699
16168 -1.00699
17382 -1.00699
18621 -1.00699
06770 -1.00698
08310 -1.00698
13738 -1.00698
18530 -1.00698
20684 -1.00698
00236 -1.00697
01213 -1.00697
01637 -1.00697
02197 -1.00697
04821 -1.00697
05498 -1.00697
06386 -1.00697
08769 -1.00697
09458 -1.00697
09679 -1.00697
10384 -1.00697
11715 -1.00697
19050 -1.00697
20634 -1.00697
01152 -1.00696
05010 -1.00696
06283 -1.00696
07425 -1.00696
09336 -1.00696
12146 -1.00696
13486 -1.00696
17761 -1.00696
01674 -1.00695
04017 -1.00695
11776 -1.00695
15967 -1.00695
17906 -1.00695
19211 -1.00695
03214 -1.00694
06225 -1.00694
08691 -1.00694
13350 -1.00694
13908 -1.00694
15454 -1.00694
18650 -1.00694
19322 -1.00694
20510 -1.00694
02554 -1.00693
02918 -1.00693
04290 -1.00693
04692 -1.00693
09590 -1.00693
09673 -1.00693
11261 -1.00693
15364 -1.00693
15413 -1.00693
17750 -1.00693
19548 -1.00693
21309 -1.00693
21491 -1.00693
00359 -1.00692
02470 -1.00692
06203 -1.00692
06653 -1.00692
07551 -1.00692
09052 -1.00692
11639 -1.00692
12389 -1.00692
13650 -1.00692
15587 -1.00692
19000 -1.00692
01562 -1.00691
05201 -1.00691
08444 -1.00691
11498 -1.00691
12044 -1.00691
13610 -1.00691
15840 -1.00691
16072 -1.00691
00230 -1.0069
00240 -1.0069
05233 -1.0069
09154 -1.0069
09310 -1.0069
10311 -1.0069
12511 -1.0069
14982 -1.0069
16097 -1.0069
17961 -1.0069
02132 -1.00689
04037 -1.00689
04126 -1.00689
04891 -1.00689
05808 -1.00689
08652 -1.00689
09549 -1.00689
17460 -1.00689
19682 -1.00689
08632 -1.00688
13554 -1.00688
16336 -1.00688
17933 -1.00688
19120 -1.00688
20332 -1.00688
03188 -1.00687
03312 -1.00687
06052 -1.00687
07410 -1.00687
08512 -1.00687
10818 -1.00687
11428 -1.00687
12409 -1.00687
17956 -1.00687
02735 -1.00686
04246 -1.00686
05511 -1.00686
06471 -1.00686
06962 -1.00686
07659 -1.00686
08180 -1.00686
08449 -1.00686
19028 -1.00686
20486 -1.00686
03514 -1.00685
04093 -1.00685
11493 -1.00685
13252 -1.00685
13348 -1.00685
15324 -1.00685
17195 -1.00685
17771 -1.00685
01578 -1.00684
07255 -1.00684
07304 -1.00684
11950 -1.00684
15498 -1.00684
16177 -1.00684
00715 -1.00683
02931 -1.00683
03056 -1.00683
03884 -1.00683
04710 -1.00683
06831 -1.00683
10548 -1.00683
12337 -1.00683
15451 -1.00683
16280 -1.00683
17915 -1.00683
18182 -1.00683
19333 -1.00683
20513 -1.00683
20517 -1.00683
04528 -1.00682
06418 -1.00682
08315 -1.00682
09706 -1.00682
10765 -1.00682
14811 -1.00682
14928 -1.00682
15926 -1.00682
16158 -1.00682
17203 -1.00682
18781 -1.00682
21234 -1.00682
04556 -1.00681
04642 -1.00681
04772 -1.00681
05104 -1.00681
05170 -1.00681
09731 -1.00681
10589 -1.00681
11299 -1.00681
15690 -1.00681
17414 -1.00681
18542 -1.00681
20048 -1.00681
20307 -1.00681
01136 -1.0068
05364 -1.0068
06926 -1.0068
08634 -1.0068
08870 -1.0068
09521 -1.0068
12144 -1.0068
16649 -1.0068
16864 -1.0068
17839 -1.0068
18403 -1.0068
18961 -1.0068
03242 -1.00679
11497 -1.00679
13039 -1.00679
00837 -1.00678
04100 -1.00678
04863 -1.00678
05273 -1.00678
05384 -1.00678
05982 -1.00678
07056 -1.00678
07669 -1.00678
08541 -1.00678
09493 -1.00678
10382 -1.00678
10406 -1.00678
10836 -1.00678
16607 -1.00678
19948 -1.00678
00389 -1.00677
04205 -1.00677
05018 -1.00677
07339 -1.00677
07463 -1.00677
08974 -1.00677
11202 -1.00677
13135 -1.00677
17976 -1.00677
19357 -1.00677
00179 -1.00676
04014 -1.00676
04297 -1.00676
06576 -1.00676
09736 -1.00676
13203 -1.00676
15683 -1.00676
16264 -1.00676
16774 -1.00676
19409 -1.00676
19511 -1.00676
19588 -1.00676
19858 -1.00676
20782 -1.00676
21572 -1.00676
02246 -1.00675
02579 -1.00675
03971 -1.00675
04951 -1.00675
05167 -1.00675
05712 -1.00675
05800 -1.00675
06447 -1.00675
08438 -1.00675
11198 -1.00675
14890 -1.00675
15417 -1.00675
00334 -1.00674
00896 -1.00674
02287 -1.00674
02797 -1.00674
12639 -1.00674
13073 -1.00674
13079 -1.00674
14773 -1.00674
14836 -1.00674
19440 -1.00674
20339 -1.00674
20861 -1.00674
00950 -1.00673
02024 -1.00673
03815 -1.00673
08932 -1.00673
08982 -1.00673
08990 -1.00673
10168 -1.00673
10208 -1.00673
13592 -1.00673
14868 -1.00673
14901 -1.00673
15108 -1.00673
18828 -1.00673
20127 -1.00673
21244 -1.00673
00916 -1.00672
01109 -1.00672
03483 -1.00672
04185 -1.00672
04691 -1.00672
09640 -1.00672
15677 -1.00672
18076 -1.00672
00740 -1.00671
04625 -1.00671
04727 -1.00671
05178 -1.00671
07175 -1.00671
07263 -1.00671
07493 -1.00671
07547 -1.00671
08929 -1.00671
09403 -1.00671
10429 -1.00671
10486 -1.00671
10959 -1.00671
11904 -1.00671
12780 -1.00671
14849 -1.00671
16787 -1.00671
07870 -1.0067
09535 -1.0067
11220 -1.0067
15110 -1.0067
17119 -1.0067
18531 -1.0067
19722 -1.0067
21015 -1.0067
02601 -1.00669
02738 -1.00669
03446 -1.00669
03664 -1.00669
05623 -1.00669
07259 -1.00669
09462 -1.00669
12305 -1.00669
14691 -1.00669
15617 -1.00669
19091 -1.00669
10306 -1.00668
12160 -1.00668
12676 -1.00668
13637 -1.00668
14609 -1.00668
16445 -1.00668
17874 -1.00668
19527 -1.00668
19897 -1.00668
08221 -1.00667
08799 -1.00667
10176 -1.00667
10689 -1.00667
10771 -1.00667
17917 -1.00667
17945 -1.00667
19475 -1.00667
01579 -1.00666
01634 -1.00666
02121 -1.00666
04202 -1.00666
05336 -1.00666
05570 -1.00666
05585 -1.00666
07167 -1.00666
08961 -1.00666
13281 -1.00666
16625 -1.00666
18541 -1.00666
00577 -1.00665
00774 -1.00665
01036 -1.00665
02375 -1.00665
03463 -1.00665
03751 -1.00665
03903 -1.00665
10592 -1.00665
13010 -1.00665
14310 -1.00665
16434 -1.00665
18026 -1.00665
18131 -1.00665
03137 -1.00664
06451 -1.00664
10925 -1.00664
10973 -1.00664
16589 -1.00664
00967 -1.00663
06586 -1.00663
11400 -1.00663
11505 -1.00663
14616 -1.00663
18045 -1.00663
18491 -1.00663
19241 -1.00663
01181 -1.00662
04744 -1.00662
10254 -1.00662
10293 -1.00662
13244 -1.00662
15094 -1.00662
15349 -1.00662
16998 -1.00662
17034 -1.00662
18825 -1.00662
20120 -1.00662
21327 -1.00662
01524 -1.00661
05772 -1.00661
07038 -1.00661
07673 -1.00661
08585 -1.00661
10281 -1.00661
10642 -1.00661
15014 -1.00661
15194 -1.00661
19455 -1.00661
20535 -1.00661
00910 -1.0066
01369 -1.0066
01532 -1.0066
04107 -1.0066
04777 -1.0066
04865 -1.0066
05356 -1.0066
05471 -1.0066
05848 -1.0066
07424 -1.0066
09582 -1.0066
11084 -1.0066
12799 -1.0066
14217 -1.0066
14635 -1.0066
01112 -1.00659
04304 -1.00659
06141 -1.00659
07308 -1.00659
07834 -1.00659
11388 -1.00659
12059 -1.00659
17212 -1.00659
17426 -1.00659
17623 -1.00659
20255 -1.00659
20614 -1.00659
00768 -1.00658
01902 -1.00658
03524 -1.00658
06217 -1.00658
07227 -1.00658
14088 -1.00658
17812 -1.00658
18526 -1.00658
20277 -1.00658
20349 -1.00658
00232 -1.00657
01724 -1.00657
03904 -1.00657
06396 -1.00657
11830 -1.00657
12261 -1.00657
13966 -1.00657
16291 -1.00657
17217 -1.00657
17271 -1.00657
20533 -1.00657
00237 -1.00656
00640 -1.00656
01314 -1.00656
02805 -1.00656
02840 -1.00656
09931 -1.00656
12642 -1.00656
12811 -1.00656
18796 -1.00656
20062 -1.00656
06201 -1.00655
11743 -1.00655
12600 -1.00655
13854 -1.00655
16951 -1.00655
17815 -1.00655
19478 -1.00655
20005 -1.00655
02301 -1.00654
03860 -1.00654
04071 -1.00654
04603 -1.00654
04733 -1.00654
09350 -1.00654
10725 -1.00654
10779 -1.00654
12714 -1.00654
16363 -1.00654
17861 -1.00654
18018 -1.00654
03024 -1.00653
04989 -1.00653
09139 -1.00653
09599 -1.00653
11874 -1.00653
13241 -1.00653
13493 -1.00653
13551 -1.00653
17551 -1.00653
19504 -1.00653
20576 -1.00653
02776 -1.00652
02822 -1.00652
07422 -1.00652
08653 -1.00652
09393 -1.00652
10123 -1.00652
11592 -1.00652
14574 -1.00652
16119 -1.00652
16203 -1.00652
17374 -1.00652
18278 -1.00652
02988 -1.00651
03336 -1.00651
08689 -1.00651
10556 -1.00651
11492 -1.00651
17207 -1.00651
18186 -1.00651
18353 -1.00651
18536 -1.00651
18801 -1.00651
19787 -1.00651
02115 -1.0065
03516 -1.0065
08506 -1.0065
09547 -1.0065
12284 -1.0065
15571 -1.0065
20663 -1.0065
20864 -1.0065
02081 -1.00649
02973 -1.00649
03175 -1.00649
06257 -1.00649
09150 -1.00649
11660 -1.00649
12042 -1.00649
14984 -1.00649
17000 -1.00649
17140 -1.00649
17714 -1.00649
17923 -1.00649
18942 -1.00649
01739 -1.00648
01926 -1.00648
02354 -1.00648
02991 -1.00648
03537 -1.00648
07829 -1.00648
09769 -1.00648
11734 -1.00648
11739 -1.00648
13692 -1.00648
15615 -1.00648
16233 -1.00648
16793 -1.00648
16939 -1.00648
17339 -1.00648
17840 -1.00648
17877 -1.00648
00625 -1.00647
06091 -1.00647
09583 -1.00647
12875 -1.00647
13643 -1.00647
15421 -1.00647
18084 -1.00647
19958 -1.00647
00891 -1.00646
01059 -1.00646
01706 -1.00646
02442 -1.00646
03261 -1.00646
06469 -1.00646
07650 -1.00646
08784 -1.00646
11273 -1.00646
16114 -1.00646
18891 -1.00646
21125 -1.00646
00311 -1.00645
02839 -1.00645
03230 -1.00645
04672 -1.00645
05376 -1.00645
07635 -1.00645
09049 -1.00645
09714 -1.00645
09796 -1.00645
10512 -1.00645
13454 -1.00645
15940 -1.00645
16170 -1.00645
18009 -1.00645
19351 -1.00645
19509 -1.00645
20354 -1.00645
00678 -1.00644
01366 -1.00644
01808 -1.00644
03048 -1.00644
05163 -1.00644
05939 -1.00644
08791 -1.00644
08986 -1.00644
14575 -1.00644
16262 -1.00644
20419 -1.00644
21344 -1.00644
01388 -1.00643
02780 -1.00643
05220 -1.00643
06874 -1.00643
07717 -1.00643
12244 -1.00643
12942 -1.00643
13081 -1.00643
18144 -1.00643
18877 -1.00643
19064 -1.00643
19954 -1.00643
00009 -1.00642
01996 -1.00642
04277 -1.00642
05777 -1.00642
09454 -1.00642
10501 -1.00642
11008 -1.00642
16527 -1.00642
00045 -1.00641
00921 -1.00641
05615 -1.00641
05765 -1.00641
06073 -1.00641
07568 -1.00641
08027 -1.00641
08534 -1.00641
10462 -1.00641
12370 -1.00641
12544 -1.00641
16643 -1.00641
16914 -1.00641
17905 -1.00641
19417 -1.00641
20569 -1.00641
00350 -1.0064
00591 -1.0064
01080 -1.0064
06377 -1.0064
06393 -1.0064
10266 -1.0064
10353 -1.0064
13659 -1.0064
16626 -1.0064
16904 -1.0064
19306 -1.0064
20865 -1.0064
03380 -1.00639
05051 -1.00639
05295 -1.00639
13871 -1.00639
14352 -1.00639
14927 -1.00639
15143 -1.00639
15166 -1.00639
15482 -1.00639
16094 -1.00639
16357 -1.00639
17405 -1.00639
19157 -1.00639
20280 -1.00639
20924 -1.00639
21175 -1.00639
03587 -1.00638
06014 -1.00638
07319 -1.00638
07807 -1.00638
08004 -1.00638
08587 -1.00638
08707 -1.00638
10830 -1.00638
13636 -1.00638
20937 -1.00638
00181 -1.00637
05190 -1.00637
06366 -1.00637
11285 -1.00637
16343 -1.00637
19551 -1.00637
03394 -1.00636
04229 -1.00636
04792 -1.00636
06890 -1.00636
08107 -1.00636
08187 -1.00636
10923 -1.00636
14999 -1.00636
15674 -1.00636
18252 -1.00636
18272 -1.00636
19039 -1.00636
19876 -1.00636
20811 -1.00636
00011 -1.00635
05632 -1.00635
08881 -1.00635
10815 -1.00635
11663 -1.00635
18262 -1.00635
19127 -1.00635
00435 -1.00634
01935 -1.00634
07356 -1.00634
07915 -1.00634
09485 -1.00634
10118 -1.00634
12447 -1.00634
13143 -1.00634
13453 -1.00634
14056 -1.00634
14100 -1.00634
15150 -1.00634
17043 -1.00634
17572 -1.00634
19761 -1.00634
02194 -1.00633
02242 -1.00633
03112 -1.00633
04884 -1.00633
04988 -1.00633
06238 -1.00633
07071 -1.00633
08090 -1.00633
08988 -1.00633
13246 -1.00633
14403 -1.00633
00704 -1.00632
02362 -1.00632
03258 -1.00632
03745 -1.00632
04468 -1.00632
04491 -1.00632
07050 -1.00632
08837 -1.00632
08852 -1.00632
10228 -1.00632
15813 -1.00632
19301 -1.00632
02402 -1.00631
04946 -1.00631
05458 -1.00631
05817 -1.00631
06949 -1.00631
08023 -1.00631
13662 -1.00631
14897 -1.00631
17018 -1.00631
20387 -1.00631
00926 -1.0063
00942 -1.0063
04186 -1.0063
05484 -1.0063
08041 -1.0063
08120 -1.0063
10107 -1.0063
11332 -1.0063
15468 -1.0063
19015 -1.0063
19107 -1.0063
19841 -1.0063
20222 -1.0063
21017 -1.0063
21025 -1.0063
21124 -1.0063
00247 -1.00629
01132 -1.00629
02423 -1.00629
04484 -1.00629
05489 -1.00629
07538 -1.00629
08225 -1.00629
09110 -1.00629
09255 -1.00629
09656 -1.00629
09767 -1.00629
10097 -1.00629
13102 -1.00629
15976 -1.00629
20275 -1.00629
20900 -1.00629
01846 -1.00628
02069 -1.00628
02702 -1.00628
03543 -1.00628
03682 -1.00628
05377 -1.00628
07950 -1.00628
09061 -1.00628
11029 -1.00628
13298 -1.00628
02337 -1.00627
03099 -1.00627
06376 -1.00627
06929 -1.00627
07412 -1.00627
08962 -1.00627
09246 -1.00627
14238 -1.00627
14262 -1.00627
16307 -1.00627
17928 -1.00627
04273 -1.00626
05098 -1.00626
05948 -1.00626
06453 -1.00626
11977 -1.00626
18688 -1.00626
21319 -1.00626
00342 -1.00625
02534 -1.00625
02664 -1.00625
04611 -1.00625
06481 -1.00625
09298 -1.00625
09593 -1.00625
09928 -1.00625
10693 -1.00625
10974 -1.00625
11784 -1.00625
16684 -1.00625
16700 -1.00625
17625 -1.00625
19979 -1.00625
21103 -1.00625
03493 -1.00624
12990 -1.00624
15576 -1.00624
15994 -1.00624
16768 -1.00624
20059 -1.00624
21109 -1.00624
00494 -1.00623
04515 -1.00623
05403 -1.00623
07419 -1.00623
07971 -1.00623
09530 -1.00623
10153 -1.00623
10827 -1.00623
12250 -1.00623
12726 -1.00623
14073 -1.00623
16346 -1.00623
19066 -1.00623
20786 -1.00623
00860 -1.00622
01283 -1.00622
02279 -1.00622
02318 -1.00622
03263 -1.00622
04005 -1.00622
04332 -1.00622
10349 -1.00622
12135 -1.00622
12209 -1.00622
12654 -1.00622
14397 -1.00622
17965 -1.00622
18471 -1.00622
18635 -1.00622
19597 -1.00622
20907 -1.00622
00092 -1.00621
01424 -1.00621
02234 -1.00621
02269 -1.00621
02465 -1.00621
03161 -1.00621
03192 -1.00621
11686 -1.00621
14560 -1.00621
16452 -1.00621
02818 -1.0062
03578 -1.0062
03942 -1.0062
05320 -1.0062
05787 -1.0062
09392 -1.0062
09526 -1.0062
10271 -1.0062
13890 -1.0062
14602 -1.0062
14937 -1.0062
16198 -1.0062
16414 -1.0062
17630 -1.0062
17876 -1.0062
17934 -1.0062
20199 -1.0062
21403 -1.0062
00273 -1.00619
01540 -1.00619
02884 -1.00619
06139 -1.00619
14889 -1.00619
17416 -1.00619
17824 -1.00619
19497 -1.00619
00109 -1.00618
03019 -1.00618
06165 -1.00618
07032 -1.00618
08600 -1.00618
12418 -1.00618
13964 -1.00618
17886 -1.00618
20136 -1.00618
02460 -1.00617
05349 -1.00617
06086 -1.00617
11213 -1.00617
15074 -1.00617
16894 -1.00617
17170 -1.00617
19221 -1.00617
00013 -1.00616
04676 -1.00616
06363 -1.00616
06428 -1.00616
07222 -1.00616
08853 -1.00616
13621 -1.00616
13932 -1.00616
15539 -1.00616
19586 -1.00616
19648 -1.00616
19738 -1.00616
19828 -1.00616
00672 -1.00615
03486 -1.00615
03536 -1.00615
04553 -1.00615
07767 -1.00615
08248 -1.00615
08548 -1.00615
08861 -1.00615
09861 -1.00615
12440 -1.00615
12612 -1.00615
12673 -1.00615
12824 -1.00615
15172 -1.00615
15438 -1.00615
17009 -1.00615
20487 -1.00615
03093 -1.00614
03269 -1.00614
03797 -1.00614
03908 -1.00614
05394 -1.00614
07712 -1.00614
09029 -1.00614
09063 -1.00614
11074 -1.00614
12423 -1.00614
12537 -1.00614
14109 -1.00614
16240 -1.00614
00325 -1.00613
01616 -1.00613
07444 -1.00613
07739 -1.00613
07941 -1.00613
10361 -1.00613
12829 -1.00613
14430 -1.00613
14826 -1.00613
17453 -1.00613
06215 -1.00612
07552 -1.00612
07644 -1.00612
10358 -1.00612
11015 -1.00612
11237 -1.00612
12318 -1.00612
12416 -1.00612
14208 -1.00612
16228 -1.00612
17557 -1.00612
17895 -1.00612
17914 -1.00612
17947 -1.00612
18512 -1.00612
07649 -1.00611
10870 -1.00611
16723 -1.00611
18224 -1.00611
20345 -1.00611
05690 -1.0061
06748 -1.0061
09650 -1.0061
11158 -1.0061
16481 -1.0061
17016 -1.0061
17206 -1.0061
19041 -1.0061
20227 -1.0061
21418 -1.0061
00480 -1.00609
04539 -1.00609
04910 -1.00609
05890 -1.00609
06523 -1.00609
06541 -1.00609
07221 -1.00609
09793 -1.00609
12842 -1.00609
16332 -1.00609
17993 -1.00609
18091 -1.00609
18265 -1.00609
21212 -1.00609
00242 -1.00608
00979 -1.00608
02212 -1.00608
03249 -1.00608
03563 -1.00608
03935 -1.00608
05370 -1.00608
06726 -1.00608
07102 -1.00608
09086 -1.00608
11535 -1.00608
15585 -1.00608
16613 -1.00608
16685 -1.00608
17964 -1.00608
18420 -1.00608
19377 -1.00608
19869 -1.00608
20928 -1.00608
21557 -1.00608
00278 -1.00607
01373 -1.00607
02117 -1.00607
02803 -1.00607
03913 -1.00607
04375 -1.00607
05327 -1.00607
05544 -1.00607
12730 -1.00607
12837 -1.00607
13051 -1.00607
15055 -1.00607
15733 -1.00607
17616 -1.00607
19083 -1.00607
19181 -1.00607
20362 -1.00607
20885 -1.00607
20897 -1.00607
21468 -1.00607
04405 -1.00606
05013 -1.00606
06182 -1.00606
06213 -1.00606
06297 -1.00606
07525 -1.00606
07914 -1.00606
08252 -1.00606
09871 -1.00606
11148 -1.00606
13053 -1.00606
16354 -1.00606
18712 -1.00606
19266 -1.00606
21201 -1.00606
00458 -1.00605
00549 -1.00605
00706 -1.00605
01525 -1.00605
02751 -1.00605
04271 -1.00605
04315 -1.00605
09055 -1.00605
10222 -1.00605
11949 -1.00605
12772 -1.00605
12773 -1.00605
14776 -1.00605
15264 -1.00605
20020 -1.00605
20789 -1.00605
01427 -1.00604
02757 -1.00604
07857 -1.00604
08218 -1.00604
09506 -1.00604
09581 -1.00604
11650 -1.00604
12653 -1.00604
14687 -1.00604
16516 -1.00604
19562 -1.00604
19593 -1.00604
21204 -1.00604
21442 -1.00604
21457 -1.00604
01362 -1.00603
02461 -1.00603
03320 -1.00603
04364 -1.00603
07762 -1.00603
09203 -1.00603
09797 -1.00603
10643 -1.00603
12122 -1.00603
12981 -1.00603
13137 -1.00603
14374 -1.00603
15565 -1.00603
15824 -1.00603
20379 -1.00603
01227 -1.00602
02514 -1.00602
03551 -1.00602
07791 -1.00602
08200 -1.00602
12846 -1.00602
14802 -1.00602
16574 -1.00602
20259 -1.00602
20504 -1.00602
21304 -1.00602
00337 -1.00601
00420 -1.00601
03402 -1.00601
03984 -1.00601
04747 -1.00601
05296 -1.00601
05824 -1.00601
05855 -1.00601
07597 -1.00601
13777 -1.00601
14475 -1.00601
15213 -1.00601
17410 -1.00601
19728 -1.00601
20417 -1.00601
00718 -1.006
01257 -1.006
04372 -1.006
06779 -1.006
08563 -1.006
09639 -1.006
13797 -1.006
14874 -1.006
16013 -1.006
17862 -1.006
18355 -1.006
09319 -1.00599
12756 -1.00599
17819 -1.00599
19510 -1.00599
20198 -1.00599
20633 -1.00599
05706 -1.00598
05750 -1.00598
07287 -1.00598
09969 -1.00598
11106 -1.00598
11722 -1.00598
11914 -1.00598
13719 -1.00598
16309 -1.00598
17242 -1.00598
19624 -1.00598
00856 -1.00597
01895 -1.00597
04701 -1.00597
09833 -1.00597
15333 -1.00597
17863 -1.00597
18614 -1.00597
19348 -1.00597
19987 -1.00597
03693 -1.00596
04960 -1.00596
06198 -1.00596
08384 -1.00596
08441 -1.00596
08838 -1.00596
08994 -1.00596
10130 -1.00596
10695 -1.00596
11102 -1.00596
15100 -1.00596
15256 -1.00596
17932 -1.00596
21302 -1.00596
21566 -1.00596
00065 -1.00595
01472 -1.00595
01959 -1.00595
02937 -1.00595
04953 -1.00595
05250 -1.00595
06445 -1.00595
06803 -1.00595
07103 -1.00595
09687 -1.00595
09691 -1.00595
11386 -1.00595
12925 -1.00595
13569 -1.00595
15089 -1.00595
15253 -1.00595
16514 -1.00595
19184 -1.00595
20129 -1.00595
21221 -1.00595
21428 -1.00595
01498 -1.00594
03205 -1.00594
03850 -1.00594
04535 -1.00594
06156 -1.00594
08010 -1.00594
09534 -1.00594
09746 -1.00594
15372 -1.00594
18193 -1.00594
18786 -1.00594
20883 -1.00594
01307 -1.00593
02709 -1.00593
04626 -1.00593
05442 -1.00593
06181 -1.00593
06258 -1.00593
09004 -1.00593
09005 -1.00593
09511 -1.00593
09574 -1.00593
10144 -1.00593
10980 -1.00593
12033 -1.00593
12508 -1.00593
13683 -1.00593
14280 -1.00593
15423 -1.00593
15888 -1.00593
16418 -1.00593
17070 -1.00593
18408 -1.00593
19608 -1.00593
19610 -1.00593
20033 -1.00593
20218 -1.00593
00037 -1.00592
03390 -1.00592
04370 -1.00592
06875 -1.00592
07792 -1.00592
11094 -1.00592
11697 -1.00592
12597 -1.00592
14155 -1.00592
14629 -1.00592
16964 -1.00592
19040 -1.00592
19413 -1.00592
01074 -1.00591
01771 -1.00591
03585 -1.00591
03645 -1.00591
04337 -1.00591
05542 -1.00591
07012 -1.00591
11375 -1.00591
11423 -1.00591
14594 -1.00591
14857 -1.00591
14943 -1.00591
15821 -1.00591
16301 -1.00591
17353 -1.00591
19239 -1.00591
01513 -1.0059
09127 -1.0059
09788 -1.0059
09996 -1.0059
12159 -1.0059
14452 -1.0059
14883 -1.0059
16238 -1.0059
17296 -1.0059
20211 -1.0059
20359 -1.0059
20766 -1.0059
21268 -1.0059
21537 -1.0059
01261 -1.00589
01825 -1.00589
01944 -1.00589
05256 -1.00589
06324 -1.00589
06850 -1.00589
15336 -1.00589
17100 -1.00589
18036 -1.00589
18665 -1.00589
02992 -1.00588
04113 -1.00588
05427 -1.00588
05552 -1.00588
11777 -1.00588
15916 -1.00588
15937 -1.00588
16169 -1.00588
16631 -1.00588
16713 -1.00588
19144 -1.00588
20814 -1.00588
21332 -1.00588
01414 -1.00587
02055 -1.00587
02057 -1.00587
03564 -1.00587
03768 -1.00587
04029 -1.00587
05447 -1.00587
06108 -1.00587
06628 -1.00587
06720 -1.00587
07313 -1.00587
07437 -1.00587
08075 -1.00587
08505 -1.00587
08882 -1.00587
10597 -1.00587
12071 -1.00587
12771 -1.00587
14971 -1.00587
15552 -1.00587
16430 -1.00587
17519 -1.00587
17584 -1.00587
18776 -1.00587
19681 -1.00587
20475 -1.00587
20650 -1.00587
20770 -1.00587
01453 -1.00586
01786 -1.00586
02045 -1.00586
02468 -1.00586
02574 -1.00586
04072 -1.00586
04221 -1.00586
04233 -1.00586
04373 -1.00586
04901 -1.00586
09048 -1.00586
11649 -1.00586
12858 -1.00586
13982 -1.00586
14566 -1.00586
16610 -1.00586
18141 -1.00586
19020 -1.00586
20999 -1.00586
00393 -1.00585
01188 -1.00585
01535 -1.00585
02466 -1.00585
04532 -1.00585
05602 -1.00585
05841 -1.00585
06234 -1.00585
06466 -1.00585
06806 -1.00585
07426 -1.00585
07876 -1.00585
07977 -1.00585
08179 -1.00585
08201 -1.00585
08239 -1.00585
08854 -1.00585
09795 -1.00585
09854 -1.00585
10177 -1.00585
10398 -1.00585
10906 -1.00585
11007 -1.00585
11118 -1.00585
16391 -1.00585
16851 -1.00585
19949 -1.00585
20528 -1.00585
06907 -1.00584
09002 -1.00584
09907 -1.00584
11581 -1.00584
11631 -1.00584
12060 -1.00584
12178 -1.00584
15359 -1.00584
16996 -1.00584
20154 -1.00584
20750 -1.00584
20998 -1.00584
21525 -1.00584
01582 -1.00583
01877 -1.00583
02859 -1.00583
05085 -1.00583
08076 -1.00583
09552 -1.00583
11144 -1.00583
12452 -1.00583
13112 -1.00583
13571 -1.00583
15887 -1.00583
16399 -1.00583
17398 -1.00583
17621 -1.00583
18050 -1.00583
18213 -1.00583
20265 -1.00583
21533 -1.00583
00853 -1.00582
00986 -1.00582
01244 -1.00582
01999 -1.00582
02035 -1.00582
03283 -1.00582
05486 -1.00582
05789 -1.00582
06584 -1.00582
07838 -1.00582
10904 -1.00582
12480 -1.00582
13517 -1.00582
16960 -1.00582
17014 -1.00582
17181 -1.00582
19815 -1.00582
21135 -1.00582
00137 -1.00581
00358 -1.00581
00859 -1.00581
00988 -1.00581
02176 -1.00581
03012 -1.00581
04210 -1.00581
07566 -1.00581
08723 -1.00581
09114 -1.00581
09818 -1.00581
10810 -1.00581
12466 -1.00581
12664 -1.00581
14612 -1.00581
18206 -1.00581
18253 -1.00581
19952 -1.00581
21362 -1.00581
03981 -1.0058
04111 -1.0058
06288 -1.0058
08719 -1.0058
10049 -1.0058
10395 -1.0058
13746 -1.0058
16916 -1.0058
17389 -1.0058
00724 -1.00579
02568 -1.00579
02623 -1.00579
02856 -1.00579
07022 -1.00579
08671 -1.00579
10276 -1.00579
10568 -1.00579
11044 -1.00579
11195 -1.00579
11244 -1.00579
11988 -1.00579
14589 -1.00579
15515 -1.00579
16970 -1.00579
19618 -1.00579
20413 -1.00579
20862 -1.00579
00357 -1.00578
02916 -1.00578
04293 -1.00578
05071 -1.00578
05739 -1.00578
06869 -1.00578
07753 -1.00578
08967 -1.00578
14244 -1.00578
18510 -1.00578
18973 -1.00578
19155 -1.00578
19547 -1.00578
20001 -1.00578
20144 -1.00578
20965 -1.00578
21116 -1.00578
00145 -1.00577
02502 -1.00577
03502 -1.00577
03670 -1.00577
04909 -1.00577
10091 -1.00577
10732 -1.00577
10764 -1.00577
11946 -1.00577
12477 -1.00577
12624 -1.00577
14880 -1.00577
15250 -1.00577
15622 -1.00577
16154 -1.00577
17675 -1.00577
18199 -1.00577
18924 -1.00577
00077 -1.00576
00390 -1.00576
01560 -1.00576
02014 -1.00576
02870 -1.00576
04220 -1.00576
04669 -1.00576
04704 -1.00576
05472 -1.00576
05567 -1.00576
06309 -1.00576
06433 -1.00576
08899 -1.00576
09727 -1.00576
09817 -1.00576
11033 -1.00576
13222 -1.00576
13283 -1.00576
13565 -1.00576
13750 -1.00576
14183 -1.00576
14191 -1.00576
15012 -1.00576
15090 -1.00576
15557 -1.00576
16747 -1.00576
16817 -1.00576
17329 -1.00576
18214 -1.00576
20735 -1.00576
21550 -1.00576
04608 -1.00575
09554 -1.00575
09914 -1.00575
15011 -1.00575
15233 -1.00575
19540 -1.00575
20273 -1.00575
20309 -1.00575
01435 -1.00574
01689 -1.00574
04856 -1.00574
05541 -1.00574
07107 -1.00574
08855 -1.00574
10690 -1.00574
11323 -1.00574
13068 -1.00574
16612 -1.00574
16759 -1.00574
16856 -1.00574
17716 -1.00574
18461 -1.00574
20687 -1.00574
20767 -1.00574
00874 -1.00573
01491 -1.00573
01625 -1.00573
01884 -1.00573
03006 -1.00573
07973 -1.00573
12709 -1.00573
12765 -1.00573
12806 -1.00573
17327 -1.00573
17503 -1.00573
17779 -1.00573
20396 -1.00573
20630 -1.00573
20969 -1.00573
21424 -1.00573
21471 -1.00573
00329 -1.00572
00974 -1.00572
02801 -1.00572
03847 -1.00572
04656 -1.00572
04871 -1.00572
06365 -1.00572
10893 -1.00572
11365 -1.00572
11810 -1.00572
12176 -1.00572
12644 -1.00572
16517 -1.00572
19626 -1.00572
00613 -1.00571
01299 -1.00571
01940 -1.00571
04932 -1.00571
05253 -1.00571
07536 -1.00571
07630 -1.00571
08044 -1.00571
08163 -1.00571
08168 -1.00571
10368 -1.00571
11569 -1.00571
11797 -1.00571
12180 -1.00571
12817 -1.00571
17258 -1.00571
17418 -1.00571
18535 -1.00571
19950 -1.00571
20664 -1.00571
00485 -1.0057
01005 -1.0057
05315 -1.0057
05467 -1.0057
05675 -1.0057
05920 -1.0057
09470 -1.0057
14666 -1.0057
16408 -1.0057
16995 -1.0057
19105 -1.0057
21055 -1.0057
07007 -1.00569
07106 -1.00569
07377 -1.00569
11346 -1.00569
12407 -1.00569
15586 -1.00569
18023 -1.00569
21078 -1.00569
21421 -1.00569
01047 -1.00568
02412 -1.00568
03468 -1.00568
03705 -1.00568
04016 -1.00568
04098 -1.00568
04494 -1.00568
04824 -1.00568
06254 -1.00568
08976 -1.00568
09121 -1.00568
11336 -1.00568
14611 -1.00568
15286 -1.00568
15389 -1.00568
17254 -1.00568
17289 -1.00568
17372 -1.00568
20445 -1.00568
20780 -1.00568
00282 -1.00567
00742 -1.00567
02048 -1.00567
03494 -1.00567
04581 -1.00567
05134 -1.00567
08036 -1.00567
08907 -1.00567
09607 -1.00567
10190 -1.00567
13113 -1.00567
13712 -1.00567
14220 -1.00567
02513 -1.00566
04018 -1.00566
04367 -1.00566
04770 -1.00566
04782 -1.00566
05379 -1.00566
05741 -1.00566
07545 -1.00566
07777 -1.00566
08198 -1.00566
09758 -1.00566
09869 -1.00566
11023 -1.00566
11701 -1.00566
11831 -1.00566
16395 -1.00566
17305 -1.00566
19006 -1.00566
20319 -1.00566
01701 -1.00565
04012 -1.00565
05222 -1.00565
09141 -1.00565
09212 -1.00565
15460 -1.00565
18008 -1.00565
18438 -1.00565
19077 -1.00565
20262 -1.00565
21115 -1.00565
01892 -1.00564
02435 -1.00564
02471 -1.00564
03038 -1.00564
08880 -1.00564
09480 -1.00564
10411 -1.00564
11027 -1.00564
12149 -1.00564
13501 -1.00564
16281 -1.00564
18006 -1.00564
18834 -1.00564
19075 -1.00564
19265 -1.00564
20285 -1.00564
20298 -1.00564
21463 -1.00564
00297 -1.00563
00564 -1.00563
00671 -1.00563
01315 -1.00563
01575 -1.00563
02746 -1.00563
03623 -1.00563
06248 -1.00563
09032 -1.00563
11703 -1.00563
14275 -1.00563
16260 -1.00563
18197 -1.00563
18813 -1.00563
00732 -1.00562
03022 -1.00562
07428 -1.00562
07608 -1.00562
10381 -1.00562
11076 -1.00562
11983 -1.00562
16466 -1.00562
16606 -1.00562
16778 -1.00562
17592 -1.00562
17774 -1.00562
18075 -1.00562
20393 -1.00562
00902 -1.00561
02352 -1.00561
02584 -1.00561
03087 -1.00561
03830 -1.00561
04455 -1.00561
04720 -1.00561
06560 -1.00561
07066 -1.00561
07940 -1.00561
08847 -1.00561
09463 -1.00561
10341 -1.00561
11031 -1.00561
11888 -1.00561
15414 -1.00561
17256 -1.00561
17423 -1.00561
20152 -1.00561
20171 -1.00561
21531 -1.00561
01105 -1.0056
03639 -1.0056
05561 -1.0056
05599 -1.0056
06337 -1.0056
07288 -1.0056
08063 -1.0056
08080 -1.0056
10239 -1.0056
10247 -1.0056
11000 -1.0056
11099 -1.0056
11214 -1.0056
14194 -1.0056
14201 -1.0056
14331 -1.0056
15019 -1.0056
15583 -1.0056
19556 -1.0056
21388 -1.0056
01198 -1.00559
04324 -1.00559
05530 -1.00559
07126 -1.00559
07629 -1.00559
08533 -1.00559
09464 -1.00559
10025 -1.00559
10397 -1.00559
10854 -1.00559
11616 -1.00559
11782 -1.00559
11805 -1.00559
12077 -1.00559
16890 -1.00559
17347 -1.00559
18210 -1.00559
18275 -1.00559
20437 -1.00559
00828 -1.00558
01541 -1.00558
01731 -1.00558
01867 -1.00558
01978 -1.00558
04699 -1.00558
06739 -1.00558
08005 -1.00558
09225 -1.00558
12562 -1.00558
13427 -1.00558
13455 -1.00558
14045 -1.00558
14447 -1.00558
16935 -1.00558
16957 -1.00558
18511 -1.00558
19483 -1.00558
19543 -1.00558
20032 -1.00558
20860 -1.00558
00205 -1.00557
02110 -1.00557
02406 -1.00557
02924 -1.00557
04934 -1.00557
05298 -1.00557
05587 -1.00557
06359 -1.00557
08609 -1.00557
09672 -1.00557
09862 -1.00557
10430 -1.00557
11045 -1.00557
11418 -1.00557
11760 -1.00557
16019 -1.00557
00103 -1.00556
01698 -1.00556
02291 -1.00556
03758 -1.00556
05899 -1.00556
08029 -1.00556
08860 -1.00556
10531 -1.00556
10863 -1.00556
11769 -1.00556
13008 -1.00556
16205 -1.00556
17166 -1.00556
17366 -1.00556
18421 -1.00556
19051 -1.00556
21450 -1.00556
01421 -1.00555
02403 -1.00555
03832 -1.00555
05306 -1.00555
06593 -1.00555
12545 -1.00555
15222 -1.00555
15408 -1.00555
15456 -1.00555
18779 -1.00555
00602 -1.00554
00937 -1.00554
02722 -1.00554
04057 -1.00554
07060 -1.00554
07693 -1.00554
11167 -1.00554
12805 -1.00554
14038 -1.00554
16257 -1.00554
19651 -1.00554
20925 -1.00554
01802 -1.00553
03366 -1.00553
05302 -1.00553
06944 -1.00553
07024 -1.00553
07099 -1.00553
09138 -1.00553
09216 -1.00553
09624 -1.00553
15026 -1.00553
16447 -1.00553
16831 -1.00553
17402 -1.00553
17766 -1.00553
17800 -1.00553
20155 -1.00553
20670 -1.00553
00012 -1.00552
00627 -1.00552
01564 -1.00552
02645 -1.00552
04483 -1.00552
04732 -1.00552
04766 -1.00552
07203 -1.00552
07423 -1.00552
07719 -1.00552
08766 -1.00552
09655 -1.00552
10916 -1.00552
11872 -1.00552
15624 -1.00552
16017 -1.00552
17020 -1.00552
17094 -1.00552
17156 -1.00552
17245 -1.00552
17274 -1.00552
18633 -1.00552
19454 -1.00552
06419 -1.00551
06434 -1.00551
07120 -1.00551
07326 -1.00551
08128 -1.00551
09277 -1.00551
10791 -1.00551
11635 -1.00551
12145 -1.00551
12862 -1.00551
13784 -1.00551
15010 -1.00551
17682 -1.00551
18968 -1.00551
19798 -1.00551
20870 -1.00551
20913 -1.00551
21226 -1.00551
04260 -1.0055
06345 -1.0055
08810 -1.0055
08946 -1.0055
10233 -1.0055
11939 -1.0055
12529 -1.0055
12742 -1.0055
12760 -1.0055
13368 -1.0055
16458 -1.0055
16731 -1.0055
16909 -1.0055
17375 -1.0055
18494 -1.0055
18520 -1.0055
03512 -1.00549
04716 -1.00549
05776 -1.00549
06190 -1.00549
07061 -1.00549
07098 -1.00549
09720 -1.00549
11863 -1.00549
13255 -1.00549
14207 -1.00549
15050 -1.00549
17721 -1.00549
17773 -1.00549
17931 -1.00549
18449 -1.00549
19030 -1.00549
19249 -1.00549
20264 -1.00549
20628 -1.00549
20731 -1.00549
00674 -1.00548
02400 -1.00548
02706 -1.00548
04928 -1.00548
06524 -1.00548
06797 -1.00548
07260 -1.00548
07578 -1.00548
07948 -1.00548
08750 -1.00548
09158 -1.00548
10329 -1.00548
10804 -1.00548
11150 -1.00548
12039 -1.00548
12403 -1.00548
12579 -1.00548
12762 -1.00548
12822 -1.00548
17357 -1.00548
19667 -1.00548
00235 -1.00547
03806 -1.00547
06196 -1.00547
06273 -1.00547
06543 -1.00547
07873 -1.00547
08074 -1.00547
08169 -1.00547
08357 -1.00547
14950 -1.00547
17935 -1.00547
19442 -1.00547
20241 -1.00547
21275 -1.00547
21398 -1.00547
00074 -1.00546
03229 -1.00546
03931 -1.00546
05166 -1.00546
07643 -1.00546
08756 -1.00546
09182 -1.00546
11046 -1.00546
12333 -1.00546
12770 -1.00546
13446 -1.00546
17007 -1.00546
17395 -1.00546
17397 -1.00546
17754 -1.00546
18889 -1.00546
02415 -1.00545
03938 -1.00545
04182 -1.00545
04504 -1.00545
04943 -1.00545
07237 -1.00545
09954 -1.00545
11685 -1.00545
11892 -1.00545
14199 -1.00545
15987 -1.00545
16492 -1.00545
17122 -1.00545
20050 -1.00545
20260 -1.00545
20326 -1.00545
20694 -1.00545
00380 -1.00544
00403 -1.00544
00637 -1.00544
01916 -1.00544
02074 -1.00544
06712 -1.00544
07204 -1.00544
07764 -1.00544
08219 -1.00544
08343 -1.00544
08875 -1.00544
10788 -1.00544
11672 -1.00544
12532 -1.00544
13717 -1.00544
16130 -1.00544
16215 -1.00544
18905 -1.00544
21500 -1.00544
21573 -1.00544
02104 -1.00543
04060 -1.00543
05001 -1.00543
05030 -1.00543
05208 -1.00543
05242 -1.00543
06891 -1.00543
08900 -1.00543
09123 -1.00543
09215 -1.00543
09630 -1.00543
09798 -1.00543
10230 -1.00543
11883 -1.00543
13264 -1.00543
13649 -1.00543
14029 -1.00543
16187 -1.00543
21383 -1.00543
00586 -1.00542
01153 -1.00542
02407 -1.00542
04041 -1.00542
04125 -1.00542
06966 -1.00542
08038 -1.00542
08697 -1.00542
10067 -1.00542
11292 -1.00542
11723 -1.00542
12353 -1.00542
13489 -1.00542
13535 -1.00542
15448 -1.00542
17809 -1.00542
18079 -1.00542
19130 -1.00542
19933 -1.00542
20529 -1.00542
21448 -1.00542
00094 -1.00541
00270 -1.00541
02742 -1.00541
04679 -1.00541
04862 -1.00541
05092 -1.00541
05177 -1.00541
05344 -1.00541
08229 -1.00541
09857 -1.00541
10272 -1.00541
10490 -1.00541
12021 -1.00541
13944 -1.00541
14980 -1.00541
15489 -1.00541
17185 -1.00541
18875 -1.00541
18948 -1.00541
19178 -1.00541
19421 -1.00541
21374 -1.00541
00370 -1.0054
03836 -1.0054
08318 -1.0054
08622 -1.0054
08659 -1.0054
10284 -1.0054
18385 -1.0054
19545 -1.0054
21114 -1.0054
00456 -1.00539
01415 -1.00539
02765 -1.00539
04745 -1.00539
05746 -1.00539
07645 -1.00539
08597 -1.00539
09295 -1.00539
09633 -1.00539
10267 -1.00539
10650 -1.00539
17654 -1.00539
19918 -1.00539
00178 -1.00538
04938 -1.00538
05286 -1.00538
06265 -1.00538
08601 -1.00538
09064 -1.00538
10302 -1.00538
10963 -1.00538
11948 -1.00538
15093 -1.00538
18095 -1.00538
18150 -1.00538
18205 -1.00538
18235 -1.00538
20135 -1.00538
20295 -1.00538
20350 -1.00538
03667 -1.00537
03671 -1.00537
04187 -1.00537
04294 -1.00537
04665 -1.00537
05434 -1.00537
05549 -1.00537
05769 -1.00537
08070 -1.00537
10110 -1.00537
10448 -1.00537
10477 -1.00537
12720 -1.00537
13023 -1.00537
15255 -1.00537
16162 -1.00537
16438 -1.00537
17172 -1.00537
17909 -1.00537
20308 -1.00537
00844 -1.00536
01249 -1.00536
02456 -1.00536
05513 -1.00536
08620 -1.00536
08890 -1.00536
08963 -1.00536
09824 -1.00536
12962 -1.00536
13695 -1.00536
15385 -1.00536
16211 -1.00536
18237 -1.00536
18798 -1.00536
19513 -1.00536
19877 -1.00536
20014 -1.00536
00111 -1.00535
00308 -1.00535
00933 -1.00535
03397 -1.00535
03490 -1.00535
05590 -1.00535
06037 -1.00535
08375 -1.00535
09591 -1.00535
11145 -1.00535
11884 -1.00535
15112 -1.00535
15158 -1.00535
15280 -1.00535
15763 -1.00535
15875 -1.00535
18452 -1.00535
18607 -1.00535
19029 -1.00535
19078 -1.00535
20329 -1.00535
21265 -1.00535
01339 -1.00534
01397 -1.00534
01478 -1.00534
04378 -1.00534
05282 -1.00534
05500 -1.00534
07130 -1.00534
07947 -1.00534
10500 -1.00534
11824 -1.00534
11869 -1.00534
13123 -1.00534
13251 -1.00534
14917 -1.00534
17842 -1.00534
19109 -1.00534
21575 -1.00534
01016 -1.00533
01041 -1.00533
01272 -1.00533
01755 -1.00533
02467 -1.00533
04751 -1.00533
06070 -1.00533
07681 -1.00533
07932 -1.00533
08329 -1.00533
08630 -1.00533
08802 -1.00533
09088 -1.00533
09755 -1.00533
10285 -1.00533
10792 -1.00533
11654 -1.00533
13019 -1.00533
16848 -1.00533
17680 -1.00533
18123 -1.00533
18490 -1.00533
20585 -1.00533
20671 -1.00533
20758 -1.00533
02522 -1.00532
03479 -1.00532
03546 -1.00532
03613 -1.00532
03957 -1.00532
04089 -1.00532
04143 -1.00532
04470 -1.00532
06413 -1.00532
08022 -1.00532
08191 -1.00532
08487 -1.00532
09273 -1.00532
11533 -1.00532
12228 -1.00532
12395 -1.00532
13253 -1.00532
14193 -1.00532
19637 -1.00532
19985 -1.00532
00657 -1.00531
05383 -1.00531
05845 -1.00531
07006 -1.00531
09046 -1.00531
09408 -1.00531
10215 -1.00531
11115 -1.00531
11578 -1.00531
11986 -1.00531
14083 -1.00531
14953 -1.00531
17061 -1.00531
19590 -1.00531
19620 -1.00531
19997 -1.00531
20643 -1.00531
00367 -1.0053
01378 -1.0053
02744 -1.0053
02860 -1.0053
06252 -1.0053
07181 -1.0053
09134 -1.0053
09220 -1.0053
10059 -1.0053
12535 -1.0053
14427 -1.0053
15555 -1.0053
16628 -1.0053
17205 -1.0053
17283 -1.0053
18719 -1.0053
18965 -1.0053
19294 -1.0053
21139 -1.0053
21158 -1.0053
01666 -1.00529
04859 -1.00529
05147 -1.00529
05492 -1.00529
06111 -1.00529
06245 -1.00529
06558 -1.00529
11376 -1.00529
11391 -1.00529
11603 -1.00529
14123 -1.00529
16294 -1.00529
20175 -1.00529
00454 -1.00528
01613 -1.00528
06105 -1.00528
06676 -1.00528
06719 -1.00528
07015 -1.00528
07261 -1.00528
07438 -1.00528
08782 -1.00528
09711 -1.00528
11107 -1.00528
12147 -1.00528
12454 -1.00528
13157 -1.00528
13665 -1.00528
14695 -1.00528
16324 -1.00528
16353 -1.00528
16888 -1.00528
19526 -1.00528
20126 -1.00528
20660 -1.00528
00120 -1.00527
00989 -1.00527
02639 -1.00527
03547 -1.00527
09384 -1.00527
09922 -1.00527
10030 -1.00527
11942 -1.00527
12158 -1.00527
12550 -1.00527
13231 -1.00527
13703 -1.00527
14162 -1.00527
16441 -1.00527
17434 -1.00527
19204 -1.00527
20363 -1.00527
20824 -1.00527
00593 -1.00526
01612 -1.00526
02548 -1.00526
05684 -1.00526
06765 -1.00526
06813 -1.00526
06986 -1.00526
07083 -1.00526
08258 -1.00526
11452 -1.00526
14107 -1.00526
15145 -1.00526
16812 -1.00526
16853 -1.00526
17322 -1.00526
18683 -1.00526
20658 -1.00526
21412 -1.00526
21437 -1.00526
01053 -1.00525
01502 -1.00525
01826 -1.00525
03853 -1.00525
04140 -1.00525
04566 -1.00525
05973 -1.00525
07055 -1.00525
08091 -1.00525
10283 -1.00525
11643 -1.00525
13847 -1.00525
15065 -1.00525
15249 -1.00525
15974 -1.00525
17415 -1.00525
18136 -1.00525
19247 -1.00525
19401 -1.00525
21247 -1.00525
01178 -1.00524
01405 -1.00524
01602 -1.00524
03359 -1.00524
07240 -1.00524
09488 -1.00524
10069 -1.00524
10966 -1.00524
11624 -1.00524
12444 -1.00524
13239 -1.00524
18359 -1.00524
18427 -1.00524
18913 -1.00524
00292 -1.00523
02449 -1.00523
03433 -1.00523
06402 -1.00523
09090 -1.00523
10845 -1.00523
10873 -1.00523
11236 -1.00523
12671 -1.00523
13071 -1.00523
13125 -1.00523
13705 -1.00523
16775 -1.00523
16871 -1.00523
17911 -1.00523
18298 -1.00523
20025 -1.00523
00915 -1.00522
01103 -1.00522
01390 -1.00522
02789 -1.00522
03272 -1.00522
03511 -1.00522
04839 -1.00522
05860 -1.00522
06374 -1.00522
07586 -1.00522
08146 -1.00522
08747 -1.00522
09235 -1.00522
09805 -1.00522
10000 -1.00522
11847 -1.00522
13030 -1.00522
14487 -1.00522
14588 -1.00522
15989 -1.00522
16195 -1.00522
17869 -1.00522
00812 -1.00521
01746 -1.00521
02259 -1.00521
04460 -1.00521
04995 -1.00521
05195 -1.00521
06633 -1.00521
06840 -1.00521
08172 -1.00521
08796 -1.00521
09181 -1.00521
09202 -1.00521
17180 -1.00521
17496 -1.00521
18324 -1.00521
20906 -1.00521
00981 -1.0052
01167 -1.0052
02320 -1.0052
02708 -1.0052
04623 -1.0052
06220 -1.0052
06455 -1.0052
07009 -1.0052
09804 -1.0052
11413 -1.0052
13110 -1.0052
13460 -1.0052
13958 -1.0052
15857 -1.0052
16906 -1.0052
17655 -1.0052
18176 -1.0052
18350 -1.0052
19472 -1.0052
19730 -1.0052
19755 -1.0052
20226 -1.0052
21552 -1.0052
21554 -1.0052
00208 -1.00519
00822 -1.00519
01180 -1.00519
02039 -1.00519
04249 -1.00519
05135 -1.00519
05213 -1.00519
05581 -1.00519
06817 -1.00519
07159 -1.00519
09167 -1.00519
09219 -1.00519
09663 -1.00519
10968 -1.00519
13171 -1.00519
16672 -1.00519
16965 -1.00519
19983 -1.00519
02802 -1.00518
03090 -1.00518
05417 -1.00518
08035 -1.00518
08645 -1.00518
09496 -1.00518
10008 -1.00518
10472 -1.00518
10979 -1.00518
11286 -1.00518
12640 -1.00518
13072 -1.00518
13227 -1.00518
14318 -1.00518
16411 -1.00518
17107 -1.00518
18125 -1.00518
19067 -1.00518
01553 -1.00517
04050 -1.00517
04523 -1.00517
05034 -1.00517
06099 -1.00517
06341 -1.00517
06967 -1.00517
07010 -1.00517
07123 -1.00517
07828 -1.00517
07872 -1.00517
08500 -1.00517
08920 -1.00517
09598 -1.00517
12328 -1.00517
12909 -1.00517
13714 -1.00517
14515 -1.00517
20212 -1.00517
00545 -1.00516
01050 -1.00516
01212 -1.00516
02914 -1.00516
04635 -1.00516
05149 -1.00516
07096 -1.00516
07145 -1.00516
08049 -1.00516
09078 -1.00516
09576 -1.00516
12265 -1.00516
12788 -1.00516
13857 -1.00516
19867 -1.00516
20097 -1.00516
20098 -1.00516
20156 -1.00516
20225 -1.00516
21159 -1.00516
03571 -1.00515
03602 -1.00515
05095 -1.00515
07789 -1.00515
10461 -1.00515
11232 -1.00515
12810 -1.00515
13199 -1.00515
14087 -1.00515
16746 -1.00515
17204 -1.00515
17937 -1.00515
19680 -1.00515
20315 -1.00515
00238 -1.00514
02596 -1.00514
04510 -1.00514
05391 -1.00514
05998 -1.00514
06209 -1.00514
06969 -1.00514
09760 -1.00514
12570 -1.00514
15948 -1.00514
16268 -1.00514
16602 -1.00514
16938 -1.00514
17216 -1.00514
17277 -1.00514
19585 -1.00514
20733 -1.00514
21049 -1.00514
00299 -1.00513
01955 -1.00513
03478 -1.00513
03519 -1.00513
04353 -1.00513
04962 -1.00513
05087 -1.00513
06262 -1.00513
06368 -1.00513
06429 -1.00513
06639 -1.00513
06908 -1.00513
09878 -1.00513
10296 -1.00513
10519 -1.00513
10851 -1.00513
11254 -1.00513
12777 -1.00513
15123 -1.00513
15374 -1.00513
15632 -1.00513
15678 -1.00513
15738 -1.00513
16088 -1.00513
17116 -1.00513
17745 -1.00513
17941 -1.00513
18605 -1.00513
20237 -1.00513
20899 -1.00513
21231 -1.00513
01210 -1.00512
01517 -1.00512
02472 -1.00512
03147 -1.00512
03431 -1.00512
05058 -1.00512
06613 -1.00512
08337 -1.00512
09003 -1.00512
09690 -1.00512
11683 -1.00512
13130 -1.00512
13818 -1.00512
14679 -1.00512
14998 -1.00512
16178 -1.00512
16717 -1.00512
17522 -1.00512
17533 -1.00512
19284 -1.00512
19803 -1.00512
19947 -1.00512
20276 -1.00512
20478 -1.00512
21382 -1.00512
21423 -1.00512
21432 -1.00512
21561 -1.00512
00133 -1.00511
00252 -1.00511
02258 -1.00511
03799 -1.00511
04594 -1.00511
05828 -1.00511
06232 -1.00511
08606 -1.00511
10131 -1.00511
10150 -1.00511
11853 -1.00511
11981 -1.00511
12256 -1.00511
12578 -1.00511
14683 -1.00511
15035 -1.00511
15501 -1.00511
15712 -1.00511
16923 -1.00511
17678 -1.00511
17885 -1.00511
18366 -1.00511
19810 -1.00511
20358 -1.00511
20447 -1.00511
20841 -1.00511
20955 -1.00511
00113 -1.0051
00703 -1.0051
03305 -1.0051
05192 -1.0051
06339 -1.0051
08786 -1.0051
10393 -1.0051
11078 -1.0051
11253 -1.0051
12138 -1.0051
15667 -1.0051
17046 -1.0051
17147 -1.0051
17201 -1.0051
18251 -1.0051
19328 -1.0051
19678 -1.0051
19774 -1.0051
20975 -1.0051
21013 -1.0051
00551 -1.00509
01849 -1.00509
01981 -1.00509
03562 -1.00509
06594 -1.00509
07051 -1.00509
07256 -1.00509
08915 -1.00509
09803 -1.00509
12739 -1.00509
12741 -1.00509
12839 -1.00509
12923 -1.00509
13250 -1.00509
13411 -1.00509
14458 -1.00509
14607 -1.00509
15848 -1.00509
16023 -1.00509
16174 -1.00509
18823 -1.00509
18967 -1.00509
19416 -1.00509
20024 -1.00509
20613 -1.00509
01033 -1.00508
01977 -1.00508
05187 -1.00508
05523 -1.00508
05653 -1.00508
05827 -1.00508
08615 -1.00508
09894 -1.00508
10468 -1.00508
11239 -1.00508
12841 -1.00508
15331 -1.00508
15681 -1.00508
15784 -1.00508
15818 -1.00508
16252 -1.00508
16486 -1.00508
16988 -1.00508
17243 -1.00508
17544 -1.00508
18499 -1.00508
19264 -1.00508
20191 -1.00508
03009 -1.00507
03104 -1.00507
04270 -1.00507
07799 -1.00507
10231 -1.00507
10627 -1.00507
12435 -1.00507
12610 -1.00507
13031 -1.00507
16214 -1.00507
17072 -1.00507
20493 -1.00507
20871 -1.00507
00900 -1.00506
02059 -1.00506
05382 -1.00506
05823 -1.00506
06137 -1.00506
08639 -1.00506
08770 -1.00506
09360 -1.00506
09376 -1.00506
09543 -1.00506
11172 -1.00506
12259 -1.00506
12670 -1.00506
12715 -1.00506
13235 -1.00506
14271 -1.00506
14391 -1.00506
14956 -1.00506
15139 -1.00506
17708 -1.00506
17870 -1.00506
18468 -1.00506
19235 -1.00506
20625 -1.00506
20722 -1.00506
20746 -1.00506
20873 -1.00506
20973 -1.00506
20976 -1.00506
21232 -1.00506
00785 -1.00505
07502 -1.00505
07722 -1.00505
09210 -1.00505
10183 -1.00505
11520 -1.00505
12388 -1.00505
13028 -1.00505
14387 -1.00505
15786 -1.00505
16220 -1.00505
17373 -1.00505
19047 -1.00505
20133 -1.00505
20440 -1.00505
00455 -1.00504
00581 -1.00504
01942 -1.00504
02079 -1.00504
02136 -1.00504
02373 -1.00504
03028 -1.00504
03684 -1.00504
04384 -1.00504
04685 -1.00504
04754 -1.00504
04788 -1.00504
05107 -1.00504
05261 -1.00504
06027 -1.00504
08277 -1.00504
10553 -1.00504
11101 -1.00504
11358 -1.00504
11661 -1.00504
11793 -1.00504
14042 -1.00504
16777 -1.00504
18104 -1.00504
18453 -1.00504
18514 -1.00504
20291 -1.00504
00248 -1.00503
03487 -1.00503
03603 -1.00503
03873 -1.00503
03994 -1.00503
04291 -1.00503
04947 -1.00503
05153 -1.00503
05168 -1.00503
07581 -1.00503
07938 -1.00503
08477 -1.00503
09538 -1.00503
10081 -1.00503
11588 -1.00503
12515 -1.00503
15894 -1.00503
15956 -1.00503
17469 -1.00503
18109 -1.00503
18964 -1.00503
20574 -1.00503
00164 -1.00502
05217 -1.00502
07014 -1.00502
07754 -1.00502
09035 -1.00502
09118 -1.00502
11367 -1.00502
12445 -1.00502
15122 -1.00502
15672 -1.00502
17475 -1.00502
20509 -1.00502
21069 -1.00502
21237 -1.00502
02737 -1.00501
02828 -1.00501
03399 -1.00501
04347 -1.00501
04382 -1.00501
04957 -1.00501
05291 -1.00501
07141 -1.00501
07409 -1.00501
07466 -1.00501
08141 -1.00501
08669 -1.00501
10163 -1.00501
10649 -1.00501
11161 -1.00501
11447 -1.00501
11473 -1.00501
12070 -1.00501
13391 -1.00501
14809 -1.00501
15107 -1.00501
17343 -1.00501
17704 -1.00501
17919 -1.00501
17940 -1.00501
18462 -1.00501
19862 -1.00501
00422 -1.005
02128 -1.005
03422 -1.005
03900 -1.005
04576 -1.005
05879 -1.005
06214 -1.005
08409 -1.005
11211 -1.005
11866 -1.005
12298 -1.005
12941 -1.005
16860 -1.005
18412 -1.005
19315 -1.005
20957 -1.005
00355 -1.00499
00767 -1.00499
02365 -1.00499
03285 -1.00499
04450 -1.00499
05558 -1.00499
05588 -1.00499
07048 -1.00499
07522 -1.00499
07897 -1.00499
08325 -1.00499
09986 -1.00499
11163 -1.00499
12251 -1.00499
12294 -1.00499
13042 -1.00499
13880 -1.00499
14363 -1.00499
14762 -1.00499
19385 -1.00499
20231 -1.00499
21245 -1.00499
21546 -1.00499
00151 -1.00498
00266 -1.00498
06187 -1.00498
07211 -1.00498
08947 -1.00498
08979 -1.00498
09374 -1.00498
11032 -1.00498
11265 -1.00498
12495 -1.00498
13416 -1.00498
13530 -1.00498
15003 -1.00498
15410 -1.00498
16092 -1.00498
17047 -1.00498
18011 -1.00498
19276 -1.00498
19989 -1.00498
20344 -1.00498
20428 -1.00498
21441 -1.00498
01879 -1.00497
01897 -1.00497
03293 -1.00497
03557 -1.00497
03902 -1.00497
04516 -1.00497
05281 -1.00497
05622 -1.00497
05929 -1.00497
06282 -1.00497
06380 -1.00497
06636 -1.00497
07666 -1.00497
10975 -1.00497
11374 -1.00497
13710 -1.00497
15520 -1.00497
17004 -1.00497
19937 -1.00497
20119 -1.00497
20128 -1.00497
20153 -1.00497
20736 -1.00497
21368 -1.00497
21395 -1.00497
21439 -1.00497
00041 -1.00496
00459 -1.00496
01375 -1.00496
01383 -1.00496
02182 -1.00496
02408 -1.00496
04915 -1.00496
10905 -1.00496
11030 -1.00496
13851 -1.00496
15212 -1.00496
16297 -1.00496
16453 -1.00496
18343 -1.00496
20180 -1.00496
21390 -1.00496
00994 -1.00495
01571 -1.00495
02331 -1.00495
02975 -1.00495
03073 -1.00495
03634 -1.00495
03876 -1.00495
09059 -1.00495
11630 -1.00495
13780 -1.00495
15285 -1.00495
17310 -1.00495
00026 -1.00494
03059 -1.00494
04485 -1.00494
04806 -1.00494
07001 -1.00494
07112 -1.00494
08171 -1.00494
08731 -1.00494
09822 -1.00494
10701 -1.00494
11159 -1.00494
12763 -1.00494
14082 -1.00494
14975 -1.00494
15281 -1.00494
17042 -1.00494
17081 -1.00494
19955 -1.00494
21112 -1.00494
21564 -1.00494
00684 -1.00493
01241 -1.00493
02309 -1.00493
02356 -1.00493
02662 -1.00493
03187 -1.00493
04137 -1.00493
04522 -1.00493
04763 -1.00493
06629 -1.00493
07638 -1.00493
07946 -1.00493
08085 -1.00493
08616 -1.00493
10380 -1.00493
10753 -1.00493
11714 -1.00493
12790 -1.00493
13787 -1.00493
14455 -1.00493
14740 -1.00493
16766 -1.00493
18820 -1.00493
19318 -1.00493
19926 -1.00493
01752 -1.00492
02122 -1.00492
04062 -1.00492
04096 -1.00492
05123 -1.00492
05647 -1.00492
06963 -1.00492
08002 -1.00492
08942 -1.00492
09637 -1.00492
10119 -1.00492
10530 -1.00492
11175 -1.00492
11219 -1.00492
11246 -1.00492
12433 -1.00492
12443 -1.00492
12638 -1.00492
14384 -1.00492
15842 -1.00492
16577 -1.00492
16804 -1.00492
16893 -1.00492
17344 -1.00492
17591 -1.00492
19016 -1.00492
20343 -1.00492
20825 -1.00492
21077 -1.00492
00019 -1.00491
00392 -1.00491
00866 -1.00491
00894 -1.00491
01287 -1.00491
01558 -1.00491
01709 -1.00491
05150 -1.00491
05702 -1.00491
06992 -1.00491
07226 -1.00491
09151 -1.00491
13284 -1.00491
14151 -1.00491
14185 -1.00491
14324 -1.00491
14965 -1.00491
17106 -1.00491
17796 -1.00491
18931 -1.00491
19957 -1.00491
20054 -1.00491
20549 -1.00491
00160 -1.0049
05799 -1.0049
07488 -1.0049
09433 -1.0049
10174 -1.0049
13991 -1.0049
14379 -1.0049
15070 -1.0049
15832 -1.0049
16190 -1.0049
16415 -1.0049
17987 -1.0049
18609 -1.0049
19164 -1.0049
19672 -1.0049
20071 -1.0049
20477 -1.0049
00054 -1.00489
02219 -1.00489
02982 -1.00489
03186 -1.00489
03915 -1.00489
05764 -1.00489
07723 -1.00489
10095 -1.00489
10301 -1.00489
13578 -1.00489
13749 -1.00489
14218 -1.00489
15711 -1.00489
16368 -1.00489
17187 -1.00489
17451 -1.00489
18467 -1.00489
20674 -1.00489
21267 -1.00489
00475 -1.00488
00612 -1.00488
01128 -1.00488
03899 -1.00488
04155 -1.00488
07005 -1.00488
08033 -1.00488
09009 -1.00488
09905 -1.00488
10523 -1.00488
11243 -1.00488
13098 -1.00488
13843 -1.00488
14049 -1.00488
14075 -1.00488
15494 -1.00488
15641 -1.00488
15999 -1.00488
16327 -1.00488
16596 -1.00488
19175 -1.00488
19968 -1.00488
20631 -1.00488
21016 -1.00488
00129 -1.00487
00930 -1.00487
01326 -1.00487
01953 -1.00487
02167 -1.00487
02971 -1.00487
03779 -1.00487
04848 -1.00487
05137 -1.00487
05516 -1.00487
05814 -1.00487
06242 -1.00487
07461 -1.00487
09709 -1.00487
10694 -1.00487
11541 -1.00487
12430 -1.00487
12905 -1.00487
13177 -1.00487
14304 -1.00487
14308 -1.00487
14736 -1.00487
17413 -1.00487
19827 -1.00487
20340 -1.00487
21321 -1.00487
01215 -1.00486
04407 -1.00486
04457 -1.00486
05125 -1.00486
05668 -1.00486
07349 -1.00486
07998 -1.00486
09770 -1.00486
12344 -1.00486
13540 -1.00486
14862 -1.00486
15207 -1.00486
17920 -1.00486
18983 -1.00486
20726 -1.00486
00227 -1.00485
01113 -1.00485
01798 -1.00485
03116 -1.00485
04256 -1.00485
05264 -1.00485
05543 -1.00485
05846 -1.00485
06205 -1.00485
06910 -1.00485
07929 -1.00485
08138 -1.00485
08496 -1.00485
09761 -1.00485
11149 -1.00485
12870 -1.00485
14245 -1.00485
14272 -1.00485
14855 -1.00485
14985 -1.00485
16116 -1.00485
18731 -1.00485
18936 -1.00485
21006 -1.00485
21266 -1.00485
01088 -1.00484
02056 -1.00484
02760 -1.00484
03034 -1.00484
08418 -1.00484
08576 -1.00484
11223 -1.00484
14348 -1.00484
14373 -1.00484
15418 -1.00484
16895 -1.00484
17200 -1.00484
17234 -1.00484
18940 -1.00484
21335 -1.00484
02080 -1.00483
05548 -1.00483
05792 -1.00483
06519 -1.00483
07797 -1.00483
10612 -1.00483
12731 -1.00483
12764 -1.00483
12830 -1.00483
14610 -1.00483
15982 -1.00483
18180 -1.00483
18642 -1.00483
20351 -1.00483
20547 -1.00483
20947 -1.00483
01168 -1.00482
01289 -1.00482
01796 -1.00482
03176 -1.00482
04911 -1.00482
08176 -1.00482
08964 -1.00482
10464 -1.00482
10496 -1.00482
11191 -1.00482
12184 -1.00482
13583 -1.00482
15046 -1.00482
15731 -1.00482
15969 -1.00482
16757 -1.00482
00978 -1.00481
01154 -1.00481
02306 -1.00481
02827 -1.00481
04218 -1.00481
05843 -1.00481
06060 -1.00481
06694 -1.00481
09280 -1.00481
09516 -1.00481
09529 -1.00481
10154 -1.00481
12496 -1.00481
14148 -1.00481
15573 -1.00481
16642 -1.00481
16689 -1.00481
20124 -1.00481
00945 -1.0048
01961 -1.0048
02515 -1.0048
02665 -1.0048
04383 -1.0048
04400 -1.0048
05692 -1.0048
05962 -1.0048
06714 -1.0048
07639 -1.0048
07805 -1.0048
08582 -1.0048
11109 -1.0048
17110 -1.0048
17429 -1.0048
00070 -1.00479
03527 -1.00479
05990 -1.00479
09474 -1.00479
12314 -1.00479
16595 -1.00479
19197 -1.00479
21503 -1.00479
00881 -1.00478
02783 -1.00478
02890 -1.00478
03598 -1.00478
06399 -1.00478
07217 -1.00478
11472 -1.00478
20668 -1.00478
20854 -1.00478
06846 -1.00477
07383 -1.00477
14643 -1.00477
14702 -1.00477
17910 -1.00477
17946 -1.00477
04008 -1.00476
06626 -1.00475
06338 -1.00474
