14230 -1.01352
06463 -1.01292
05311 -1.01286
21347 -1.01277
05214 -1.01276
08320 -1.01272
14748 -1.01268
18726 -1.01267
05290 -1.01226
16216 -1.01199
05176 -1.01195
02979 -1.01194
08328 -1.01193
09733 -1.01189
08561 -1.01184
06635 -1.01177
13179 -1.01171
05258 -1.0117
07213 -1.01168
16727 -1.01165
11016 -1.01163
18287 -1.01157
00372 -1.01151
03298 -1.01151
12848 -1.01141
11781 -1.0114
03488 -1.01137
15549 -1.01125
13629 -1.01113
13564 -1.01108
21068 -1.01108
10455 -1.01107
12277 -1.01103
03344 -1.01102
01919 -1.01099
07366 -1.01095
09283 -1.01094
09382 -1.01094
05070 -1.01091
02521 -1.0109
16128 -1.0109
20500 -1.0109
08137 -1.01088
17396 -1.01087
05318 -1.01084
13322 -1.01084
18086 -1.01084
14357 -1.01075
15470 -1.01075
16599 -1.01072
17023 -1.01071
10054 -1.0107
18714 -1.01069
00714 -1.01068
17490 -1.01065
12917 -1.01063
18645 -1.0106
01456 -1.01057
02775 -1.01056
10268 -1.01055
12026 -1.01055
11224 -1.01054
05230 -1.01048
05386 -1.01048
13995 -1.01043
04160 -1.01041
11083 -1.01041
06456 -1.01037
08098 -1.01037
11746 -1.01037
20823 -1.01035
19953 -1.01034
17700 -1.01033
15227 -1.01032
19710 -1.01032
05576 -1.01031
09909 -1.01031
13115 -1.01031
15841 -1.01027
01549 -1.01023
12136 -1.01023
03454 -1.01022
03023 -1.01019
11234 -1.01019
12143 -1.01018
16844 -1.01018
10473 -1.01017
20143 -1.01017
18548 -1.01015
01312 -1.01014
08055 -1.01014
08136 -1.01014
16303 -1.01012
19825 -1.01011
20868 -1.01011
17731 -1.01009
21340 -1.01009
01359 -1.01008
20338 -1.01007
10350 -1.01006
03798 -1.01005
08716 -1.01005
10355 -1.01004
17571 -1.01003
16562 -1.00999
13657 -1.00998
05482 -1.00997
14708 -1.00997
01854 -1.00996
12394 -1.00996
17359 -1.00995
06722 -1.00994
17368 -1.00994
04477 -1.00993
01906 -1.00992
13263 -1.00992
19871 -1.00992
09244 -1.00991
05473 -1.00988
08960 -1.00988
13419 -1.00988
07731 -1.00987
09402 -1.00987
05985 -1.00986
11732 -1.00986
02221 -1.00985
06426 -1.00985
00010 -1.00984
04748 -1.00984
07607 -1.00984
13208 -1.00983
16163 -1.00981
02500 -1.0098
12953 -1.00979
15762 -1.00979
03013 -1.00978
17883 -1.00978
06197 -1.00977
02064 -1.00976
06708 -1.00976
10780 -1.00976
20317 -1.00976
05631 -1.00975
11504 -1.00975
10367 -1.00974
11763 -1.00973
10078 -1.00972
04546 -1.00971
05851 -1.0097
19099 -1.0097
06980 -1.00968
08272 -1.00968
00537 -1.00967
01729 -1.00967
10931 -1.00967
12947 -1.00967
09946 -1.00966
10778 -1.00966
11192 -1.00966
16372 -1.00966
20744 -1.00966
02697 -1.00965
08943 -1.00965
09388 -1.00965
15878 -1.00965
16680 -1.00965
07391 -1.00964
17903 -1.00964
21284 -1.00964
10375 -1.00963
14419 -1.00963
04266 -1.00962
07811 -1.00962
08884 -1.00962
02198 -1.0096
08937 -1.0096
21060 -1.0096
13462 -1.00959
17435 -1.00958
20698 -1.00958
18415 -1.00957
06357 -1.00956
00748 -1.00955
00843 -1.00955
12181 -1.00954
04602 -1.00953
15362 -1.00953
15450 -1.00953
17409 -1.00953
16373 -1.00948
17953 -1.00947
12310 -1.00946
17506 -1.00946
18239 -1.00946
09835 -1.00945
11717 -1.00944
18507 -1.00943
07200 -1.00942
13146 -1.00942
20254 -1.00942
07405 -1.00941
00004 -1.0094
09764 -1.0094
06657 -1.00939
08746 -1.00939
19258 -1.00939
09815 -1.00938
14654 -1.00938
15765 -1.00938
06928 -1.00937
12701 -1.00937
12876 -1.00937
21420 -1.00936
11063 -1.00935
11637 -1.00935
14710 -1.00934
15556 -1.00934
16028 -1.00933
01967 -1.00932
07892 -1.00932
10617 -1.00932
21379 -1.00932
03923 -1.00931
07742 -1.00931
09837 -1.00931
12634 -1.00931
00016 -1.0093
08162 -1.0093
17135 -1.0093
00803 -1.00929
00356 -1.00928
01682 -1.00928
17891 -1.00928
18299 -1.00928
04165 -1.00927
06388 -1.00927
10809 -1.00927
13993 -1.00927
00079 -1.00925
17220 -1.00925
05171 -1.00924
07088 -1.00924
12381 -1.00924
17324 -1.00924
20038 -1.00924
00223 -1.00923
09638 -1.00923
21127 -1.00923
01860 -1.00922
06914 -1.00922
15238 -1.00922
20256 -1.00922
06531 -1.00921
20867 -1.00921
16737 -1.0092
00335 -1.00919
09130 -1.00919
04944 -1.00918
15488 -1.00918
16440 -1.00918
20240 -1.00918
00635 -1.00917
05951 -1.00917
17871 -1.00917
18280 -1.00917
02725 -1.00916
06410 -1.00916
12431 -1.00916
14390 -1.00916
15912 -1.00916
13577 -1.00915
04810 -1.00914
12383 -1.00914
01466 -1.00913
01868 -1.00913
03421 -1.00913
07893 -1.00913
12025 -1.00912
16367 -1.00912
00209 -1.00911
03030 -1.00911
03077 -1.00911
04363 -1.00911
09717 -1.00911
11180 -1.00911
11204 -1.00911
18047 -1.00911
04969 -1.0091
15063 -1.0091
04267 -1.00909
05234 -1.00909
15016 -1.00909
21425 -1.00909
00496 -1.00908
06752 -1.00908
10537 -1.00908
11490 -1.00908
14757 -1.00908
16501 -1.00908
21331 -1.00908
09939 -1.00907
04800 -1.00906
17325 -1.00906
08714 -1.00905
12521 -1.00904
12655 -1.00904
13487 -1.00904
20967 -1.00904
08569 -1.00903
09569 -1.00903
10050 -1.00903
10292 -1.00901
03062 -1.009
10278 -1.009
16641 -1.009
01543 -1.00899
05131 -1.00899
07904 -1.00899
08115 -1.00899
10760 -1.00899
12967 -1.00898
17367 -1.00898
14853 -1.00897
02304 -1.00895
17598 -1.00895
20803 -1.00895
00922 -1.00894
12791 -1.00894
15369 -1.00894
17620 -1.00894
20551 -1.00894
06699 -1.00893
08360 -1.00893
14716 -1.00893
02965 -1.00892
05004 -1.00892
08292 -1.00892
02526 -1.00891
06259 -1.00891
02383 -1.0089
09899 -1.0089
16558 -1.0089
21470 -1.0089
20185 -1.00889
04313 -1.00887
11755 -1.00887
12195 -1.00887
15736 -1.00887
12972 -1.00886
15103 -1.00886
18250 -1.00885
16565 -1.00884
11773 -1.00883
02203 -1.00882
12397 -1.00882
15978 -1.00882
16278 -1.00882
19767 -1.00882
06588 -1.00881
01836 -1.0088
06379 -1.0088
06465 -1.0088
15743 -1.0088
00056 -1.00879
11820 -1.00879
03148 -1.00877
10976 -1.00877
11711 -1.00877
12548 -1.00877
13434 -1.00877
17896 -1.00877
20148 -1.00877
06605 -1.00875
09959 -1.00875
17846 -1.00875
08024 -1.00874
16381 -1.00874
03267 -1.00873
06395 -1.00873
17036 -1.00873
06844 -1.00872
17193 -1.00872
20207 -1.00872
04864 -1.00871
13379 -1.00871
19719 -1.00871
07925 -1.0087
11823 -1.0087
19752 -1.0087
04067 -1.00869
10133 -1.00869
10291 -1.00869
17148 -1.00869
04369 -1.00868
10822 -1.00867
11350 -1.00867
12002 -1.00867
13396 -1.00867
02907 -1.00866
06607 -1.00866
06665 -1.00866
11060 -1.00866
20183 -1.00866
06742 -1.00865
15370 -1.00865
09940 -1.00864
10786 -1.00864
14780 -1.00864
13261 -1.00863
01190 -1.00862
03343 -1.00862
19285 -1.00862
02228 -1.00861
11206 -1.0086
00225 -1.00859
15511 -1.00859
01269 -1.00858
04764 -1.00858
11753 -1.00858
14891 -1.00858
00473 -1.00857
02580 -1.00857
16132 -1.00857
16183 -1.00857
17199 -1.00857
06611 -1.00856
06721 -1.00856
14869 -1.00856
05206 -1.00855
05779 -1.00855
17497 -1.00855
19111 -1.00855
04130 -1.00854
05366 -1.00854
12118 -1.00854
12163 -1.00854
14782 -1.00853
17605 -1.00853
19687 -1.00853
20806 -1.00852
02312 -1.0085
14184 -1.0085
06473 -1.00849
08069 -1.00849
11926 -1.00849
00276 -1.00848
04548 -1.00848
09022 -1.00848
12487 -1.00848
15243 -1.00848
15700 -1.00848
18409 -1.00848
19532 -1.00848
05515 -1.00847
05778 -1.00847
05858 -1.00847
05891 -1.00847
06996 -1.00847
18578 -1.00847
18672 -1.00847
20538 -1.00847
00001 -1.00846
02428 -1.00846
02587 -1.00846
06013 -1.00846
07933 -1.00846
11215 -1.00846
21542 -1.00846
12355 -1.00845
16513 -1.00845
12085 -1.00844
18515 -1.00844
06459 -1.00843
07589 -1.00843
09275 -1.00843
17760 -1.00843
18317 -1.00843
20783 -1.00843
08753 -1.00842
09445 -1.00842
12188 -1.00842
13531 -1.00842
15581 -1.00842
15816 -1.00842
18904 -1.00842
19457 -1.00842
19589 -1.00842
21376 -1.00842
01275 -1.00841
02618 -1.00841
03247 -1.00841
12292 -1.00841
01380 -1.0084
13496 -1.0084
16898 -1.0084
17246 -1.0084
19490 -1.0084
01534 -1.00839
03615 -1.00839
08595 -1.00839
10733 -1.00839
10799 -1.00839
17458 -1.00839
19334 -1.00839
00382 -1.00838
12680 -1.00838
13390 -1.00838
15551 -1.00838
16118 -1.00838
09080 -1.00837
10201 -1.00837
14043 -1.00837
17419 -1.00837
04212 -1.00836
09230 -1.00836
10344 -1.00836
10623 -1.00836
14840 -1.00836
17833 -1.00836
02357 -1.00835
02824 -1.00835
06547 -1.00835
07560 -1.00835
08971 -1.00835
02157 -1.00834
08245 -1.00834
10784 -1.00834
18054 -1.00834
19499 -1.00834
00854 -1.00833
00965 -1.00833
08677 -1.00833
10505 -1.00833
06618 -1.00832
18601 -1.00832
20346 -1.00832
01718 -1.00831
01735 -1.00831
06143 -1.00831
08627 -1.00831
08980 -1.00831
18204 -1.00831
20706 -1.00831
03287 -1.0083
10140 -1.0083
04443 -1.00829
04759 -1.00829
15852 -1.00829
01968 -1.00828
11737 -1.00828
12971 -1.00828
17456 -1.00828
17574 -1.00828
21508 -1.00828
00319 -1.00827
03396 -1.00827
09328 -1.00827
10422 -1.00827
19603 -1.00827
19660 -1.00827
20110 -1.00827
20877 -1.00827
06346 -1.00826
09937 -1.00826
10743 -1.00826
12208 -1.00826
16421 -1.00826
17363 -1.00826
04081 -1.00825
09978 -1.00825
00315 -1.00824
02001 -1.00824
11123 -1.00824
19242 -1.00824
21287 -1.00824
02342 -1.00823
08743 -1.00823
09975 -1.00823
12793 -1.00823
16840 -1.00823
13606 -1.00822
19683 -1.00822
04049 -1.00821
04534 -1.00821
06360 -1.00821
18540 -1.00821
00203 -1.0082
11827 -1.0082
15190 -1.0082
01408 -1.00819
09440 -1.00819
09722 -1.00819
19679 -1.00819
00033 -1.00818
02833 -1.00818
08439 -1.00818
10017 -1.00818
10697 -1.00818
12434 -1.00818
16292 -1.00818
17628 -1.00818
04683 -1.00817
08820 -1.00817
09782 -1.00817
17707 -1.00817
00344 -1.00816
03759 -1.00816
05452 -1.00816
13752 -1.00816
14372 -1.00816
18849 -1.00816
06400 -1.00815
00264 -1.00814
01026 -1.00814
15382 -1.00814
16087 -1.00814
17079 -1.00814
01685 -1.00813
07710 -1.00813
17202 -1.00813
19259 -1.00813
19604 -1.00813
11470 -1.00812
02698 -1.00811
13225 -1.00811
15671 -1.00811
08711 -1.0081
08985 -1.0081
16785 -1.0081
20772 -1.0081
21486 -1.0081
00840 -1.00809
03170 -1.00809
04567 -1.00809
07778 -1.00809
18938 -1.00809
05378 -1.00808
05393 -1.00808
07342 -1.00808
16298 -1.00808
16389 -1.00808
21101 -1.00808
06094 -1.00807
07796 -1.00807
13280 -1.00807
15444 -1.00807
17930 -1.00807
18917 -1.00807
04630 -1.00806
07499 -1.00806
12778 -1.00806
02061 -1.00805
11457 -1.00805
14734 -1.00805
15830 -1.00805
03072 -1.00804
03813 -1.00804
09047 -1.00804
10748 -1.00804
19036 -1.00804
01126 -1.00803
03593 -1.00803
16756 -1.00803
17307 -1.00803
15437 -1.00802
15569 -1.00802
02998 -1.00801
05795 -1.008
09759 -1.008
12598 -1.008
17438 -1.008
07105 -1.00799
09180 -1.00799
12574 -1.00799
04643 -1.00798
04674 -1.00798
08896 -1.00798
15325 -1.00798
18764 -1.00798
19038 -1.00798
01306 -1.00797
06689 -1.00797
08780 -1.00797
16075 -1.00797
05941 -1.00796
10390 -1.00796
11203 -1.00796
11882 -1.00796
17386 -1.00796
02257 -1.00795
06090 -1.00795
15625 -1.00795
00288 -1.00794
05935 -1.00794
09170 -1.00794
09732 -1.00794
11225 -1.00794
13790 -1.00794
15149 -1.00794
16636 -1.00794
17873 -1.00794
03861 -1.00793
06353 -1.00793
09263 -1.00793
09742 -1.00793
12887 -1.00793
17450 -1.00793
20201 -1.00793
00914 -1.00792
04175 -1.00792
08628 -1.00792
08666 -1.00792
09015 -1.00792
09112 -1.00792
09886 -1.00792
12031 -1.00792
16002 -1.00792
00644 -1.00791
06157 -1.00791
08121 -1.00791
08196 -1.00791
12113 -1.00791
14770 -1.00791
14931 -1.00791
13234 -1.0079
15507 -1.0079
15530 -1.0079
16948 -1.0079
18579 -1.0079
21056 -1.0079
00110 -1.00789
00696 -1.00789
10877 -1.00789
14698 -1.00789
17849 -1.00789
18360 -1.00789
21334 -1.00789
03078 -1.00788
05759 -1.00788
07866 -1.00788
12827 -1.00788
04573 -1.00787
05412 -1.00787
10080 -1.00787
10525 -1.00787
13733 -1.00787
16112 -1.00787
18591 -1.00787
20557 -1.00787
00888 -1.00786
00957 -1.00786
01084 -1.00786
04223 -1.00786
08846 -1.00786
10954 -1.00786
11487 -1.00786
11680 -1.00786
17433 -1.00786
18696 -1.00786
20220 -1.00786
21154 -1.00786
09537 -1.00785
15263 -1.00785
15352 -1.00785
15442 -1.00785
21473 -1.00785
00214 -1.00784
07705 -1.00784
08173 -1.00784
09618 -1.00784
10856 -1.00784
12282 -1.00784
01368 -1.00783
02718 -1.00783
03069 -1.00783
05271 -1.00783
06592 -1.00783
12485 -1.00783
13653 -1.00783
14921 -1.00783
18267 -1.00783
18600 -1.00783
19432 -1.00783
00295 -1.00782
01539 -1.00782
02759 -1.00782
05726 -1.00782
06406 -1.00782
11828 -1.00782
12879 -1.00782
14277 -1.00782
14342 -1.00782
20685 -1.00782
05345 -1.00781
09636 -1.00781
19848 -1.00781
20172 -1.00781
00546 -1.0078
11752 -1.0078
17141 -1.0078
18005 -1.0078
19688 -1.0078
20214 -1.0078
04924 -1.00779
05039 -1.00779
12011 -1.00779
13034 -1.00779
18052 -1.00779
18588 -1.00779
18679 -1.00779
20064 -1.00779
03429 -1.00778
16009 -1.00778
18985 -1.00778
01947 -1.00777
03500 -1.00777
04906 -1.00777
06876 -1.00777
09307 -1.00777
17952 -1.00777
00730 -1.00776
16681 -1.00776
17113 -1.00776
18996 -1.00776
04878 -1.00775
08271 -1.00775
10924 -1.00775
13046 -1.00775
14126 -1.00775
14388 -1.00775
16139 -1.00775
16539 -1.00775
20147 -1.00775
00028 -1.00774
01252 -1.00774
03890 -1.00774
21057 -1.00774
00875 -1.00773
02658 -1.00773
17573 -1.00773
20300 -1.00773
06612 -1.00772
06896 -1.00772
07094 -1.00772
16619 -1.00772
21277 -1.00772
01889 -1.00771
09296 -1.00771
13216 -1.00771
16361 -1.00771
19619 -1.00771
19966 -1.00771
04196 -1.0077
05303 -1.0077
06285 -1.0077
09436 -1.0077
14767 -1.0077
08510 -1.00769
10704 -1.00769
13331 -1.00769
13735 -1.00769
15697 -1.00769
16249 -1.00769
01193 -1.00768
07765 -1.00768
07830 -1.00768
10103 -1.00768
10264 -1.00768
15534 -1.00768
17508 -1.00768
00340 -1.00767
00386 -1.00767
02475 -1.00767
03020 -1.00767
09072 -1.00767
10036 -1.00767
11080 -1.00767
20468 -1.00767
21387 -1.00767
03534 -1.00766
04303 -1.00766
08992 -1.00766
09667 -1.00766
14987 -1.00766
17294 -1.00766
21336 -1.00766
08633 -1.00765
11186 -1.00765
11349 -1.00765
11414 -1.00765
17966 -1.00765
19760 -1.00765
19831 -1.00765
21381 -1.00765
02052 -1.00764
03470 -1.00764
07580 -1.00764
10106 -1.00764
10136 -1.00764
10676 -1.00764
16176 -1.00764
17198 -1.00764
02663 -1.00763
05241 -1.00763
12322 -1.00763
13561 -1.00763
19068 -1.00763
10246 -1.00762
10413 -1.00762
18062 -1.00762
19423 -1.00762
00752 -1.00761
00889 -1.00761
04310 -1.00761
07135 -1.00761
01918 -1.0076
09206 -1.0076
09518 -1.0076
10826 -1.0076
16937 -1.0076
20432 -1.0076
01576 -1.00759
07927 -1.00759
19392 -1.00759
00135 -1.00758
01019 -1.00758
05456 -1.00758
05672 -1.00758
08153 -1.00758
12279 -1.00758
14279 -1.00758
17096 -1.00758
20107 -1.00758
20764 -1.00758
01696 -1.00757
02089 -1.00757
03505 -1.00757
05100 -1.00757
12396 -1.00757
12878 -1.00757
05172 -1.00756
10317 -1.00756
12732 -1.00756
16095 -1.00756
17312 -1.00756
19353 -1.00756
03489 -1.00755
03555 -1.00755
09174 -1.00755
09378 -1.00755
12815 -1.00755
17778 -1.00755
20095 -1.00755
05139 -1.00754
14301 -1.00754
15154 -1.00754
21193 -1.00754
00925 -1.00753
01720 -1.00753
01963 -1.00753
03610 -1.00753
04851 -1.00753
07965 -1.00753
09749 -1.00753
11548 -1.00753
14343 -1.00753
16200 -1.00753
18148 -1.00753
13771 -1.00752
14797 -1.00752
15441 -1.00752
17335 -1.00752
17922 -1.00752
03762 -1.00751
04893 -1.00751
08708 -1.00751
12156 -1.00751
12818 -1.00751
13809 -1.00751
18684 -1.00751
00362 -1.0075
10605 -1.0075
11177 -1.0075
17474 -1.0075
20145 -1.0075
01501 -1.00749
03413 -1.00749
13266 -1.00749
16794 -1.00749
19415 -1.00749
03371 -1.00748
03864 -1.00748
05225 -1.00748
06180 -1.00748
09142 -1.00748
11691 -1.00748
12802 -1.00748
15957 -1.00748
03075 -1.00747
03732 -1.00747
04019 -1.00747
07864 -1.00747
10445 -1.00747
10478 -1.00747
15043 -1.00747
17549 -1.00747
19713 -1.00747
20787 -1.00747
00898 -1.00746
01360 -1.00746
02627 -1.00746
03088 -1.00746
03868 -1.00746
04583 -1.00746
06863 -1.00746
15686 -1.00746
18378 -1.00746
21260 -1.00746
00024 -1.00745
04307 -1.00745
04809 -1.00745
06656 -1.00745
07628 -1.00745
08819 -1.00745
10303 -1.00745
12650 -1.00745
17348 -1.00745
02078 -1.00744
02878 -1.00744
09269 -1.00744
10829 -1.00744
15160 -1.00744
16773 -1.00744
20244 -1.00744
00331 -1.00743
07155 -1.00743
17173 -1.00743
19544 -1.00743
20457 -1.00743
20705 -1.00743
00437 -1.00742
01140 -1.00742
01618 -1.00742
04333 -1.00742
04533 -1.00742
09487 -1.00742
10178 -1.00742
13258 -1.00742
15645 -1.00742
15783 -1.00742
20029 -1.00742
03068 -1.00741
06112 -1.00741
10902 -1.00741
16044 -1.00741
16053 -1.00741
03743 -1.0074
03978 -1.0074
07937 -1.0074
13256 -1.0074
19538 -1.0074
02799 -1.00739
10582 -1.00739
11181 -1.00739
11184 -1.00739
11240 -1.00739
11600 -1.00739
19086 -1.00739
19149 -1.00739
02743 -1.00738
04929 -1.00738
06725 -1.00738
08435 -1.00738
12432 -1.00738
17980 -1.00738
20041 -1.00738
01789 -1.00737
03134 -1.00737
04027 -1.00737
04232 -1.00737
04317 -1.00737
08382 -1.00737
08839 -1.00737
10814 -1.00737
13347 -1.00737
16832 -1.00737
17048 -1.00737
17537 -1.00737
03535 -1.00736
03698 -1.00736
06603 -1.00736
07701 -1.00736
09058 -1.00736
15403 -1.00736
20046 -1.00736
01297 -1.00735
03060 -1.00735
05011 -1.00735
08484 -1.00735
02308 -1.00734
06352 -1.00734
06581 -1.00734
08164 -1.00734
14949 -1.00734
16443 -1.00734
17970 -1.00734
18138 -1.00734
20418 -1.00734
01911 -1.00733
08901 -1.00733
17075 -1.00733
18652 -1.00733
20530 -1.00733
00202 -1.00732
07379 -1.00732
08944 -1.00732
10236 -1.00732
16644 -1.00732
19553 -1.00732
01256 -1.00731
08483 -1.00731
09841 -1.00731
19089 -1.00731
19172 -1.00731
20169 -1.00731
20822 -1.00731
21408 -1.00731
04007 -1.0073
08732 -1.0073
10434 -1.0073
16621 -1.0073
19596 -1.0073
19964 -1.0073
05005 -1.00729
08581 -1.00729
18767 -1.00729
03727 -1.00728
08525 -1.00728
10927 -1.00728
14843 -1.00728
19930 -1.00728
20895 -1.00728
03540 -1.00727
12221 -1.00727
13576 -1.00727
16151 -1.00727
19326 -1.00727
19425 -1.00727
21165 -1.00727
00263 -1.00726
03027 -1.00726
05186 -1.00726
05294 -1.00726
05352 -1.00726
08166 -1.00726
08262 -1.00726
12066 -1.00726
12072 -1.00726
17083 -1.00726
19915 -1.00726
20168 -1.00726
20748 -1.00726
21064 -1.00726
00955 -1.00725
00960 -1.00725
01353 -1.00725
03065 -1.00725
09734 -1.00725
10255 -1.00725
12150 -1.00725
01357 -1.00724
02995 -1.00724
07332 -1.00724
08314 -1.00724
13949 -1.00724
15211 -1.00724
17103 -1.00724
18455 -1.00724
04354 -1.00723
09689 -1.00723
12662 -1.00723
13148 -1.00723
17872 -1.00723
19289 -1.00723
21251 -1.00723
21357 -1.00723
00433 -1.00722
02227 -1.00722
07290 -1.00722
15453 -1.00722
18248 -1.00722
08526 -1.00721
11448 -1.00721
12554 -1.00721
14541 -1.00721
15270 -1.00721
15773 -1.00721
18422 -1.00721
00023 -1.0072
02887 -1.0072
04026 -1.0072
05127 -1.0072
07229 -1.0072
10546 -1.0072
12488 -1.0072
13533 -1.0072
14257 -1.0072
14852 -1.0072
15835 -1.0072
19874 -1.0072
01611 -1.00719
02653 -1.00719
04448 -1.00719
04508 -1.00719
05200 -1.00719
06867 -1.00719
09281 -1.00719
13278 -1.00719
18301 -1.00719
01726 -1.00718
13332 -1.00718
14749 -1.00718
15091 -1.00718
15639 -1.00718
16926 -1.00718
19191 -1.00718
20546 -1.00718
21349 -1.00718
00570 -1.00717
02060 -1.00717
02261 -1.00717
02533 -1.00717
03825 -1.00717
05375 -1.00717
05468 -1.00717
07683 -1.00717
08618 -1.00717
10703 -1.00717
15375 -1.00717
15452 -1.00717
16677 -1.00717
19581 -1.00717
10570 -1.00716
10996 -1.00716
12995 -1.00716
14813 -1.00716
18524 -1.00716
00300 -1.00715
01091 -1.00715
01316 -1.00715
02686 -1.00715
07617 -1.00715
13002 -1.00715
16986 -1.00715
07036 -1.00714
10552 -1.00714
17317 -1.00714
17507 -1.00714
20996 -1.00714
03284 -1.00713
05235 -1.00713
11368 -1.00713
14697 -1.00713
16454 -1.00713
16792 -1.00713
17099 -1.00713
18625 -1.00713
19508 -1.00713
09806 -1.00712
12189 -1.00712
17013 -1.00712
20304 -1.00712
00146 -1.00711
07605 -1.00711
08222 -1.00711
18003 -1.00711
20159 -1.00711
02307 -1.0071
03111 -1.0071
05405 -1.0071
11451 -1.0071
21422 -1.0071
04132 -1.00709
04136 -1.00709
05711 -1.00709
15844 -1.00709
16833 -1.00709
18146 -1.00709
00779 -1.00708
04620 -1.00708
05460 -1.00708
08205 -1.00708
10741 -1.00708
13640 -1.00708
15095 -1.00708
21312 -1.00708
04922 -1.00707
06849 -1.00707
07188 -1.00707
09211 -1.00707
12340 -1.00707
18532 -1.00707
20483 -1.00707
00396 -1.00706
02010 -1.00706
02166 -1.00706
06130 -1.00706
10323 -1.00706
13323 -1.00706
13420 -1.00706
00200 -1.00705
05761 -1.00705
09544 -1.00705
10057 -1.00705
10593 -1.00705
12317 -1.00705
12898 -1.00705
16171 -1.00705
16358 -1.00705
04174 -1.00704
05643 -1.00704
06123 -1.00704
10207 -1.00704
12616 -1.00704
18397 -1.00704
02251 -1.00703
04498 -1.00703
04743 -1.00703
05710 -1.00703
06998 -1.00703
09784 -1.00703
11985 -1.00703
13656 -1.00703
15492 -1.00703
17252 -1.00703
00419 -1.00702
04058 -1.00702
05965 -1.00702
10313 -1.00702
12750 -1.00702
15604 -1.00702
17407 -1.00702
00180 -1.00701
01213 -1.00701
02316 -1.00701
07043 -1.00701
08392 -1.00701
08621 -1.00701
08664 -1.00701
10071 -1.00701
12682 -1.00701
15239 -1.00701
15435 -1.00701
16277 -1.00701
20279 -1.00701
01777 -1.007
02409 -1.007
02906 -1.007
15789 -1.007
04771 -1.00699
04830 -1.00699
08095 -1.00699
11768 -1.00699
12013 -1.00699
13908 -1.00699
16608 -1.00699
17280 -1.00699
00144 -1.00698
09355 -1.00698
10209 -1.00698
14225 -1.00698
14408 -1.00698
17612 -1.00698
18621 -1.00698
01637 -1.00697
05059 -1.00697
07687 -1.00697
09336 -1.00697
09679 -1.00697
16600 -1.00697
20564 -1.00697
21242 -1.00697
00095 -1.00696
00364 -1.00696
01404 -1.00696
02641 -1.00696
04821 -1.00696
07425 -1.00696
08769 -1.00696
15587 -1.00696
17382 -1.00696
20520 -1.00696
00347 -1.00695
06770 -1.00695
07551 -1.00695
08060 -1.00695
16168 -1.00695
18530 -1.00695
19886 -1.00695
20751 -1.00695
02774 -1.00694
04692 -1.00694
05888 -1.00694
06225 -1.00694
08310 -1.00694
09052 -1.00694
11891 -1.00694
19050 -1.00694
20684 -1.00694
00236 -1.00693
04346 -1.00693
05010 -1.00693
06283 -1.00693
06386 -1.00693
09154 -1.00693
09848 -1.00693
11058 -1.00693
12146 -1.00693
13486 -1.00693
21309 -1.00693
02341 -1.00692
03002 -1.00692
04409 -1.00692
05498 -1.00692
06203 -1.00692
06926 -1.00692
07321 -1.00692
08444 -1.00692
09458 -1.00692
10072 -1.00692
11682 -1.00692
13738 -1.00692
15805 -1.00692
15967 -1.00692
19322 -1.00692
01674 -1.00691
04290 -1.00691
05808 -1.00691
08691 -1.00691
09310 -1.00691
12511 -1.00691
18650 -1.00691
19211 -1.00691
19548 -1.00691
20634 -1.00691
01367 -1.0069
01562 -1.0069
11261 -1.0069
12044 -1.0069
14370 -1.0069
15454 -1.0069
15840 -1.0069
17761 -1.0069
17906 -1.0069
20122 -1.0069
21491 -1.0069
01152 -1.00689
02470 -1.00689
05201 -1.00689
11715 -1.00689
12389 -1.00689
00359 -1.00688
02197 -1.00688
03188 -1.00688
03214 -1.00688
03884 -1.00688
04017 -1.00688
06653 -1.00688
08652 -1.00688
09673 -1.00688
10311 -1.00688
15364 -1.00688
17961 -1.00688
19000 -1.00688
19682 -1.00688
20510 -1.00688
02132 -1.00687
02554 -1.00687
06962 -1.00687
08512 -1.00687
11639 -1.00687
11776 -1.00687
11950 -1.00687
13350 -1.00687
17750 -1.00687
00230 -1.00686
00240 -1.00686
02735 -1.00686
04891 -1.00686
10384 -1.00686
10406 -1.00686
11498 -1.00686
14982 -1.00686
15413 -1.00686
15498 -1.00686
19120 -1.00686
04037 -1.00685
04126 -1.00685
04556 -1.00685
06471 -1.00685
07255 -1.00685
09590 -1.00685
16336 -1.00685
17933 -1.00685
04093 -1.00684
05233 -1.00684
09549 -1.00684
11493 -1.00684
12409 -1.00684
13348 -1.00684
16177 -1.00684
17460 -1.00684
03514 -1.00683
07410 -1.00683
07659 -1.00683
08449 -1.00683
13650 -1.00683
16072 -1.00683
17203 -1.00683
17956 -1.00683
19028 -1.00683
08632 -1.00682
11428 -1.00682
13252 -1.00682
15324 -1.00682
15690 -1.00682
16097 -1.00682
02918 -1.00681
02931 -1.00681
03056 -1.00681
06052 -1.00681
10548 -1.00681
10818 -1.00681
10836 -1.00681
12144 -1.00681
13610 -1.00681
17195 -1.00681
20332 -1.00681
03312 -1.0068
08180 -1.0068
11299 -1.0068
13554 -1.0068
14669 -1.0068
15451 -1.0068
16280 -1.0068
16864 -1.0068
17414 -1.0068
20486 -1.0068
13039 -1.00679
14811 -1.00679
17771 -1.00679
19333 -1.00679
04772 -1.00678
05384 -1.00678
08541 -1.00678
09521 -1.00678
10765 -1.00678
16158 -1.00678
18182 -1.00678
00389 -1.00677
04246 -1.00677
05104 -1.00677
05364 -1.00677
05511 -1.00677
06576 -1.00677
08315 -1.00677
10589 -1.00677
20048 -1.00677
20513 -1.00677
20517 -1.00677
01136 -1.00676
01578 -1.00676
02797 -1.00676
06831 -1.00676
07304 -1.00676
09731 -1.00676
10382 -1.00676
11198 -1.00676
11497 -1.00676
12337 -1.00676
13135 -1.00676
17915 -1.00676
18542 -1.00676
02246 -1.00675
02579 -1.00675
03242 -1.00675
04642 -1.00675
05982 -1.00675
08870 -1.00675
09706 -1.00675
14928 -1.00675
16649 -1.00675
16774 -1.00675
17839 -1.00675
18403 -1.00675
18961 -1.00675
19858 -1.00675
21572 -1.00675
00837 -1.00674
04710 -1.00674
04863 -1.00674
07463 -1.00674
08634 -1.00674
08932 -1.00674
08982 -1.00674
09640 -1.00674
11202 -1.00674
16607 -1.00674
17976 -1.00674
19409 -1.00674
00179 -1.00673
00334 -1.00673
00715 -1.00673
05170 -1.00673
06418 -1.00673
07259 -1.00673
07339 -1.00673
07493 -1.00673
08438 -1.00673
08974 -1.00673
10208 -1.00673
15417 -1.00673
19948 -1.00673
02024 -1.00672
02287 -1.00672
05178 -1.00672
07056 -1.00672
14849 -1.00672
18781 -1.00672
19091 -1.00672
21234 -1.00672
00916 -1.00671
04205 -1.00671
04691 -1.00671
05273 -1.00671
07175 -1.00671
08990 -1.00671
09493 -1.00671
10168 -1.00671
14890 -1.00671
20307 -1.00671
21015 -1.00671
00896 -1.0067
03483 -1.0067
04528 -1.0067
05712 -1.0067
12639 -1.0067
13073 -1.0067
13203 -1.0067
13592 -1.0067
15683 -1.0067
15926 -1.0067
16264 -1.0067
16787 -1.0067
19588 -1.0067
20782 -1.0067
01109 -1.00669
02738 -1.00669
03446 -1.00669
03815 -1.00669
04014 -1.00669
04100 -1.00669
07547 -1.00669
09462 -1.00669
09736 -1.00669
10959 -1.00669
18076 -1.00669
19357 -1.00669
19511 -1.00669
20339 -1.00669
00950 -1.00668
01579 -1.00668
04185 -1.00668
04297 -1.00668
05623 -1.00668
06447 -1.00668
07669 -1.00668
10429 -1.00668
13079 -1.00668
15108 -1.00668
16445 -1.00668
17119 -1.00668
20127 -1.00668
03971 -1.00667
04951 -1.00667
05800 -1.00667
07870 -1.00667
08221 -1.00667
10486 -1.00667
13637 -1.00667
14691 -1.00667
14868 -1.00667
14901 -1.00667
15677 -1.00667
18531 -1.00667
00577 -1.00666
04625 -1.00666
04727 -1.00666
05167 -1.00666
09403 -1.00666
10176 -1.00666
10592 -1.00666
12160 -1.00666
12305 -1.00666
13010 -1.00666
14310 -1.00666
14836 -1.00666
15110 -1.00666
16434 -1.00666
18828 -1.00666
19440 -1.00666
19722 -1.00666
19897 -1.00666
02121 -1.00665
02601 -1.00665
03664 -1.00665
07263 -1.00665
11220 -1.00665
11400 -1.00665
12676 -1.00665
14773 -1.00665
20861 -1.00665
21244 -1.00665
01634 -1.00664
05018 -1.00664
05336 -1.00664
05570 -1.00664
05585 -1.00664
06451 -1.00664
07167 -1.00664
12780 -1.00664
14609 -1.00664
18026 -1.00664
19475 -1.00664
10689 -1.00663
10771 -1.00663
17874 -1.00663
19241 -1.00663
00740 -1.00662
02375 -1.00662
10306 -1.00662
11505 -1.00662
13244 -1.00662
13281 -1.00662
17917 -1.00662
17945 -1.00662
03524 -1.00661
04107 -1.00661
04202 -1.00661
09582 -1.00661
11904 -1.00661
14616 -1.00661
15349 -1.00661
18045 -1.00661
19455 -1.00661
19527 -1.00661
00768 -1.0066
00774 -1.0066
05772 -1.0066
07834 -1.0066
08799 -1.0066
08961 -1.0066
09535 -1.0066
11084 -1.0066
14088 -1.0066
16625 -1.0066
16998 -1.0066
20535 -1.0066
01724 -1.00659
03137 -1.00659
10973 -1.00659
15094 -1.00659
15617 -1.00659
18491 -1.00659
18541 -1.00659
18825 -1.00659
20614 -1.00659
02805 -1.00658
03903 -1.00658
04733 -1.00658
08929 -1.00658
10925 -1.00658
12799 -1.00658
14217 -1.00658
14635 -1.00658
16589 -1.00658
03463 -1.00657
07308 -1.00657
12811 -1.00657
18131 -1.00657
20120 -1.00657
01181 -1.00656
04865 -1.00656
05471 -1.00656
06217 -1.00656
06586 -1.00656
07227 -1.00656
07424 -1.00656
10642 -1.00656
17623 -1.00656
00910 -1.00655
00967 -1.00655
01532 -1.00655
04777 -1.00655
07673 -1.00655
08585 -1.00655
09139 -1.00655
10254 -1.00655
15194 -1.00655
17034 -1.00655
17812 -1.00655
01524 -1.00654
03336 -1.00654
03751 -1.00654
04744 -1.00654
04989 -1.00654
05356 -1.00654
05848 -1.00654
08689 -1.00654
09599 -1.00654
10281 -1.00654
10293 -1.00654
12059 -1.00654
19504 -1.00654
00237 -1.00653
00640 -1.00653
01112 -1.00653
01369 -1.00653
04304 -1.00653
11388 -1.00653
12600 -1.00653
13854 -1.00653
15014 -1.00653
16203 -1.00653
16291 -1.00653
17212 -1.00653
17815 -1.00653
20062 -1.00653
20277 -1.00653
20533 -1.00653
21327 -1.00653
00232 -1.00652
01036 -1.00652
01902 -1.00652
02840 -1.00652
03537 -1.00652
06141 -1.00652
06396 -1.00652
09931 -1.00652
11830 -1.00652
11874 -1.00652
13241 -1.00652
16951 -1.00652
17861 -1.00652
18526 -1.00652
19478 -1.00652
20255 -1.00652
05376 -1.00651
09393 -1.00651
11743 -1.00651
12261 -1.00651
12642 -1.00651
13692 -1.00651
01314 -1.0065
02822 -1.0065
07038 -1.0065
08653 -1.0065
11592 -1.0065
13966 -1.0065
17426 -1.0065
17923 -1.0065
18018 -1.0065
18536 -1.0065
20005 -1.0065
02973 -1.00649
02988 -1.00649
03860 -1.00649
04603 -1.00649
09350 -1.00649
10725 -1.00649
10779 -1.00649
12284 -1.00649
13493 -1.00649
16119 -1.00649
17000 -1.00649
17207 -1.00649
17217 -1.00649
17271 -1.00649
17714 -1.00649
18796 -1.00649
18801 -1.00649
20349 -1.00649
20663 -1.00649
02301 -1.00648
05220 -1.00648
06201 -1.00648
07422 -1.00648
16233 -1.00648
16363 -1.00648
16939 -1.00648
17339 -1.00648
17551 -1.00648
20864 -1.00648
01739 -1.00647
02081 -1.00647
03516 -1.00647
04071 -1.00647
07650 -1.00647
09547 -1.00647
15571 -1.00647
18278 -1.00647
03175 -1.00646
07635 -1.00646
08791 -1.00646
11492 -1.00646
14984 -1.00646
15421 -1.00646
17140 -1.00646
18942 -1.00646
19787 -1.00646
03230 -1.00645
03261 -1.00645
03904 -1.00645
08506 -1.00645
10556 -1.00645
12042 -1.00645
12714 -1.00645
12875 -1.00645
15615 -1.00645
16114 -1.00645
16793 -1.00645
17374 -1.00645
17877 -1.00645
18009 -1.00645
18186 -1.00645
18353 -1.00645
19958 -1.00645
01059 -1.00644
02115 -1.00644
02442 -1.00644
02991 -1.00644
03048 -1.00644
07829 -1.00644
09714 -1.00644
09796 -1.00644
11660 -1.00644
16262 -1.00644
18084 -1.00644
21125 -1.00644
00311 -1.00643
00625 -1.00643
02776 -1.00643
04672 -1.00643
06469 -1.00643
06874 -1.00643
08784 -1.00643
09150 -1.00643
09583 -1.00643
10123 -1.00643
10512 -1.00643
11739 -1.00643
13551 -1.00643
18891 -1.00643
20576 -1.00643
20865 -1.00643
00009 -1.00642
01366 -1.00642
01926 -1.00642
02354 -1.00642
03024 -1.00642
05163 -1.00642
07356 -1.00642
11734 -1.00642
17840 -1.00642
19351 -1.00642
00678 -1.00641
00891 -1.00641
01706 -1.00641
05765 -1.00641
06091 -1.00641
07717 -1.00641
12544 -1.00641
13643 -1.00641
14574 -1.00641
21344 -1.00641
00181 -1.0064
00591 -1.0064
01388 -1.0064
01808 -1.0064
01996 -1.0064
05939 -1.0064
06257 -1.0064
08004 -1.0064
08534 -1.0064
09049 -1.0064
13454 -1.0064
14575 -1.0064
16170 -1.0064
16904 -1.0064
17905 -1.0064
19509 -1.0064
04277 -1.00639
04946 -1.00639
07807 -1.00639
14999 -1.00639
16094 -1.00639
16357 -1.00639
16914 -1.00639
18877 -1.00639
19064 -1.00639
20354 -1.00639
02780 -1.00638
05295 -1.00638
06890 -1.00638
08986 -1.00638
09769 -1.00638
10501 -1.00638
10830 -1.00638
11008 -1.00638
12244 -1.00638
14927 -1.00638
15143 -1.00638
15940 -1.00638
19551 -1.00638
20419 -1.00638
20924 -1.00638
21175 -1.00638
00045 -1.00637
02839 -1.00637
03587 -1.00637
07568 -1.00637
08027 -1.00637
09454 -1.00637
10266 -1.00637
10353 -1.00637
11285 -1.00637
12370 -1.00637
13659 -1.00637
14352 -1.00637
16643 -1.00637
17405 -1.00637
18144 -1.00637
19127 -1.00637
19306 -1.00637
19417 -1.00637
20811 -1.00637
06073 -1.00636
07319 -1.00636
11273 -1.00636
13871 -1.00636
15166 -1.00636
16626 -1.00636
19954 -1.00636
20280 -1.00636
00921 -1.00635
03380 -1.00635
05777 -1.00635
08707 -1.00635
10462 -1.00635
12942 -1.00635
13081 -1.00635
13246 -1.00635
14056 -1.00635
16527 -1.00635
04792 -1.00634
06377 -1.00634
06393 -1.00634
11663 -1.00634
15482 -1.00634
17572 -1.00634
19157 -1.00634
19876 -1.00634
20569 -1.00634
00350 -1.00633
01080 -1.00633
04988 -1.00633
05051 -1.00633
05817 -1.00633
06014 -1.00633
06366 -1.00633
08587 -1.00633
08881 -1.00633
10118 -1.00633
15674 -1.00633
18262 -1.00633
20937 -1.00633
00435 -1.00632
00704 -1.00632
03112 -1.00632
04229 -1.00632
05615 -1.00632
10815 -1.00632
13453 -1.00632
13636 -1.00632
19039 -1.00632
03394 -1.00631
04186 -1.00631
04884 -1.00631
05190 -1.00631
05632 -1.00631
08837 -1.00631
08988 -1.00631
09485 -1.00631
10107 -1.00631
10923 -1.00631
13143 -1.00631
16343 -1.00631
03258 -1.0063
04491 -1.0063
09656 -1.0063
17043 -1.0063
19301 -1.0063
00011 -1.00629
01935 -1.00629
02194 -1.00629
02242 -1.00629
02362 -1.00629
05098 -1.00629
05377 -1.00629
05489 -1.00629
05948 -1.00629
08852 -1.00629
09061 -1.00629
09255 -1.00629
11332 -1.00629
15150 -1.00629
17018 -1.00629
18252 -1.00629
18272 -1.00629
02069 -1.00628
07050 -1.00628
08090 -1.00628
08107 -1.00628
08187 -1.00628
13662 -1.00628
14897 -1.00628
15976 -1.00628
19761 -1.00628
20387 -1.00628
00926 -1.00627
00942 -1.00627
04468 -1.00627
05458 -1.00627
05484 -1.00627
07071 -1.00627
07950 -1.00627
08041 -1.00627
10228 -1.00627
12447 -1.00627
13102 -1.00627
14100 -1.00627
14262 -1.00627
20275 -1.00627
21025 -1.00627
00247 -1.00626
04484 -1.00626
06949 -1.00626
08120 -1.00626
08962 -1.00626
09110 -1.00626
15468 -1.00626
17625 -1.00626
19015 -1.00626
01132 -1.00625
02402 -1.00625
02664 -1.00625
03099 -1.00625
03682 -1.00625
06238 -1.00625
07412 -1.00625
07915 -1.00625
09767 -1.00625
15813 -1.00625
17928 -1.00625
19841 -1.00625
20222 -1.00625
02534 -1.00624
02702 -1.00624
03745 -1.00624
08023 -1.00624
09246 -1.00624
11029 -1.00624
12654 -1.00624
12726 -1.00624
21017 -1.00624
00342 -1.00623
01846 -1.00623
02337 -1.00623
02423 -1.00623
03543 -1.00623
04332 -1.00623
05403 -1.00623
09530 -1.00623
09928 -1.00623
12250 -1.00623
19597 -1.00623
03263 -1.00622
04611 -1.00622
07538 -1.00622
08225 -1.00622
09392 -1.00622
10097 -1.00622
11784 -1.00622
16307 -1.00622
20900 -1.00622
21319 -1.00622
00092 -1.00621
00109 -1.00621
02465 -1.00621
04273 -1.00621
09526 -1.00621
09593 -1.00621
11977 -1.00621
15994 -1.00621
16684 -1.00621
18471 -1.00621
19107 -1.00621
19979 -1.00621
21124 -1.00621
03192 -1.0062
03578 -1.0062
04515 -1.0062
06428 -1.0062
06481 -1.0062
06929 -1.0062
07419 -1.0062
07971 -1.0062
09298 -1.0062
10153 -1.0062
10349 -1.0062
10827 -1.0062
16452 -1.0062
16768 -1.0062
18635 -1.0062
18688 -1.0062
02818 -1.00619
02884 -1.00619
03161 -1.00619
03942 -1.00619
06453 -1.00619
10974 -1.00619
12829 -1.00619
12990 -1.00619
14073 -1.00619
14397 -1.00619
16700 -1.00619
19221 -1.00619
20786 -1.00619
04005 -1.00618
10693 -1.00618
13298 -1.00618
14238 -1.00618
14826 -1.00618
15576 -1.00618
16198 -1.00618
17876 -1.00618
17886 -1.00618
17934 -1.00618
17965 -1.00618
19066 -1.00618
20199 -1.00618
21109 -1.00618
00860 -1.00617
01424 -1.00617
02279 -1.00617
02318 -1.00617
03493 -1.00617
06376 -1.00617
13890 -1.00617
16414 -1.00617
20059 -1.00617
00494 -1.00616
00672 -1.00616
04676 -1.00616
05320 -1.00616
05787 -1.00616
06086 -1.00616
07032 -1.00616
09861 -1.00616
10361 -1.00616
11686 -1.00616
12209 -1.00616
12824 -1.00616
14403 -1.00616
14560 -1.00616
17630 -1.00616
17824 -1.00616
19828 -1.00616
21103 -1.00616
01283 -1.00615
01540 -1.00615
11213 -1.00615
12537 -1.00615
14937 -1.00615
16346 -1.00615
17016 -1.00615
17416 -1.00615
19738 -1.00615
02460 -1.00614
05349 -1.00614
06165 -1.00614
08600 -1.00614
12423 -1.00614
13932 -1.00614
15438 -1.00614
17009 -1.00614
18512 -1.00614
20907 -1.00614
02234 -1.00613
02269 -1.00613
03269 -1.00613
04910 -1.00613
07649 -1.00613
08248 -1.00613
08548 -1.00613
09063 -1.00613
10271 -1.00613
11015 -1.00613
12416 -1.00613
14109 -1.00613
14889 -1.00613
15074 -1.00613
15172 -1.00613
16240 -1.00613
16894 -1.00613
17914 -1.00613
21403 -1.00613
00273 -1.00612
02117 -1.00612
03536 -1.00612
03797 -1.00612
03908 -1.00612
05890 -1.00612
06139 -1.00612
06363 -1.00612
06541 -1.00612
08853 -1.00612
12135 -1.00612
12440 -1.00612
12612 -1.00612
13964 -1.00612
16723 -1.00612
19497 -1.00612
00979 -1.00611
06215 -1.00611
06748 -1.00611
12673 -1.00611
17170 -1.00611
19586 -1.00611
19648 -1.00611
20136 -1.00611
00013 -1.0061
03093 -1.0061
04553 -1.0061
07444 -1.0061
07767 -1.0061
08861 -1.0061
11237 -1.0061
13621 -1.0061
14602 -1.0061
16228 -1.0061
16332 -1.0061
17206 -1.0061
17557 -1.0061
18091 -1.0061
18224 -1.0061
20487 -1.0061
00480 -1.00609
03019 -1.00609
07941 -1.00609
09793 -1.00609
12318 -1.00609
17993 -1.00609
18265 -1.00609
20227 -1.00609
03486 -1.00608
05690 -1.00608
06726 -1.00608
07222 -1.00608
07552 -1.00608
07712 -1.00608
11074 -1.00608
11535 -1.00608
14208 -1.00608
14430 -1.00608
15055 -1.00608
17453 -1.00608
18614 -1.00608
20345 -1.00608
20789 -1.00608
01616 -1.00607
02803 -1.00607
03935 -1.00607
05394 -1.00607
06182 -1.00607
07644 -1.00607
09029 -1.00607
14776 -1.00607
16613 -1.00607
21418 -1.00607
00706 -1.00606
03563 -1.00606
03913 -1.00606
04539 -1.00606
07221 -1.00606
07739 -1.00606
09650 -1.00606
10358 -1.00606
11148 -1.00606
14687 -1.00606
15539 -1.00606
15733 -1.00606
19181 -1.00606
19377 -1.00606
20897 -1.00606
20928 -1.00606
21201 -1.00606
00278 -1.00605
00325 -1.00605
01373 -1.00605
04315 -1.00605
04375 -1.00605
07791 -1.00605
09086 -1.00605
09506 -1.00605
10222 -1.00605
13051 -1.00605
15264 -1.00605
15585 -1.00605
16354 -1.00605
16481 -1.00605
16685 -1.00605
17895 -1.00605
17947 -1.00605
18420 -1.00605
19041 -1.00605
19266 -1.00605
19869 -1.00605
20362 -1.00605
01525 -1.00604
05370 -1.00604
06213 -1.00604
06523 -1.00604
07102 -1.00604
10870 -1.00604
12122 -1.00604
12418 -1.00604
12730 -1.00604
12837 -1.00604
13053 -1.00604
14374 -1.00604
16516 -1.00604
18712 -1.00604
00242 -1.00603
03249 -1.00603
07525 -1.00603
09055 -1.00603
09581 -1.00603
10643 -1.00603
11650 -1.00603
13137 -1.00603
21468 -1.00603
03320 -1.00602
03551 -1.00602
17964 -1.00602
20504 -1.00602
20885 -1.00602
21212 -1.00602
01227 -1.00601
01362 -1.00601
02212 -1.00601
02514 -1.00601
05750 -1.00601
07914 -1.00601
08218 -1.00601
08252 -1.00601
09871 -1.00601
11158 -1.00601
12772 -1.00601
12773 -1.00601
12981 -1.00601
17616 -1.00601
21204 -1.00601
21457 -1.00601
21557 -1.00601
00337 -1.006
00549 -1.006
00718 -1.006
01257 -1.006
02751 -1.006
02757 -1.006
03984 -1.006
05327 -1.006
07597 -1.006
19593 -1.006
20259 -1.006
21304 -1.006
21442 -1.006
04271 -1.00599
04953 -1.00599
05544 -1.00599
05824 -1.00599
05855 -1.00599
07857 -1.00599
08384 -1.00599
14802 -1.00599
15565 -1.00599
15824 -1.00599
00420 -1.00598
03402 -1.00598
04372 -1.00598
04405 -1.00598
05013 -1.00598
05296 -1.00598
05706 -1.00598
06297 -1.00598
08200 -1.00598
09797 -1.00598
12846 -1.00598
15213 -1.00598
17410 -1.00598
19510 -1.00598
19562 -1.00598
19728 -1.00598
20379 -1.00598
00458 -1.00597
04364 -1.00597
06720 -1.00597
06779 -1.00597
08994 -1.00597
09203 -1.00597
09319 -1.00597
11106 -1.00597
12653 -1.00597
12756 -1.00597
15256 -1.00597
16574 -1.00597
17819 -1.00597
18786 -1.00597
19348 -1.00597
20198 -1.00597
20417 -1.00597
02461 -1.00596
04747 -1.00596
07762 -1.00596
08563 -1.00596
09691 -1.00596
11386 -1.00596
11949 -1.00596
19083 -1.00596
20020 -1.00596
04535 -1.00595
09833 -1.00595
11102 -1.00595
11722 -1.00595
12842 -1.00595
13777 -1.00595
13797 -1.00595
16013 -1.00595
17862 -1.00595
17932 -1.00595
18355 -1.00595
19987 -1.00595
01427 -1.00594
02937 -1.00594
05542 -1.00594
06875 -1.00594
11375 -1.00594
12925 -1.00594
13719 -1.00594
14475 -1.00594
14874 -1.00594
15100 -1.00594
16309 -1.00594
16514 -1.00594
19184 -1.00594
00856 -1.00593
01498 -1.00593
01895 -1.00593
03693 -1.00593
08441 -1.00593
08838 -1.00593
09639 -1.00593
12508 -1.00593
14594 -1.00593
16964 -1.00593
17242 -1.00593
21428 -1.00593
04701 -1.00592
04960 -1.00592
05250 -1.00592
05427 -1.00592
07287 -1.00592
09746 -1.00592
09969 -1.00592
12597 -1.00592
15089 -1.00592
17863 -1.00592
01959 -1.00591
05442 -1.00591
06803 -1.00591
10695 -1.00591
10980 -1.00591
11914 -1.00591
14943 -1.00591
15333 -1.00591
15372 -1.00591
18408 -1.00591
20633 -1.00591
21221 -1.00591
21302 -1.00591
03205 -1.0059
08075 -1.0059
09511 -1.0059
09687 -1.0059
10130 -1.0059
11697 -1.0059
12033 -1.0059
14629 -1.0059
15423 -1.0059
16418 -1.0059
19040 -1.0059
19413 -1.0059
19608 -1.0059
19610 -1.0059
20218 -1.0059
20766 -1.0059
00037 -1.00589
01771 -1.00589
02057 -1.00589
03850 -1.00589
04626 -1.00589
06156 -1.00589
06198 -1.00589
06324 -1.00589
06445 -1.00589
08201 -1.00589
08239 -1.00589
11423 -1.00589
12060 -1.00589
14452 -1.00589
16169 -1.00589
02709 -1.00588
03645 -1.00588
06181 -1.00588
07103 -1.00588
09127 -1.00588
09534 -1.00588
13569 -1.00588
14280 -1.00588
15253 -1.00588
15821 -1.00588
17070 -1.00588
01786 -1.00587
01825 -1.00587
03585 -1.00587
08010 -1.00587
08854 -1.00587
09788 -1.00587
11777 -1.00587
12159 -1.00587
15888 -1.00587
16430 -1.00587
16631 -1.00587
17353 -1.00587
18036 -1.00587
19624 -1.00587
19949 -1.00587
20129 -1.00587
20211 -1.00587
21268 -1.00587
21537 -1.00587
00065 -1.00586
01074 -1.00586
01307 -1.00586
01414 -1.00586
01472 -1.00586
01582 -1.00586
02045 -1.00586
02992 -1.00586
03390 -1.00586
05085 -1.00586
05256 -1.00586
05552 -1.00586
06258 -1.00586
09004 -1.00586
15552 -1.00586
16238 -1.00586
17584 -1.00586
19144 -1.00586
20033 -1.00586
20359 -1.00586
20883 -1.00586
21332 -1.00586
00393 -1.00585
01261 -1.00585
04337 -1.00585
04370 -1.00585
05789 -1.00585
07977 -1.00585
09996 -1.00585
14883 -1.00585
15336 -1.00585
16713 -1.00585
16996 -1.00585
17389 -1.00585
18193 -1.00585
01944 -1.00584
02574 -1.00584
03564 -1.00584
05486 -1.00584
06850 -1.00584
07012 -1.00584
07313 -1.00584
07792 -1.00584
08076 -1.00584
09795 -1.00584
12071 -1.00584
12858 -1.00584
14857 -1.00584
14971 -1.00584
15937 -1.00584
16301 -1.00584
17296 -1.00584
18141 -1.00584
18665 -1.00584
19952 -1.00584
20814 -1.00584
21566 -1.00584
01513 -1.00583
01999 -1.00583
04373 -1.00583
08505 -1.00583
10906 -1.00583
11094 -1.00583
12480 -1.00583
14155 -1.00583
17100 -1.00583
01535 -1.00582
04029 -1.00582
04072 -1.00582
04113 -1.00582
04221 -1.00582
04901 -1.00582
05447 -1.00582
06907 -1.00582
09005 -1.00582
09574 -1.00582
09854 -1.00582
10144 -1.00582
11144 -1.00582
11649 -1.00582
12178 -1.00582
13982 -1.00582
15887 -1.00582
16154 -1.00582
17519 -1.00582
20528 -1.00582
20965 -1.00582
02055 -1.00581
03768 -1.00581
03981 -1.00581
04233 -1.00581
05472 -1.00581
06108 -1.00581
06628 -1.00581
08719 -1.00581
09552 -1.00581
09907 -1.00581
11118 -1.00581
12452 -1.00581
16399 -1.00581
16610 -1.00581
19020 -1.00581
19239 -1.00581
20999 -1.00581
21525 -1.00581
00137 -1.0058
01188 -1.0058
02859 -1.0058
03012 -1.0058
03502 -1.0058
03670 -1.0058
07566 -1.0058
09002 -1.0058
10597 -1.0058
10904 -1.0058
11581 -1.0058
12771 -1.0058
13746 -1.0058
16391 -1.0058
16960 -1.0058
18776 -1.0058
19681 -1.0058
20154 -1.0058
20413 -1.0058
20750 -1.0058
20770 -1.0058
02176 -1.00579
02466 -1.00579
04532 -1.00579
04909 -1.00579
05602 -1.00579
05841 -1.00579
06234 -1.00579
06466 -1.00579
06584 -1.00579
06806 -1.00579
07426 -1.00579
07876 -1.00579
08967 -1.00579
09048 -1.00579
10049 -1.00579
10177 -1.00579
10810 -1.00579
11044 -1.00579
11631 -1.00579
12466 -1.00579
13283 -1.00579
13571 -1.00579
15359 -1.00579
16851 -1.00579
16970 -1.00579
17181 -1.00579
18253 -1.00579
18973 -1.00579
19618 -1.00579
19815 -1.00579
20475 -1.00579
00358 -1.00578
02035 -1.00578
02916 -1.00578
04210 -1.00578
05541 -1.00578
05567 -1.00578
07753 -1.00578
08723 -1.00578
11946 -1.00578
11988 -1.00578
13112 -1.00578
13222 -1.00578
13517 -1.00578
15916 -1.00578
18510 -1.00578
19547 -1.00578
21362 -1.00578
00853 -1.00577
00988 -1.00577
01244 -1.00577
01453 -1.00577
01560 -1.00577
01877 -1.00577
03283 -1.00577
04111 -1.00577
07437 -1.00577
07973 -1.00577
11007 -1.00577
14566 -1.00577
17014 -1.00577
17621 -1.00577
18924 -1.00577
20144 -1.00577
20650 -1.00577
21550 -1.00577
00145 -1.00576
08179 -1.00576
08882 -1.00576
10398 -1.00576
10568 -1.00576
11195 -1.00576
11244 -1.00576
12664 -1.00576
15012 -1.00576
16612 -1.00576
18199 -1.00576
18206 -1.00576
18213 -1.00576
19155 -1.00576
20998 -1.00576
21533 -1.00576
00986 -1.00575
01005 -1.00575
02568 -1.00575
04220 -1.00575
04293 -1.00575
09554 -1.00575
09817 -1.00575
10732 -1.00575
10764 -1.00575
12477 -1.00575
15622 -1.00575
21135 -1.00575
00724 -1.00574
01625 -1.00574
02468 -1.00574
04608 -1.00574
04871 -1.00574
05071 -1.00574
07022 -1.00574
07838 -1.00574
08855 -1.00574
09470 -1.00574
09818 -1.00574
10395 -1.00574
11033 -1.00574
12644 -1.00574
14183 -1.00574
14880 -1.00574
15011 -1.00574
15250 -1.00574
15515 -1.00574
15557 -1.00574
17398 -1.00574
17675 -1.00574
17716 -1.00574
18050 -1.00574
19540 -1.00574
20265 -1.00574
00077 -1.00573
02502 -1.00573
02870 -1.00573
04669 -1.00573
04704 -1.00573
05739 -1.00573
06433 -1.00573
08671 -1.00573
09114 -1.00573
13068 -1.00573
16747 -1.00573
16759 -1.00573
16916 -1.00573
19950 -1.00573
21116 -1.00573
01491 -1.00572
02623 -1.00572
09914 -1.00572
10276 -1.00572
12806 -1.00572
13683 -1.00572
15233 -1.00572
15586 -1.00572
17258 -1.00572
00613 -1.00571
02014 -1.00571
02801 -1.00571
02856 -1.00571
06288 -1.00571
06869 -1.00571
08163 -1.00571
11323 -1.00571
11569 -1.00571
11797 -1.00571
12180 -1.00571
12624 -1.00571
12817 -1.00571
13565 -1.00571
13750 -1.00571
14191 -1.00571
14244 -1.00571
15090 -1.00571
16517 -1.00571
16817 -1.00571
18214 -1.00571
20001 -1.00571
20862 -1.00571
00329 -1.0057
00859 -1.0057
00874 -1.0057
01435 -1.0057
01689 -1.0057
03006 -1.0057
06309 -1.0057
07107 -1.0057
08899 -1.0057
09727 -1.0057
12709 -1.0057
17418 -1.0057
17779 -1.0057
18535 -1.0057
20767 -1.0057
01884 -1.00569
03847 -1.00569
04856 -1.00569
05253 -1.00569
10368 -1.00569
11365 -1.00569
11810 -1.00569
12765 -1.00569
14612 -1.00569
16856 -1.00569
17503 -1.00569
18461 -1.00569
20273 -1.00569
20309 -1.00569
00390 -1.00568
00974 -1.00568
04016 -1.00568
05467 -1.00568
06365 -1.00568
09121 -1.00568
10893 -1.00568
17329 -1.00568
21078 -1.00568
21424 -1.00568
21471 -1.00568
00357 -1.00567
03705 -1.00567
08168 -1.00567
16408 -1.00567
16995 -1.00567
20735 -1.00567
20969 -1.00567
21421 -1.00567
01940 -1.00566
04932 -1.00566
05315 -1.00566
07106 -1.00566
07536 -1.00566
07630 -1.00566
08044 -1.00566
12176 -1.00566
12407 -1.00566
14666 -1.00566
19626 -1.00566
20396 -1.00566
20630 -1.00566
20687 -1.00566
00485 -1.00565
01299 -1.00565
02412 -1.00565
03468 -1.00565
04098 -1.00565
04494 -1.00565
05675 -1.00565
07007 -1.00565
10690 -1.00565
11346 -1.00565
14611 -1.00565
18023 -1.00565
07377 -1.00564
08976 -1.00564
10091 -1.00564
14589 -1.00564
04824 -1.00563
17327 -1.00563
19105 -1.00563
20664 -1.00563
06254 -1.00562
21055 -1.00562
01047 -1.00561
05920 -1.00561
11336 -1.00561
15286 -1.00561
15389 -1.00561
04656 -1.0056
