14230 -1.01353
05311 -1.01288
06463 -1.01287
05214 -1.01277
21347 -1.01277
08320 -1.01274
14748 -1.01268
18726 -1.01267
05290 -1.01221
16216 -1.01201
08328 -1.01197
02979 -1.01189
09733 -1.01189
05176 -1.01187
08561 -1.01183
06635 -1.01179
05258 -1.01174
13179 -1.01168
07213 -1.01167
11016 -1.01165
16727 -1.01162
18287 -1.01156
00372 -1.01152
03298 -1.01148
11781 -1.01144
12848 -1.01141
03488 -1.01133
15549 -1.01123
13629 -1.01113
03344 -1.0111
10455 -1.0111
13564 -1.01107
21068 -1.01107
01919 -1.011
12277 -1.01098
07366 -1.01096
02521 -1.0109
05070 -1.0109
16128 -1.0109
09283 -1.01088
09382 -1.01088
20500 -1.01088
13322 -1.01084
05318 -1.01083
08137 -1.01083
17396 -1.01083
18086 -1.01081
10054 -1.01073
15470 -1.01073
14357 -1.01072
16599 -1.0107
00714 -1.01069
18714 -1.01067
17023 -1.01066
17490 -1.01066
12917 -1.01062
18645 -1.01062
11224 -1.01056
01456 -1.01054
02775 -1.01052
10268 -1.01052
12026 -1.01052
05230 -1.01048
05386 -1.01048
04160 -1.01042
11083 -1.01041
13995 -1.01039
19953 -1.01039
06456 -1.01037
11746 -1.01037
19710 -1.01036
05576 -1.01035
08098 -1.01034
17700 -1.01034
20823 -1.01034
15227 -1.01031
09909 -1.01027
13115 -1.01027
03454 -1.01023
12136 -1.01023
15841 -1.01023
01549 -1.01022
03023 -1.01021
16844 -1.01021
18548 -1.01019
20143 -1.01018
08136 -1.01016
10473 -1.01016
11234 -1.01016
08055 -1.01014
01312 -1.01013
12143 -1.01013
16303 -1.01012
17731 -1.01011
19825 -1.0101
20868 -1.0101
08716 -1.01008
20338 -1.01006
21340 -1.01006
01359 -1.01005
03798 -1.01003
10350 -1.01
16562 -1.01
10355 -1.00997
01854 -1.00996
17359 -1.00995
17571 -1.00995
06722 -1.00994
12394 -1.00993
13657 -1.00993
14708 -1.00993
09244 -1.00992
01906 -1.00991
05482 -1.00991
13263 -1.0099
13419 -1.0099
17368 -1.0099
04477 -1.00989
04748 -1.00989
19871 -1.00988
16163 -1.00987
05985 -1.00986
09402 -1.00985
08960 -1.00983
11732 -1.00983
05473 -1.00982
07731 -1.00982
02221 -1.00981
06426 -1.00981
07607 -1.00981
13208 -1.00981
15762 -1.00979
00010 -1.00978
11504 -1.00977
06708 -1.00976
17883 -1.00976
03013 -1.00975
06197 -1.00975
10367 -1.00975
10780 -1.00975
12953 -1.00975
02500 -1.00974
10078 -1.00974
20317 -1.00974
02064 -1.00972
04546 -1.00971
05631 -1.00971
09946 -1.00971
11763 -1.0097
01729 -1.00969
05851 -1.00969
08943 -1.00968
19099 -1.00968
08272 -1.00967
10931 -1.00967
06980 -1.00966
12947 -1.00966
20744 -1.00966
21284 -1.00966
02697 -1.00965
15878 -1.00965
16372 -1.00965
00537 -1.00964
09388 -1.00964
13462 -1.00964
08937 -1.00963
16680 -1.00963
17903 -1.00963
21060 -1.00963
14419 -1.00962
20698 -1.00962
07391 -1.00961
08884 -1.00961
07811 -1.0096
10778 -1.0096
11192 -1.00959
04266 -1.00958
02198 -1.00957
18415 -1.00957
10375 -1.00956
00748 -1.00954
17409 -1.00954
04602 -1.00953
06357 -1.00953
12181 -1.00952
15450 -1.0095
00843 -1.00949
17435 -1.00949
17953 -1.00948
15362 -1.00947
17506 -1.00947
09764 -1.00946
16373 -1.00945
07200 -1.00943
09835 -1.00943
12310 -1.00943
11717 -1.00942
12876 -1.00941
13146 -1.00941
20254 -1.00941
06657 -1.00939
09815 -1.00939
15765 -1.00939
18239 -1.00939
18507 -1.00939
08746 -1.00938
14654 -1.00937
19258 -1.00937
00004 -1.00936
01967 -1.00936
06928 -1.00935
09837 -1.00935
11063 -1.00934
07405 -1.00933
12701 -1.00933
14710 -1.00933
16028 -1.00933
21379 -1.00933
21420 -1.00933
07742 -1.00932
03923 -1.00931
08162 -1.00931
10617 -1.00931
12634 -1.00931
17324 -1.00931
04165 -1.0093
11637 -1.0093
15556 -1.0093
06388 -1.00929
01682 -1.00928
10809 -1.00927
07892 -1.00926
13993 -1.00926
17135 -1.00926
00016 -1.00925
00079 -1.00924
00223 -1.00924
00356 -1.00924
00803 -1.00924
06914 -1.00924
18299 -1.00924
21127 -1.00924
09638 -1.00923
16737 -1.00923
17891 -1.00923
07088 -1.00922
20256 -1.00922
20867 -1.00922
01860 -1.00921
05171 -1.00921
17220 -1.00921
12381 -1.0092
00335 -1.00919
00635 -1.00919
06531 -1.00919
15238 -1.00919
16440 -1.00919
20240 -1.00919
04944 -1.00917
20038 -1.00917
04363 -1.00916
09130 -1.00916
12025 -1.00916
02725 -1.00915
04267 -1.00915
16367 -1.00915
17871 -1.00915
06410 -1.00914
12383 -1.00914
15488 -1.00914
01466 -1.00913
03421 -1.00913
05951 -1.00913
07893 -1.00913
15063 -1.00913
18280 -1.00913
09717 -1.00912
12431 -1.00912
01868 -1.00911
15016 -1.00911
15912 -1.00911
18047 -1.00911
21425 -1.00911
04810 -1.0091
04969 -1.0091
05234 -1.0091
11204 -1.0091
13577 -1.0091
00209 -1.00909
03062 -1.00909
17325 -1.00909
00496 -1.00908
03077 -1.00908
13487 -1.00908
16501 -1.00908
08714 -1.00907
14757 -1.00907
09939 -1.00906
10292 -1.00906
12655 -1.00906
14390 -1.00906
20967 -1.00906
01543 -1.00904
03030 -1.00904
04800 -1.00904
08569 -1.00904
09569 -1.00904
11490 -1.00904
10537 -1.00903
21331 -1.00903
06752 -1.00902
10050 -1.00902
12521 -1.00902
02304 -1.00901
10760 -1.00901
20803 -1.00901
11180 -1.009
12967 -1.009
10278 -1.00899
12791 -1.00899
16641 -1.00899
17367 -1.00899
05131 -1.00897
14716 -1.00897
02383 -1.00896
14853 -1.00896
08292 -1.00895
07904 -1.00894
20551 -1.00894
00922 -1.00893
02965 -1.00893
05004 -1.00893
15369 -1.00893
08115 -1.00892
16558 -1.00892
17598 -1.00892
04313 -1.00891
08360 -1.00891
17620 -1.00891
11755 -1.0089
06699 -1.00889
15103 -1.00889
21470 -1.00889
09899 -1.00888
12195 -1.00887
02526 -1.00886
06259 -1.00886
19767 -1.00886
15736 -1.00885
18250 -1.00885
20185 -1.00885
12972 -1.00884
12397 -1.00883
00056 -1.00882
16278 -1.00881
16381 -1.00881
11773 -1.0088
15743 -1.0088
15978 -1.00879
16565 -1.00879
06379 -1.00878
01836 -1.00877
03148 -1.00877
09959 -1.00877
10976 -1.00877
02203 -1.00876
06588 -1.00876
06605 -1.00876
08024 -1.00876
11820 -1.00876
06465 -1.00875
17896 -1.00875
04864 -1.00874
12548 -1.00874
13379 -1.00872
13396 -1.00871
13434 -1.00871
20207 -1.00871
07925 -1.0087
11711 -1.0087
19719 -1.0087
20148 -1.0087
10822 -1.00869
11060 -1.00869
17036 -1.00869
17846 -1.00869
02907 -1.00868
04067 -1.00868
06665 -1.00868
10133 -1.00868
03267 -1.00867
06395 -1.00867
10291 -1.00867
14780 -1.00867
19752 -1.00867
06607 -1.00866
06844 -1.00866
17148 -1.00866
20183 -1.00866
01190 -1.00865
03343 -1.00865
11823 -1.00865
12002 -1.00865
17193 -1.00865
09940 -1.00864
15370 -1.00864
04369 -1.00863
11350 -1.00863
06742 -1.00862
17497 -1.00862
19285 -1.00862
15511 -1.00861
00225 -1.0086
17199 -1.0086
02580 -1.00859
05206 -1.00859
06721 -1.00859
11206 -1.00859
13261 -1.00859
02228 -1.00858
01269 -1.00857
04764 -1.00857
14891 -1.00857
11753 -1.00856
14869 -1.00856
16132 -1.00856
16183 -1.00856
00473 -1.00855
06611 -1.00855
10786 -1.00855
00276 -1.00854
12163 -1.00854
19111 -1.00854
04130 -1.00852
05778 -1.00852
05858 -1.00852
06473 -1.00852
09022 -1.00851
12118 -1.00851
12487 -1.00851
19687 -1.00851
20806 -1.00851
02312 -1.0085
05366 -1.0085
05779 -1.00849
11926 -1.00849
12355 -1.00849
18578 -1.00849
20538 -1.00848
04548 -1.00847
12085 -1.00847
13531 -1.00847
14782 -1.00847
15700 -1.00847
16513 -1.00847
17605 -1.00847
02587 -1.00846
06996 -1.00846
14184 -1.00846
15243 -1.00846
18409 -1.00846
19532 -1.00846
21542 -1.00846
05891 -1.00845
17760 -1.00845
01534 -1.00844
02428 -1.00844
05515 -1.00844
06013 -1.00844
09275 -1.00844
11215 -1.00844
12680 -1.00844
18515 -1.00844
19589 -1.00844
01380 -1.00843
08069 -1.00843
08753 -1.00843
00001 -1.00842
06459 -1.00842
07589 -1.00842
07933 -1.00842
10623 -1.00842
19457 -1.00842
01275 -1.00841
02357 -1.00841
13390 -1.00841
13496 -1.00841
14043 -1.00841
15581 -1.00841
19490 -1.00841
03615 -1.0084
16898 -1.0084
19334 -1.0084
03247 -1.00839
10733 -1.00839
10799 -1.00839
17419 -1.00839
21376 -1.00839
12188 -1.00838
12292 -1.00838
18317 -1.00838
18672 -1.00838
02618 -1.00837
10201 -1.00837
17458 -1.00837
18904 -1.00837
00382 -1.00836
02824 -1.00836
06547 -1.00836
08595 -1.00836
20783 -1.00836
02157 -1.00835
09445 -1.00835
10505 -1.00835
15551 -1.00835
15816 -1.00835
18054 -1.00835
06143 -1.00834
07560 -1.00834
09080 -1.00834
14840 -1.00834
17246 -1.00834
17833 -1.00833
19499 -1.00833
08677 -1.00832
10140 -1.00832
10344 -1.00832
12971 -1.00832
20706 -1.00832
09230 -1.00831
10784 -1.00831
18601 -1.00831
00854 -1.0083
00965 -1.0083
04212 -1.0083
08627 -1.0083
15852 -1.0083
03287 -1.00829
06346 -1.00829
10422 -1.00829
10743 -1.00829
17574 -1.00829
20346 -1.00829
06618 -1.00828
08971 -1.00828
18204 -1.00828
01968 -1.00827
04759 -1.00827
08245 -1.00827
08980 -1.00827
09328 -1.00827
16118 -1.00827
19660 -1.00827
03396 -1.00826
12793 -1.00826
20110 -1.00826
00319 -1.00825
01718 -1.00825
01735 -1.00825
02342 -1.00825
04443 -1.00825
09937 -1.00825
00203 -1.00824
12208 -1.00824
17363 -1.00824
21508 -1.00824
00315 -1.00823
15190 -1.00823
16421 -1.00823
17456 -1.00823
19242 -1.00823
19603 -1.00823
02001 -1.00822
09722 -1.00822
11737 -1.00822
13606 -1.00822
17707 -1.00822
04049 -1.00821
08439 -1.00821
09978 -1.00821
20877 -1.00821
01408 -1.0082
02833 -1.0082
11123 -1.0082
04081 -1.00819
09440 -1.00819
10697 -1.00819
19679 -1.00819
21287 -1.00819
03759 -1.00818
04534 -1.00818
05452 -1.00818
09975 -1.00818
14372 -1.00818
16292 -1.00818
17628 -1.00818
19683 -1.00818
00033 -1.00817
06360 -1.00817
06400 -1.00817
16840 -1.00817
18849 -1.00817
01685 -1.00816
08743 -1.00816
18540 -1.00816
19604 -1.00816
07710 -1.00815
11827 -1.00815
08820 -1.00814
09782 -1.00813
10017 -1.00813
16087 -1.00813
16785 -1.00813
00344 -1.00812
01026 -1.00812
04567 -1.00812
11470 -1.00812
12434 -1.00812
13225 -1.00812
15382 -1.00812
17930 -1.00812
19259 -1.00812
21486 -1.00812
00264 -1.00811
02698 -1.00811
13752 -1.00811
08985 -1.0081
07778 -1.00809
17202 -1.00809
20772 -1.00809
06094 -1.00808
08711 -1.00808
15444 -1.00808
15671 -1.00808
21101 -1.00808
09047 -1.00807
12778 -1.00807
16756 -1.00807
04683 -1.00806
13280 -1.00806
01126 -1.00805
03170 -1.00805
04630 -1.00805
05378 -1.00805
07342 -1.00805
11457 -1.00805
15830 -1.00805
16389 -1.00805
17079 -1.00805
00840 -1.00804
18917 -1.00804
18938 -1.00804
14734 -1.00803
19036 -1.00803
02061 -1.00802
07796 -1.00802
10748 -1.00802
15569 -1.00802
05393 -1.00801
16298 -1.00801
02998 -1.008
03072 -1.008
03593 -1.008
03813 -1.008
07499 -1.008
12887 -1.008
04674 -1.00799
08896 -1.00799
12574 -1.00799
12598 -1.00799
15437 -1.00799
17307 -1.00799
17438 -1.00799
04643 -1.00798
06689 -1.00798
09742 -1.00798
09759 -1.00798
10390 -1.00798
18764 -1.00798
19038 -1.00798
00288 -1.00797
01306 -1.00797
09170 -1.00797
09180 -1.00797
16075 -1.00797
16636 -1.00797
12031 -1.00796
04175 -1.00795
07105 -1.00795
11225 -1.00795
15625 -1.00795
02257 -1.00794
05795 -1.00794
06090 -1.00794
08780 -1.00794
11882 -1.00794
15325 -1.00794
00696 -1.00793
00914 -1.00793
03861 -1.00793
10080 -1.00793
11203 -1.00793
00644 -1.00792
05935 -1.00792
05941 -1.00792
06157 -1.00792
08628 -1.00792
08666 -1.00792
14698 -1.00792
15149 -1.00792
20201 -1.00792
09886 -1.00791
12113 -1.00791
13790 -1.00791
17873 -1.00791
00110 -1.0079
09112 -1.0079
16948 -1.0079
08121 -1.00789
08196 -1.00789
09015 -1.00789
09263 -1.00789
10877 -1.00789
14770 -1.00789
14931 -1.00789
16002 -1.00789
17433 -1.00789
17450 -1.00789
21334 -1.00789
00888 -1.00788
00957 -1.00788
05412 -1.00788
07866 -1.00788
12282 -1.00788
13234 -1.00788
13733 -1.00788
17386 -1.00788
19432 -1.00788
09732 -1.00787
10954 -1.00787
20557 -1.00787
01084 -1.00786
06353 -1.00786
08846 -1.00786
11680 -1.00786
15442 -1.00786
18360 -1.00786
04573 -1.00785
05271 -1.00785
06592 -1.00785
09618 -1.00785
10525 -1.00785
11487 -1.00785
14921 -1.00785
15530 -1.00785
16112 -1.00785
17849 -1.00785
18267 -1.00785
18696 -1.00785
00546 -1.00784
10856 -1.00784
15352 -1.00784
15507 -1.00784
19848 -1.00784
21056 -1.00784
00295 -1.00783
07705 -1.00783
08173 -1.00783
12827 -1.00783
15263 -1.00783
21154 -1.00783
00214 -1.00782
01368 -1.00782
02718 -1.00782
04223 -1.00782
05759 -1.00782
13034 -1.00782
14277 -1.00782
18052 -1.00782
18579 -1.00782
18591 -1.00782
20220 -1.00782
02759 -1.00781
11828 -1.00781
12485 -1.00781
19688 -1.00781
21473 -1.00781
01539 -1.0078
03069 -1.0078
03500 -1.0078
05345 -1.0078
13653 -1.0078
20214 -1.0078
03078 -1.00779
04906 -1.00779
05726 -1.00779
18005 -1.00779
18588 -1.00779
20064 -1.00779
20685 -1.00779
06406 -1.00778
10924 -1.00778
11752 -1.00778
12011 -1.00778
14342 -1.00778
16009 -1.00778
18600 -1.00778
20172 -1.00778
09537 -1.00777
09636 -1.00777
12879 -1.00777
17141 -1.00777
03429 -1.00776
05039 -1.00776
06876 -1.00776
16139 -1.00776
18679 -1.00776
20300 -1.00776
13216 -1.00775
19966 -1.00775
00875 -1.00774
13046 -1.00774
14388 -1.00774
16249 -1.00774
18985 -1.00774
00730 -1.00773
01947 -1.00773
04878 -1.00773
07830 -1.00773
09307 -1.00773
21277 -1.00773
00028 -1.00772
01252 -1.00772
10103 -1.00772
14126 -1.00772
14987 -1.00772
16619 -1.00772
17952 -1.00772
02658 -1.00771
03890 -1.00771
04924 -1.00771
06612 -1.00771
10704 -1.00771
16681 -1.00771
21057 -1.00771
03020 -1.0077
05303 -1.0077
06896 -1.0077
07094 -1.0077
09296 -1.0077
09436 -1.0077
15534 -1.0077
17113 -1.0077
01889 -1.00769
08271 -1.00769
13735 -1.00769
14767 -1.00769
17573 -1.00769
18996 -1.00769
19619 -1.00769
02475 -1.00768
04196 -1.00768
08992 -1.00768
11349 -1.00768
04303 -1.00767
06285 -1.00767
07765 -1.00767
11186 -1.00767
16539 -1.00767
17294 -1.00767
20147 -1.00767
10264 -1.00766
13331 -1.00766
15697 -1.00766
16361 -1.00766
08510 -1.00765
21336 -1.00765
00386 -1.00764
03534 -1.00764
09072 -1.00764
13561 -1.00764
18062 -1.00764
19392 -1.00764
00340 -1.00763
02663 -1.00763
07927 -1.00763
10136 -1.00763
16176 -1.00763
17966 -1.00763
19831 -1.00763
20432 -1.00763
20468 -1.00763
05241 -1.00762
10106 -1.00762
11080 -1.00762
17508 -1.00762
19760 -1.00762
00752 -1.00761
03489 -1.00761
03555 -1.00761
04310 -1.00761
09667 -1.00761
10826 -1.00761
12322 -1.00761
21381 -1.00761
00135 -1.0076
00889 -1.0076
01193 -1.0076
05100 -1.0076
05672 -1.0076
07135 -1.0076
08633 -1.0076
10036 -1.0076
10413 -1.0076
17198 -1.0076
19068 -1.0076
02089 -1.00759
03470 -1.00759
07580 -1.00759
09206 -1.00759
10246 -1.00759
10676 -1.00759
20764 -1.00759
01019 -1.00757
01918 -1.00757
02052 -1.00757
09174 -1.00757
09378 -1.00757
12279 -1.00757
16937 -1.00757
19423 -1.00757
01576 -1.00756
09518 -1.00756
10317 -1.00756
10605 -1.00756
11414 -1.00756
17096 -1.00756
17312 -1.00756
20095 -1.00756
20107 -1.00756
21387 -1.00756
00362 -1.00755
00925 -1.00755
01696 -1.00755
05456 -1.00755
15154 -1.00755
16095 -1.00755
18148 -1.00755
19353 -1.00755
04851 -1.00754
04893 -1.00754
06180 -1.00754
12732 -1.00754
12878 -1.00754
16794 -1.00754
17778 -1.00754
03505 -1.00753
05139 -1.00753
05172 -1.00753
08708 -1.00753
12815 -1.00753
14343 -1.00753
14797 -1.00753
16200 -1.00753
01360 -1.00752
01720 -1.00752
03610 -1.00752
03762 -1.00752
04307 -1.00752
13809 -1.00752
21193 -1.00752
07864 -1.00751
08153 -1.00751
12156 -1.00751
13771 -1.00751
07965 -1.0075
10478 -1.0075
12396 -1.0075
17474 -1.0075
01963 -1.00749
10829 -1.00749
12818 -1.00749
13266 -1.00749
17922 -1.00749
00024 -1.00748
03413 -1.00748
09749 -1.00748
11177 -1.00748
15686 -1.00748
19415 -1.00748
00331 -1.00747
01501 -1.00747
04809 -1.00747
15160 -1.00747
17348 -1.00747
18684 -1.00747
19713 -1.00747
20145 -1.00747
20457 -1.00747
02878 -1.00746
03068 -1.00746
07628 -1.00746
09142 -1.00746
12802 -1.00746
14279 -1.00746
15441 -1.00746
16044 -1.00746
02627 -1.00745
03075 -1.00745
03732 -1.00745
06863 -1.00745
10445 -1.00745
11548 -1.00745
17335 -1.00745
20029 -1.00745
03371 -1.00744
03864 -1.00744
04583 -1.00744
09487 -1.00744
18378 -1.00744
20705 -1.00744
20787 -1.00744
21260 -1.00744
05225 -1.00743
06656 -1.00743
09269 -1.00743
10902 -1.00743
12650 -1.00743
03868 -1.00742
06112 -1.00742
11691 -1.00742
13347 -1.00742
15043 -1.00742
20244 -1.00742
00898 -1.00741
01140 -1.00741
03088 -1.00741
03743 -1.00741
04019 -1.00741
10303 -1.00741
10582 -1.00741
11181 -1.00741
15957 -1.00741
16773 -1.00741
17173 -1.00741
02308 -1.0074
02799 -1.0074
03535 -1.0074
04027 -1.0074
04333 -1.0074
08435 -1.0074
08819 -1.0074
14301 -1.0074
16832 -1.0074
17549 -1.0074
06725 -1.00739
11600 -1.00739
13256 -1.00739
15645 -1.00739
17048 -1.00739
20046 -1.00739
02078 -1.00738
03978 -1.00738
04533 -1.00738
07155 -1.00738
10178 -1.00738
11184 -1.00738
11240 -1.00738
15783 -1.00738
17980 -1.00738
00437 -1.00737
04317 -1.00737
07701 -1.00737
07937 -1.00737
08839 -1.00737
13258 -1.00737
16053 -1.00737
19425 -1.00737
19538 -1.00737
19544 -1.00737
01297 -1.00736
06603 -1.00736
08164 -1.00736
15403 -1.00736
01911 -1.00735
09058 -1.00735
10236 -1.00735
12432 -1.00735
20041 -1.00735
05011 -1.00734
06352 -1.00734
14949 -1.00734
19086 -1.00734
19149 -1.00734
20418 -1.00734
00202 -1.00733
01618 -1.00733
03060 -1.00733
03698 -1.00733
04232 -1.00733
08484 -1.00733
16443 -1.00733
18652 -1.00733
20530 -1.00733
20822 -1.00733
03134 -1.00732
08382 -1.00732
10814 -1.00732
17537 -1.00732
18138 -1.00732
19172 -1.00732
01789 -1.00731
07379 -1.00731
10927 -1.00731
16644 -1.00731
17075 -1.00731
18767 -1.00731
04007 -1.0073
06581 -1.0073
08483 -1.0073
08732 -1.0073
08901 -1.0073
19553 -1.0073
01256 -1.00729
08581 -1.00729
08944 -1.00729
10434 -1.00729
17970 -1.00729
19915 -1.00729
20748 -1.00729
21165 -1.00729
21408 -1.00729
12066 -1.00728
12072 -1.00728
14843 -1.00728
19089 -1.00728
20895 -1.00728
21064 -1.00728
03065 -1.00727
08314 -1.00727
13576 -1.00727
17083 -1.00727
19326 -1.00727
20169 -1.00727
00955 -1.00726
08166 -1.00726
09841 -1.00726
16621 -1.00726
19596 -1.00726
00960 -1.00725
02743 -1.00725
03027 -1.00725
03727 -1.00725
04929 -1.00725
05186 -1.00725
05294 -1.00725
00263 -1.00724
01353 -1.00724
08262 -1.00724
08525 -1.00724
09734 -1.00724
12150 -1.00724
19964 -1.00724
01357 -1.00722
05005 -1.00722
10255 -1.00722
12221 -1.00722
16151 -1.00722
19930 -1.00722
20168 -1.00721
03540 -1.0072
07332 -1.0072
05352 -1.00718
02995 -1.00713
