1 01110
1 01372
1 01772
1 02168
1 02389
1 02495
1 02572
1 02978
1 03278
1 03318
1 03901
1 04022
1 04101
1 04503
1 04514
1 04564
1 04577
1 04631
1 04636
1 04833
1 05009
1 05031
1 05445
1 05487
1 05812
1 08574
1 08705
1 08800
1 09754
1 10616
1 12257
1 12332
1 12372
1 12376
1 12594
1 12595
1 12603
1 12618
1 12737
1 13149
1 13380
1 13382
1 14483
1 14858
1 15237
1 15254
1 15504
1 15642
1 15798
1 15949
1 16236
1 16255
1 16379
1 16519
1 16564
1 16947
1 17090
1 17319
1 17358
1 17399
1 17424
1 18373
1 18482
1 19269
1 19555
1 20462
1 20511
-1 00171
-1 00173
-1 00197
-1 00405
-1 00486
-1 00726
-1 00778
-1 00815
-1 00841
-1 00885
-1 01184
-1 01311
-1 01407
-1 01494
-1 01647
-1 01710
-1 01721
-1 01914
-1 02319
-1 02348
-1 02669
-1 02755
-1 02768
-1 02778
-1 02779
-1 02950
-1 03033
-1 03036
-1 03040
-1 03335
-1 03378
-1 03473
-1 03478
-1 03499
-1 03541
-1 03613
-1 03650
-1 03658
-1 03770
-1 03970
-1 04020
-1 04041
-1 04323
-1 04399
-1 04424
-1 04435
-1 04520
-1 04622
-1 04714
-1 04923
-1 05003
-1 05169
-1 05635
-1 05663
-1 05840
-1 05921
-1 05958
-1 05987
-1 05992
-1 06276
-1 06326
-1 06615
-1 06706
-1 06804
-1 06937
-1 06956
-1 07193
-1 07199
-1 07269
-1 07382
-1 07468
-1 07672
-1 07732
-1 07757
-1 07821
-1 07984
-1 08189
-1 08274
-1 08571
-1 08883
-1 09224
-1 09248
-1 09435
-1 09515
-1 09624
-1 09719
-1 09858
-1 09933
-1 09962
-1 10159
-1 10331
-1 10400
-1 10437
-1 10549
-1 10782
-1 10899
-1 10985
-1 11002
-1 11052
-1 11201
-1 11229
-1 11278
-1 11310
-1 11364
-1 11532
-1 11551
-1 11571
-1 11634
-1 11651
-1 11678
-1 12007
-1 12213
-1 12223
-1 12321
-1 12338
-1 12415
-1 12686
-1 12843
-1 12911
-1 12966
-1 13114
-1 13185
-1 13315
-1 13394
-1 13513
-1 13536
-1 13547
-1 13562
-1 13820
-1 13950
-1 14065
-1 14139
-1 14155
-1 14274
-1 14473
-1 14509
-1 14603
-1 14684
-1 14709
-1 14753
-1 14905
-1 15178
-1 15221
-1 15236
-1 15869
-1 15910
-1 15945
-1 16010
-1 16115
-1 16191
-1 16554
-1 16586
-1 16675
-1 16787
-1 17003
-1 17055
-1 17829
-1 17966
-1 18105
-1 18140
-1 18170
-1 18202
-1 18268
-1 18319
-1 18409
-1 18478
-1 18599
-1 18696
-1 18804
-1 18848
-1 18925
-1 18954
-1 19056
-1 19230
-1 19348
-1 19744
-1 19823
-1 20081
-1 20134
-1 20261
-1 20328
-1 20377
-1 20519
-1 20577
-1 20582
-1 20645
-1 20929
-1 21009
-1 21080
-1 21189
-1 21205
-1 21230
-1 21347
-1 21461
