21203
02606
02508
02531
15454
16396
03670
00074
13114
11909
05882
11964
11668
09229
04059
19058
19694
08633
10687
17342
05261
07666
11386
03373
06127
09170
15339
03976
01349
18092
18955
00164
17019
05675
03618
19935
03842
05081
13988
09319
12119
09437
10216
04102
09227
01807
03180
02993
16309
04072
13549
02363
04007
18258
03368
06323
08398
16040
02769
15860
00899
01284
05399
09038
14082
05025
07526
17453
12115
15428
15710
06786
05034
11095
16521
10587
20247
18196
18693
09154
11714
03498
16160
20455
04901
09937
20701
12694
13989
20107
10641
09197
18144
09357
01145
18825
05907
09757
18308
00205
