19314 -1.00009
19445 -1.00009
19903 -1.00009
20258 -1.00009
01196 -1.00008
01330 -1.00008
02545 -1.00008
02836 -1.00008
03854 -1.00008
04195 -1.00008
06820 -1.00008
06861 -1.00008
06894 -1.00008
06982 -1.00008
11756 -1.00008
13325 -1.00008
13397 -1.00008
13882 -1.00008
14018 -1.00008
16025 -1.00008
16080 -1.00008
16234 -1.00008
17798 -1.00008
19058 -1.00008
19321 -1.00008
01514 -1.00007
02086 -1.00007
03210 -1.00007
04559 -1.00007
04999 -1.00007
05387 -1.00007
05698 -1.00007
06226 -1.00007
07661 -1.00007
08007 -1.00007
08084 -1.00007
08913 -1.00007
09320 -1.00007
11072 -1.00007
12961 -1.00007
12970 -1.00007
16356 -1.00007
16559 -1.00007
18629 -1.00007
00338 -1.00006
00643 -1.00006
00673 -1.00006
01123 -1.00006
01857 -1.00006
02021 -1.00006
03695 -1.00006
04700 -1.00006
04845 -1.00006
06507 -1.00006
07250 -1.00006
07335 -1.00006
11917 -1.00006
12051 -1.00006
12191 -1.00006
13618 -1.00006
14156 -1.00006
14196 -1.00006
14534 -1.00006
14648 -1.00006
16580 -1.00006
17498 -1.00006
19835 -1.00006
00534 -1.00005
01083 -1.00005
03252 -1.00005
06715 -1.00005
06785 -1.00005
07648 -1.00005
08266 -1.00005
08631 -1.00005
10086 -1.00005
10286 -1.00005
10984 -1.00005
12097 -1.00005
13528 -1.00005
14011 -1.00005
14014 -1.00005
14020 -1.00005
14159 -1.00005
14642 -1.00005
15929 -1.00005
16058 -1.00005
17979 -1.00005
18694 -1.00005
18788 -1.00005
00548 -1.00004
00611 -1.00004
00632 -1.00004
00815 -1.00004
01447 -1.00004
01883 -1.00004
02804 -1.00004
03130 -1.00004
03567 -1.00004
05191 -1.00004
05617 -1.00004
06414 -1.00004
08019 -1.00004
09661 -1.00004
09925 -1.00004
11474 -1.00004
11733 -1.00004
12694 -1.00004
17631 -1.00004
18139 -1.00004
18234 -1.00004
18907 -1.00004
18922 -1.00004
00884 -1.00003
01998 -1.00003
02873 -1.00003
07780 -1.00003
10001 -1.00003
10458 -1.00003
13562 -1.00003
13829 -1.00003
13989 -1.00003
15178 -1.00003
15412 -1.00003
15660 -1.00003
16020 -1.00003
18845 -1.00003
18852 -1.00003
20037 -1.00003
20522 -1.00003
02247 -1.00002
02809 -1.00002
03355 -1.00002
04094 -1.00002
04231 -1.00002
06435 -1.00002
07911 -1.00002
10020 -1.00002
10204 -1.00002
14040 -1.00002
14396 -1.00002
16341 -1.00002
19131 -1.00002
19531 -1.00002
20394 -1.00002
20963 -1.00002
00241 -1.00001
00472 -1.00001
01119 -1.00001
01504 -1.00001
01519 -1.00001
01631 -1.00001
02116 -1.00001
03052 -1.00001
03066 -1.00001
05932 -1.00001
10708 -1.00001
11354 -1.00001
11634 -1.00001
11638 -1.00001
12157 -1.00001
12219 -1.00001
12960 -1.00001
13520 -1.00001
13713 -1.00001
13940 -1.00001
14010 -1.00001
14274 -1.00001
15030 -1.00001
15268 -1.00001
16197 -1.00001
17033 -1.00001
17219 -1.00001
17221 -1.00001
18368 -1.00001
18870 -1.00001
19669 -1.00001
20620 -1.00001
21296 -1.00001
21377 -1.00001
21560 -1.00001
00039 -1.0
00057 -1.0
00072 -1.0
00086 -1.0
00119 -1.0
00162 -1.0
00168 -1.0
00244 -1.0
00262 -1.0
00277 -1.0
01045 -1.0
01054 -1.0
01217 -1.0
01396 -1.0
01411 -1.0
01547 -1.0
01559 -1.0
01597 -1.0
01757 -1.0
02093 -1.0
02131 -1.0
02192 -1.0
02395 -1.0
02446 -1.0
02572 -1.0
02578 -1.0
02730 -1.0
02734 -1.0
02835 -1.0
02985 -1.0
03124 -1.0
03143 -1.0
03650 -1.0
03706 -1.0
03719 -1.0
03733 -1.0
03752 -1.0
03802 -1.0
03846 -1.0
03859 -1.0
03917 -1.0
04110 -1.0
04511 -1.0
04731 -1.0
04952 -1.0
05221 -1.0
05275 -1.0
05470 -1.0
05633 -1.0
05722 -1.0
05749 -1.0
05914 -1.0
05979 -1.0
06134 -1.0
06210 -1.0
06517 -1.0
06697 -1.0
06873 -1.0
06886 -1.0
06889 -1.0
06913 -1.0
07160 -1.0
07232 -1.0
07453 -1.0
07508 -1.0
07660 -1.0
07895 -1.0
07898 -1.0
07976 -1.0
08042 -1.0
08232 -1.0
08387 -1.0
08393 -1.0
08524 -1.0
08701 -1.0
08859 -1.0
08887 -1.0
08931 -1.0
08996 -1.0
09140 -1.0
09254 -1.0
09396 -1.0
09473 -1.0
09508 -1.0
09546 -1.0
09586 -1.0
09621 -1.0
09705 -1.0
09743 -1.0
09851 -1.0
10256 -1.0
10415 -1.0
10459 -1.0
10535 -1.0
10901 -1.0
11216 -1.0
11456 -1.0
11525 -1.0
11531 -1.0
11955 -1.0
12010 -1.0
12213 -1.0
12280 -1.0
12492 -1.0
12517 -1.0
12912 -1.0
13044 -1.0
13204 -1.0
13449 -1.0
13558 -1.0
13599 -1.0
13603 -1.0
13651 -1.0
13677 -1.0
13744 -1.0
13782 -1.0
13811 -1.0
13909 -1.0
13925 -1.0
13998 -1.0
14021 -1.0
14022 -1.0
14026 -1.0
14094 -1.0
14120 -1.0
14125 -1.0
14133 -1.0
14234 -1.0
14278 -1.0
14337 -1.0
14437 -1.0
14506 -1.0
14645 -1.0
14675 -1.0
14821 -1.0
14995 -1.0
15217 -1.0
15228 -1.0
15475 -1.0
15579 -1.0
15612 -1.0
15728 -1.0
15945 -1.0
16091 -1.0
16493 -1.0
16528 -1.0
16869 -1.0
16911 -1.0
16945 -1.0
17002 -1.0
17387 -1.0
17466 -1.0
17599 -1.0
17671 -1.0
17739 -1.0
17743 -1.0
17746 -1.0
17757 -1.0
17768 -1.0
17787 -1.0
17790 -1.0
17916 -1.0
17926 -1.0
18119 -1.0
18170 -1.0
18307 -1.0
18634 -1.0
18741 -1.0
18853 -1.0
18944 -1.0
18980 -1.0
18989 -1.0
19056 -1.0
19202 -1.0
19330 -1.0
19453 -1.0
19731 -1.0
19768 -1.0
19872 -1.0
20219 -1.0
20261 -1.0
20322 -1.0
20444 -1.0
20501 -1.0
20575 -1.0
21011 -1.0
21020 -1.0
00373 -0.999999
01146 -0.999999
01236 -0.999999
01265 -0.999999
01406 -0.999999
02012 -0.999999
02241 -0.999999
02634 -0.999999
03076 -0.999999
03110 -0.999999
03301 -0.999999
03674 -0.999999
04148 -0.999999
04243 -0.999999
04500 -0.999999
04776 -0.999999
04826 -0.999999
04880 -0.999999
05289 -0.999999
05365 -0.999999
05700 -0.999999
05958 -0.999999
06020 -0.999999
06320 -0.999999
06354 -0.999999
06979 -0.999999
09145 -0.999999
09236 -0.999999
09434 -0.999999
09482 -0.999999
09716 -0.999999
09863 -0.999999
09962 -0.999999
10249 -0.999999
10374 -0.999999
10400 -0.999999
10878 -0.999999
11079 -0.999999
11258 -0.999999
11542 -0.999999
11651 -0.999999
11959 -0.999999
12377 -0.999999
12708 -0.999999
12843 -0.999999
13147 -0.999999
13195 -0.999999
13514 -0.999999
13669 -0.999999
13716 -0.999999
13804 -0.999999
14251 -0.999999
14295 -0.999999
14306 -0.999999
14347 -0.999999
14368 -0.999999
14392 -0.999999
14453 -0.999999
14472 -0.999999
14535 -0.999999
14810 -0.999999
15131 -0.999999
15631 -0.999999
16110 -0.999999
16322 -0.999999
16503 -0.999999
16984 -0.999999
17060 -0.999999
17118 -0.999999
17683 -0.999999
17844 -0.999999
17859 -0.999999
18115 -0.999999
18608 -0.999999
18814 -0.999999
19748 -0.999999
00426 -0.999998
00750 -0.999998
00871 -0.999998
01218 -0.999998
01393 -0.999998
01523 -0.999998
01910 -0.999998
02006 -0.999998
02292 -0.999998
02869 -0.999998
02954 -0.999998
03040 -0.999998
03166 -0.999998
03203 -0.999998
03579 -0.999998
03911 -0.999998
04013 -0.999998
04618 -0.999998
04752 -0.999998
05579 -0.999998
05784 -0.999998
05863 -0.999998
05923 -0.999998
05952 -0.999998
06574 -0.999998
06847 -0.999998
06916 -0.999998
07199 -0.999998
07368 -0.999998
07658 -0.999998
07720 -0.999998
07956 -0.999998
08028 -0.999998
08376 -0.999998
08454 -0.999998
08640 -0.999998
09019 -0.999998
09510 -0.999998
09648 -0.999998
09739 -0.999998
09883 -0.999998
09932 -0.999998
09985 -0.999998
10383 -0.999998
11146 -0.999998
11233 -0.999998
11775 -0.999998
12030 -0.999998
12109 -0.999998
12588 -0.999998
12593 -0.999998
12899 -0.999998
13016 -0.999998
13324 -0.999998
13634 -0.999998
13785 -0.999998
13893 -0.999998
14086 -0.999998
14323 -0.999998
14617 -0.999998
14637 -0.999998
14787 -0.999998
14794 -0.999998
15284 -0.999998
16288 -0.999998
16419 -0.999998
17235 -0.999998
17647 -0.999998
18611 -0.999998
18639 -0.999998
18821 -0.999998
18960 -0.999998
19218 -0.999998
19743 -0.999998
19868 -0.999998
20002 -0.999998
20056 -0.999998
20310 -0.999998
20481 -0.999998
20655 -0.999998
21076 -0.999998
00186 -0.999997
00622 -0.999997
01038 -0.999997
01328 -0.999997
01609 -0.999997
02329 -0.999997
02577 -0.999997
02871 -0.999997
03113 -0.999997
03208 -0.999997
03226 -0.999997
03228 -0.999997
03315 -0.999997
03350 -0.999997
03358 -0.999997
03412 -0.999997
03844 -0.999997
04105 -0.999997
04322 -0.999997
04323 -0.999997
04396 -0.999997
04424 -0.999997
05629 -0.999997
06390 -0.999997
06537 -0.999997
06885 -0.999997
06901 -0.999997
07347 -0.999997
07845 -0.999997
07986 -0.999997
08279 -0.999997
08352 -0.999997
08603 -0.999997
08824 -0.999997
08889 -0.999997
09217 -0.999997
09335 -0.999997
09868 -0.999997
09919 -0.999997
10237 -0.999997
10514 -0.999997
10576 -0.999997
10578 -0.999997
10613 -0.999997
10874 -0.999997
11340 -0.999997
11389 -0.999997
11561 -0.999997
11947 -0.999997
12648 -0.999997
12652 -0.999997
13335 -0.999997
13596 -0.999997
13682 -0.999997
14139 -0.999997
14248 -0.999997
14570 -0.999997
14661 -0.999997
14760 -0.999997
14790 -0.999997
14825 -0.999997
14905 -0.999997
15088 -0.999997
15536 -0.999997
15595 -0.999997
15819 -0.999997
15858 -0.999997
16084 -0.999997
16122 -0.999997
16498 -0.999997
16553 -0.999997
16690 -0.999997
16736 -0.999997
16845 -0.999997
18289 -0.999997
18381 -0.999997
18641 -0.999997
18847 -0.999997
18916 -0.999997
19012 -0.999997
19021 -0.999997
19096 -0.999997
19158 -0.999997
19199 -0.999997
19309 -0.999997
19578 -0.999997
20990 -0.999997
21482 -0.999997
21487 -0.999997
00222 -0.999996
00267 -0.999996
00751 -0.999996
00826 -0.999996
01341 -0.999996
01432 -0.999996
01680 -0.999996
01954 -0.999996
02670 -0.999996
03058 -0.999996
03649 -0.999996
04329 -0.999996
04521 -0.999996
04945 -0.999996
05651 -0.999996
06208 -0.999996
06499 -0.999996
06555 -0.999996
06710 -0.999996
07341 -0.999996
07672 -0.999996
07675 -0.999996
08412 -0.999996
08554 -0.999996
09248 -0.999996
09365 -0.999996
10224 -0.999996
10511 -0.999996
10880 -0.999996
10886 -0.999996
10982 -0.999996
11411 -0.999996
11718 -0.999996
12124 -0.999996
12140 -0.999996
12234 -0.999996
12538 -0.999996
12692 -0.999996
12813 -0.999996
13029 -0.999996
13435 -0.999996
13513 -0.999996
13821 -0.999996
13885 -0.999996
13910 -0.999996
14024 -0.999996
14101 -0.999996
14240 -0.999996
14254 -0.999996
14322 -0.999996
14429 -0.999996
14468 -0.999996
14563 -0.999996
15186 -0.999996
15702 -0.999996
15759 -0.999996
15854 -0.999996
15943 -0.999996
16056 -0.999996
16193 -0.999996
16446 -0.999996
16816 -0.999996
16936 -0.999996
17880 -0.999996
18236 -0.999996
18338 -0.999996
18386 -0.999996
18669 -0.999996
18743 -0.999996
18848 -0.999996
18919 -0.999996
19187 -0.999996
19439 -0.999996
19635 -0.999996
19744 -0.999996
19932 -0.999996
20092 -0.999996
20103 -0.999996
20584 -0.999996
21206 -0.999996
00313 -0.999995
01066 -0.999995
01410 -0.999995
01760 -0.999995
01761 -0.999995
01966 -0.999995
02102 -0.999995
02959 -0.999995
03866 -0.999995
03879 -0.999995
04306 -0.999995
04538 -0.999995
04955 -0.999995
05111 -0.999995
05987 -0.999995
06004 -0.999995
07201 -0.999995
07602 -0.999995
07825 -0.999995
07979 -0.999995
08037 -0.999995
08379 -0.999995
08610 -0.999995
08672 -0.999995
08695 -0.999995
09567 -0.999995
10590 -0.999995
10849 -0.999995
10899 -0.999995
11020 -0.999995
11360 -0.999995
11735 -0.999995
11840 -0.999995
12008 -0.999995
12024 -0.999995
12081 -0.999995
12099 -0.999995
13139 -0.999995
13326 -0.999995
13833 -0.999995
14013 -0.999995
14204 -0.999995
14258 -0.999995
14303 -0.999995
14360 -0.999995
14493 -0.999995
14684 -0.999995
14725 -0.999995
14947 -0.999995
15710 -0.999995
16015 -0.999995
16069 -0.999995
16507 -0.999995
16511 -0.999995
17853 -0.999995
18113 -0.999995
18306 -0.999995
18367 -0.999995
18854 -0.999995
19299 -0.999995
19537 -0.999995
19634 -0.999995
19822 -0.999995
19856 -0.999995
20058 -0.999995
20377 -0.999995
21240 -0.999995
21516 -0.999995
00243 -0.999994
00661 -0.999994
01762 -0.999994
02285 -0.999994
03033 -0.999994
03307 -0.999994
03386 -0.999994
03636 -0.999994
03848 -0.999994
04742 -0.999994
06516 -0.999994
08966 -0.999994
09179 -0.999994
09514 -0.999994
09571 -0.999994
09619 -0.999994
09756 -0.999994
10391 -0.999994
12966 -0.999994
13967 -0.999994
14008 -0.999994
14242 -0.999994
14488 -0.999994
14514 -0.999994
14657 -0.999994
14792 -0.999994
15232 -0.999994
15542 -0.999994
15775 -0.999994
16433 -0.999994
16529 -0.999994
19048 -0.999994
19177 -0.999994
00052 -0.999993
00351 -0.999993
00766 -0.999993
01294 -0.999993
01567 -0.999993
01823 -0.999993
02208 -0.999993
02926 -0.999993
03082 -0.999993
03302 -0.999993
03749 -0.999993
04102 -0.999993
05614 -0.999993
05905 -0.999993
05999 -0.999993
06506 -0.999993
07087 -0.999993
07121 -0.999993
08122 -0.999993
08552 -0.999993
09197 -0.999993
10438 -0.999993
11477 -0.999993
11527 -0.999993
11862 -0.999993
12698 -0.999993
13067 -0.999993
13779 -0.999993
14432 -0.999993
15825 -0.999993
16506 -0.999993
17602 -0.999993
17666 -0.999993
18890 -0.999993
19823 -0.999993
20845 -0.999993
20992 -0.999993
00105 -0.999992
00738 -0.999992
03793 -0.999992
03805 -0.999992
03888 -0.999992
04066 -0.999992
04580 -0.999992
05553 -0.999992
05607 -0.999992
06391 -0.999992
07984 -0.999992
08260 -0.999992
11623 -0.999992
12539 -0.999992
13512 -0.999992
14015 -0.999992
14246 -0.999992
15101 -0.999992
16000 -0.999992
16472 -0.999992
17097 -0.999992
17104 -0.999992
17504 -0.999992
18225 -0.999992
18372 -0.999992
19436 -0.999992
19566 -0.999992
20018 -0.999992
20872 -0.999992
00268 -0.999991
02164 -0.999991
02921 -0.999991
02967 -0.999991
03378 -0.999991
04627 -0.999991
05019 -0.999991
08334 -0.999991
09195 -0.999991
11147 -0.999991
12174 -0.999991
12242 -0.999991
12300 -0.999991
15338 -0.999991
15360 -0.999991
16846 -0.999991
03838 -0.99999
08897 -0.99999
10062 -0.99999
11337 -0.99999
11627 -0.99999
12751 -0.99999
13340 -0.99999
13360 -0.99999
13394 -0.99999
15388 -0.99999
16674 -0.99999
19133 -0.99999
00700 -0.999989
05478 -0.999989
08768 -0.999989
11523 -0.999989
11767 -0.999989
12257 -0.999989
12439 -0.999989
14044 -0.999989
14378 -0.999989
14676 -0.999989
15537 -0.999989
18691 -0.999989
20070 -0.999989
00708 -0.999988
00992 -0.999988
08323 -0.999988
10591 -0.999988
12882 -0.999988
13311 -0.999988
14709 -0.999988
15528 -0.999988
16708 -0.999988
17867 -0.999988
21119 -0.999988
04030 -0.999987
10575 -0.999987
11480 -0.999987
13942 -0.999987
14795 -0.999987
15580 -0.999987
17213 -0.999987
17472 -0.999987
19632 -0.999987
04719 -0.999986
07702 -0.999986
09700 -0.999986
13581 -0.999986
14072 -0.999986
14261 -0.999986
19166 -0.999986
00405 -0.999985
01092 -0.999985
03127 -0.999985
06615 -0.999985
03998 -0.999984
12393 -0.999984
13307 -0.999984
14738 -0.999984
16665 -0.999984
00641 -0.999983
01145 -0.999982
18675 -0.999982
02236 -0.999981
03647 -0.999981
06938 -0.999981
00118 -0.99998
09811 -0.99998
00510 -0.999979
06561 -0.999979
20604 -0.999979
04729 -0.999978
01319 -0.999977
06616 -0.999976
13293 -0.999976
15420 -0.999976
18569 -0.999974
13084 -0.999973
14688 -0.999973
12162 -0.999972
03652 -0.999971
08383 -0.999971
18947 -0.999971
06650 -0.99997
11676 -0.99997
08319 -0.999969
20844 -0.999969
13974 -0.999968
16537 -0.999967
18122 -0.999967
15942 -0.999966
01144 -0.999964
10516 -0.999964
12164 -0.999964
20086 -0.999964
20677 -0.999963
05023 -0.999961
03772 -0.999959
14992 -0.999958
04693 -0.999957
06268 -0.999957
03655 -0.999956
04493 -0.999956
12540 -0.999956
17981 -0.999956
19996 -0.999956
08207 -0.999954
09153 -0.999953
14626 -0.999953
15685 -0.999953
18974 -0.999953
19370 -0.999953
14017 -0.999952
02185 -0.999951
02215 -0.999951
11131 -0.999951
08455 -0.99995
05402 -0.999949
04658 -0.999947
07849 -0.999946
12235 -0.999946
18037 -0.999946
18074 -0.999946
03450 -0.999945
08544 -0.999944
12386 -0.999944
13091 -0.999944
13905 -0.999943
14007 -0.999943
18656 -0.999943
03367 -0.999942
07247 -0.999942
15574 -0.999942
00379 -0.99994
10417 -0.99994
11693 -0.999938
13450 -0.999938
13654 -0.999938
09468 -0.999937
13623 -0.999937
10871 -0.999936
01873 -0.999935
04549 -0.999935
04833 -0.999935
13546 -0.999935
09438 -0.999934
07082 -0.999933
19296 -0.999933
01139 -0.999932
05526 -0.999931
08869 -0.99993
11242 -0.99993
10096 -0.999929
18876 -0.999929
11730 -0.999928
12161 -0.999925
03206 -0.999923
16526 -0.999923
03586 -0.999921
10162 -0.999921
03300 -0.99992
10557 -0.99992
12712 -0.99992
11620 -0.999919
19739 -0.999918
10772 -0.999916
11255 -0.999916
14255 -0.999916
19103 -0.999914
19523 -0.999914
09428 -0.999913
11928 -0.999913
14078 -0.999913
19234 -0.999913
00962 -0.999912
03055 -0.999912
03333 -0.99991
04065 -0.99991
07137 -0.99991
11854 -0.99991
14407 -0.999909
14974 -0.999909
16040 -0.999909
02838 -0.999908
07454 -0.999908
05409 -0.999903
13200 -0.999902
09513 -0.999901
13054 -0.9999
15859 -0.999899
13502 -0.999898
08470 -0.999897
13465 -0.999897
18207 -0.999897
01620 -0.999893
08499 -0.999893
02605 -0.999892
04492 -0.999892
13202 -0.999891
14479 -0.999891
08062 -0.99989
10896 -0.99989
16881 -0.99989
08543 -0.999889
00638 -0.999887
20697 -0.999887
13563 -0.999886
02338 -0.999885
14153 -0.999885
04040 -0.999884
11383 -0.999884
13927 -0.999883
13997 -0.999883
14127 -0.999883
05915 -0.99988
08514 -0.99988
13767 -0.999879
14600 -0.999878
20799 -0.999877
16554 -0.999873
19486 -0.999873
01710 -0.999872
18118 -0.999872
08208 -0.999871
13593 -0.999871
08660 -0.999868
06859 -0.999867
16810 -0.999867
19461 -0.999864
10269 -0.999863
19113 -0.999863
10865 -0.999862
17209 -0.99986
18195 -0.99986
06193 -0.999859
06775 -0.999859
10410 -0.999859
14865 -0.999859
02267 -0.999858
19706 -0.999858
08789 -0.999857
11604 -0.999857
21161 -0.999857
14294 -0.999856
14345 -0.999856
14349 -0.999856
11152 -0.999855
11778 -0.999855
16468 -0.999855
18121 -0.999855
00944 -0.999854
00948 -0.999854
16463 -0.999854
21306 -0.999853
04209 -0.999852
19519 -0.999852
07235 -0.99985
11821 -0.99985
00051 -0.999847
00579 -0.999847
04655 -0.999846
05477 -0.999846
19438 -0.999846
19891 -0.999846
09006 -0.999845
11433 -0.999844
15499 -0.999844
10688 -0.999843
01093 -0.999842
00532 -0.999841
02445 -0.999841
06925 -0.999841
14409 -0.999841
19885 -0.999841
09466 -0.99984
13566 -0.99984
17152 -0.999839
07182 -0.999838
11328 -0.999838
14385 -0.999838
17321 -0.999837
21180 -0.999837
12661 -0.999835
19813 -0.999834
09527 -0.999833
18998 -0.999833
16461 -0.999832
18517 -0.999831
20909 -0.999831
10820 -0.99983
01527 -0.999828
13685 -0.999828
14538 -0.999828
14634 -0.999827
15072 -0.999826
17482 -0.999826
02922 -0.999824
01570 -0.999823
03050 -0.999823
04579 -0.999823
15146 -0.999823
16229 -0.999823
07295 -0.999822
10446 -0.999822
10712 -0.999821
19414 -0.999821
13357 -0.99982
06974 -0.999819
13962 -0.999819
14085 -0.999819
09094 -0.999818
14012 -0.999818
20946 -0.999818
02414 -0.999817
12983 -0.999817
14198 -0.999816
21010 -0.999816
11598 -0.999813
14720 -0.999812
00326 -0.999809
14996 -0.999809
15522 -0.999809
17705 -0.999809
19726 -0.999809
09898 -0.999808
19230 -0.999808
15670 -0.999807
19313 -0.999804
08919 -0.999801
18799 -0.999801
07507 -0.9998
01569 -0.999798
02274 -0.999798
08744 -0.999797
12675 -0.999797
03382 -0.999796
01522 -0.999795
16693 -0.999793
16192 -0.999792
17955 -0.999792
18851 -0.999787
21249 -0.999787
06660 -0.999786
19836 -0.999786
03123 -0.999783
05332 -0.999783
07173 -0.999783
19352 -0.999783
21090 -0.999783
13526 -0.999782
07707 -0.999779
07888 -0.999778
12707 -0.999778
05747 -0.999776
13466 -0.999776
13839 -0.999776
13883 -0.999776
13911 -0.999775
04360 -0.999773
00363 -0.999772
11879 -0.999771
06648 -0.99977
08338 -0.99977
08363 -0.99977
18705 -0.99977
03092 -0.999769
06061 -0.999769
08078 -0.999768
08256 -0.999768
20612 -0.999767
15461 -0.999766
19700 -0.999765
02392 -0.999764
14844 -0.999764
07899 -0.999763
16536 -0.999762
05866 -0.99976
10550 -0.999759
14186 -0.999759
20971 -0.999759
04469 -0.999757
06069 -0.999757
08276 -0.999757
00231 -0.999756
06284 -0.999756
10940 -0.999756
07170 -0.999755
10949 -0.999754
10179 -0.999753
04146 -0.999752
12151 -0.999752
09881 -0.999749
17718 -0.999748
01441 -0.999746
06723 -0.999746
17445 -0.999746
10182 -0.999745
18178 -0.999741
01028 -0.999735
01448 -0.999735
18841 -0.999732
09303 -0.999731
05564 -0.999728
17879 -0.999728
21364 -0.999728
21365 -0.999728
17436 -0.999727
11516 -0.999726
21282 -0.999726
00487 -0.999724
02949 -0.999724
15636 -0.999723
01070 -0.999721
09308 -0.999721
17028 -0.99972
00165 -0.999719
15771 -0.999719
21426 -0.999714
19112 -0.999713
03169 -0.999712
09053 -0.999712
00786 -0.999711
01686 -0.99971
09540 -0.999709
17485 -0.999709
18865 -0.999707
18203 -0.999706
21062 -0.999706
10819 -0.999705
00607 -0.999702
04728 -0.999702
07637 -0.999702
19004 -0.999702
07448 -0.999701
09781 -0.999701
01721 -0.9997
15959 -0.9997
01117 -0.999699
09079 -0.999698
02723 -0.999696
00467 -0.999695
17160 -0.999695
05995 -0.999694
06892 -0.999693
20072 -0.999692
20084 -0.999692
08089 -0.999691
03782 -0.99969
18310 -0.99969
01758 -0.999689
01255 -0.999687
02165 -0.999686
04011 -0.999686
05502 -0.999686
03081 -0.999685
20647 -0.999684
07452 -0.999683
14096 -0.999682
14146 -0.999681
02129 -0.99968
05237 -0.99968
12172 -0.99968
15059 -0.99968
19960 -0.999678
04903 -0.999677
14737 -0.999677
13863 -0.999676
19054 -0.999676
00719 -0.999675
02853 -0.999675
20596 -0.999673
15311 -0.99967
16928 -0.99967
21163 -0.99967
17157 -0.999669
19399 -0.999669
08973 -0.999668
12112 -0.999668
18064 -0.999668
00106 -0.999664
14235 -0.999664
15752 -0.999662
02294 -0.99966
03970 -0.99966
02178 -0.999659
13367 -0.999659
18626 -0.999657
07989 -0.999656
09227 -0.999656
00795 -0.999655
15963 -0.999655
11507 -0.999653
16001 -0.999653
01668 -0.999652
06731 -0.999651
09912 -0.99965
05584 -0.999649
17717 -0.999649
18753 -0.999648
11972 -0.999647
21122 -0.999642
20272 -0.999638
01004 -0.999637
16390 -0.999632
10217 -0.999631
10722 -0.999631
20810 -0.999631
01413 -0.999629
04339 -0.999629
02892 -0.999628
18476 -0.999628
18543 -0.999625
10869 -0.999624
11139 -0.999624
07220 -0.999623
12636 -0.999622
11003 -0.999619
17801 -0.999618
19446 -0.999618
00693 -0.999617
01993 -0.999613
02538 -0.999613
08709 -0.999613
16225 -0.999612
02109 -0.99961
03167 -0.99961
02847 -0.999609
10299 -0.999609
08150 -0.999608
11117 -0.999606
00561 -0.999604
11953 -0.999603
12202 -0.999603
02586 -0.999602
19269 -0.999602
21538 -0.999601
11050 -0.999599
12687 -0.999596
04238 -0.999595
13834 -0.999594
18012 -0.999594
21452 -0.999594
07392 -0.999592
19913 -0.999591
00184 -0.99959
07616 -0.999589
06029 -0.999587
11199 -0.999587
15791 -0.999587
18480 -0.999587
20929 -0.999587
08154 -0.999585
18426 -0.999583
07819 -0.99958
08493 -0.999579
09183 -0.999577
11088 -0.999577
18255 -0.999577
00552 -0.999576
13329 -0.999575
13344 -0.999575
04242 -0.999574
16921 -0.999574
06002 -0.999573
04571 -0.99957
18925 -0.99957
18748 -0.999569
18999 -0.999569
19686 -0.999569
18670 -0.999567
02951 -0.999566
19487 -0.999566
19488 -0.999564
18000 -0.999562
15195 -0.999561
10848 -0.99956
05694 -0.999558
11113 -0.999558
07352 -0.999557
07109 -0.999553
12094 -0.999553
12288 -0.999552
02862 -0.999551
06513 -0.999548
08309 -0.999548
09204 -0.999548
15774 -0.999548
21348 -0.999548
12005 -0.999546
15266 -0.999545
20874 -0.999545
15265 -0.999543
20597 -0.999543
12809 -0.999542
20552 -0.999541
05504 -0.999539
19257 -0.999538
08772 -0.999537
00658 -0.999534
02944 -0.999534
14284 -0.999534
02270 -0.999533
04371 -0.99953
02714 -0.999529
02970 -0.999529
12246 -0.999527
20055 -0.999525
01538 -0.999523
09412 -0.999521
00729 -0.99952
11093 -0.999519
08972 -0.999517
19821 -0.999516
19921 -0.999516
04334 -0.999514
06276 -0.999512
19140 -0.999512
14530 -0.999511
08420 -0.999508
01795 -0.999507
13301 -0.999506
14822 -0.999506
13741 -0.999504
19250 -0.999501
11100 -0.999498
17736 -0.999498
17789 -0.999497
21559 -0.999497
18179 -0.999496
08083 -0.999493
19759 -0.999493
07166 -0.999492
15009 -0.999492
16535 -0.999492
17492 -0.999492
10206 -0.999491
07854 -0.99949
20451 -0.999488
01334 -0.999487
01914 -0.999487
07706 -0.999487
11266 -0.999486
01659 -0.999484
09016 -0.999484
09507 -0.999482
19911 -0.999481
21059 -0.999481
21252 -0.999481
06498 -0.99948
07294 -0.99948
08830 -0.99948
16907 -0.99948
02314 -0.999478
16202 -0.999477
07189 -0.99947
03739 -0.999469
09941 -0.999469
18844 -0.999469
12062 -0.999467
02941 -0.999466
05457 -0.999464
09017 -0.999463
17108 -0.999463
05510 -0.999459
11276 -0.999456
09515 -0.999453
15434 -0.999453
11409 -0.999452
03690 -0.999451
14381 -0.999451
10603 -0.99945
04034 -0.999444
05555 -0.999444
16931 -0.999444
14714 -0.999443
03451 -0.99944
18371 -0.999439
10626 -0.999436
02105 -0.999435
15553 -0.999435
00407 -0.999433
05826 -0.999432
16675 -0.999432
18766 -0.999429
00497 -0.999426
00566 -0.999425
08557 -0.999425
20036 -0.999425
04606 -0.999422
21137 -0.999421
00976 -0.99942
08807 -0.999418
14590 -0.999418
01601 -0.999417
02999 -0.999417
06706 -0.999415
15900 -0.999415
17073 -0.999414
19518 -0.999414
09653 -0.999413
03837 -0.999411
11960 -0.99941
10645 -0.999406
19154 -0.999406
21261 -0.999403
07223 -0.999401
06888 -0.999397
13175 -0.999397
18158 -0.999395
13555 -0.999394
00810 -0.999391
02939 -0.999391
10926 -0.999386
13929 -0.999384
19467 -0.999384
09104 -0.999383
12349 -0.999383
11653 -0.999381
08402 -0.99938
01794 -0.999379
09504 -0.999375
19217 -0.999375
14035 -0.999374
19074 -0.999374
03939 -0.999373
10052 -0.999371
11564 -0.999371
21451 -0.99937
04134 -0.999368
12568 -0.999358
02842 -0.999357
04440 -0.999355
15885 -0.999354
12599 -0.999352
18161 -0.999352
14009 -0.999349
00492 -0.999348
09177 -0.999348
00558 -0.999346
01891 -0.999346
00995 -0.999344
08215 -0.99934
07574 -0.999339
07281 -0.999336
19095 -0.999336
03718 -0.999335
15170 -0.999335
19238 -0.999334
00336 -0.999333
13066 -0.999333
10991 -0.999332
19969 -0.999332
03756 -0.999331
14627 -0.999329
18892 -0.999327
17726 -0.999325
19900 -0.999321
01009 -0.999319
01648 -0.999319
11476 -0.999313
09608 -0.999311
12825 -0.999308
09696 -0.999304
21018 -0.999304
13971 -0.999303
14105 -0.999303
14819 -0.999303
14951 -0.999303
15609 -0.999303
13873 -0.999301
00664 -0.999299
12581 -0.999296
19782 -0.999295
18110 -0.999292
02410 -0.99929
19345 -0.99929
06071 -0.999288
07354 -0.999285
11371 -0.999285
11577 -0.999284
11017 -0.999281
04300 -0.99928
14369 -0.999277
09542 -0.999276
02854 -0.999272
15693 -0.99927
18478 -0.999269
18737 -0.999269
07433 -0.999268
10427 -0.999268
17215 -0.999266
20995 -0.999258
02053 -0.999257
18376 -0.999254
17517 -0.999248
00885 -0.999245
00457 -0.999244
02865 -0.999244
05736 -0.999244
20416 -0.999244
13346 -0.999242
14791 -0.999242
20616 -0.999241
19622 -0.99924
07657 -0.999239
19944 -0.999237
12226 -0.999235
04540 -0.999234
12376 -0.999229
13611 -0.999228
06439 -0.999223
10726 -0.999222
07766 -0.99922
06755 -0.999217
13518 -0.999216
07721 -0.999215
09965 -0.999211
04247 -0.999207
13666 -0.999206
13912 -0.999205
14066 -0.999205
21096 -0.999204
19240 -0.999201
05324 -0.999192
14393 -0.999189
15138 -0.999189
18912 -0.999187
02950 -0.999186
00770 -0.999185
14433 -0.999185
05601 -0.99918
03973 -0.999178
19356 -0.999177
07131 -0.999175
16531 -0.999174
10437 -0.999173
09038 -0.999172
14064 -0.999171
01130 -0.999169
07198 -0.999169
13300 -0.999169
16707 -0.999167
19354 -0.999166
00616 -0.999165
06583 -0.999162
06204 -0.999156
14578 -0.999154
02569 -0.999151
05533 -0.999149
06781 -0.999149
15684 -0.999149
04935 -0.999148
19629 -0.999148
20360 -0.999146
16191 -0.999145
16239 -0.999145
02716 -0.999138
20316 -0.999132
00173 -0.999131
15540 -0.999128
05974 -0.999126
11989 -0.999125
10388 -0.999124
09843 -0.999121
13215 -0.999121
08053 -0.99912
12618 -0.999115
08795 -0.999113
02604 -0.999109
04265 -0.999109
18856 -0.999108
15406 -0.999106
21291 -0.999103
09200 -0.9991
08715 -0.999099
08389 -0.999094
06937 -0.999093
01342 -0.99909
02782 -0.99909
03388 -0.99909
02895 -0.999089
09025 -0.999087
14870 -0.999086
03794 -0.999079
05369 -0.999075
03473 -0.999074
01654 -0.999072
02359 -0.999072
05536 -0.999072
11052 -0.999072
03754 -0.999069
00091 -0.999066
19156 -0.999062
08377 -0.999058
17570 -0.999058
08952 -0.999057
14693 -0.999055
03688 -0.999051
03474 -0.99905
03788 -0.999043
01923 -0.999042
02880 -0.999042
14028 -0.999041
12503 -0.99904
18935 -0.999038
21097 -0.999036
01282 -0.999027
03461 -0.999025
03526 -0.999025
09662 -0.999024
08713 -0.999023
12170 -0.999021
18789 -0.999021
13163 -0.99902
14603 -0.999019
14069 -0.999015
14477 -0.999012
09895 -0.999011
10090 -0.999004
18390 -0.999002
00207 -0.999
00895 -0.999
19830 -0.999
09234 -0.998995
20765 -0.99899
05096 -0.998989
20512 -0.998988
08978 -0.998986
06356 -0.998984
12684 -0.998983
00542 -0.99898
05022 -0.998977
03426 -0.998975
05343 -0.998974
12974 -0.998973
07116 -0.998972
18894 -0.998972
20579 -0.998972
08278 -0.998971
20776 -0.998968
19975 -0.998966
15353 -0.998965
03398 -0.998964
16464 -0.998964
03297 -0.998963
12747 -0.998962
10093 -0.998959
16209 -0.998945
20537 -0.998945
18915 -0.998944
09631 -0.998939
10997 -0.998939
13748 -0.998937
02163 -0.998935
06790 -0.998935
14915 -0.998935
12361 -0.998934
12766 -0.998933
10714 -0.998932
11069 -0.998924
02283 -0.998916
18211 -0.998916
19114 -0.998914
15037 -0.998909
10803 -0.998899
02232 -0.998898
13887 -0.998896
16930 -0.998893
09955 -0.998889
00215 -0.998888
13297 -0.998888
00185 -0.998883
07249 -0.998883
08230 -0.998877
02361 -0.998876
12958 -0.998869
00447 -0.998866
06754 -0.998866
06120 -0.998863
14210 -0.998862
19463 -0.998861
12096 -0.99886
13922 -0.998856
21370 -0.998854
13950 -0.998851
20402 -0.998849
20577 -0.998846
13753 -0.998845
15202 -0.998837
08031 -0.998835
13660 -0.998831
01962 -0.99883
19340 -0.998828
16147 -0.998822
06100 -0.998809
12426 -0.998809
18082 -0.998809
20717 -0.998806
11096 -0.998804
07955 -0.998801
08776 -0.9988
14715 -0.998798
11364 -0.998796
06769 -0.998793
14400 -0.998786
09239 -0.998777
02334 -0.998752
11927 -0.998751
06851 -0.99875
08517 -0.99875
16749 -0.99874
13943 -0.998739
07209 -0.998734
16143 -0.998732
08574 -0.99873
00406 -0.998729
01143 -0.998717
17692 -0.998715
02885 -0.998711
09916 -0.998709
15879 -0.998707
01480 -0.998706
20456 -0.9987
02566 -0.998697
05430 -0.99869
03811 -0.998687
10517 -0.998685
16629 -0.998681
04359 -0.99868
19592 -0.998673
10189 -0.998659
10510 -0.998659
02139 -0.998657
07714 -0.998656
05350 -0.998648
17740 -0.998646
12076 -0.998636
12982 -0.998636
02616 -0.998632
07783 -0.998631
06756 -0.99863
01829 -0.998622
08494 -0.998611
05130 -0.99861
11871 -0.998609
00777 -0.998596
12274 -0.998595
15727 -0.998592
06659 -0.998576
05545 -0.998575
12814 -0.998563
19501 -0.998563
02583 -0.99856
14523 -0.998559
15245 -0.99855
18168 -0.998537
07485 -0.998526
13816 -0.998526
06444 -0.998518
18943 -0.998513
07353 -0.998505
06538 -0.998495
08515 -0.998488
11004 -0.998479
16563 -0.99847
13480 -0.998465
04512 -0.998451
13970 -0.998451
03274 -0.998448
19675 -0.998446
17659 -0.998427
03658 -0.998397
18181 -0.998396
13431 -0.998394
21134 -0.998394
15147 -0.998376
19101 -0.998372
04813 -0.998362
01688 -0.998347
13848 -0.998339
00763 -0.998335
13515 -0.998327
21048 -0.998314
13304 -0.998296
06012 -0.998286
13364 -0.998286
17399 -0.998276
18615 -0.998257
00863 -0.998249
12514 -0.998221
16934 -0.998206
05521 -0.998203
05381 -0.998198
00778 -0.998195
03776 -0.998132
17481 -0.998099
07814 -0.998097
03345 -0.998059
02162 -0.998058
15334 -0.998056
13209 -0.998044
01980 -0.998031
19122 -0.997987
18098 -0.997963
14309 -0.997909
03126 -0.997902
18349 -0.997897
19939 -0.997895
08116 -0.997793
13197 -0.997791
05743 -0.99776
15642 -0.997758
18807 -0.997748
12275 -0.997703
19789 -0.997693
05638 -0.997651
19857 -0.997644
20720 -0.997607
11937 -0.997382
14531 -0.997091
02420 -0.994062
16972 -0.993081
