14230 -1.01347
05258 -1.01295
21347 -1.01281
13629 -1.01272
14748 -1.01265
05311 -1.01261
08328 -1.01249
12848 -1.01247
05214 -1.01229
16216 -1.01211
05290 -1.01203
16727 -1.01196
11781 -1.01195
08561 -1.01193
11224 -1.01187
09733 -1.01184
16128 -1.01182
18726 -1.01178
08320 -1.01173
06463 -1.01162
10268 -1.01156
03454 -1.01153
06635 -1.01153
04267 -1.01145
00372 -1.01142
05176 -1.01142
16844 -1.01142
17490 -1.01135
02521 -1.01128
05070 -1.01126
17903 -1.01125
12967 -1.01122
17731 -1.0112
15063 -1.01117
09244 -1.01114
03488 -1.01113
10455 -1.01113
03344 -1.01112
01729 -1.01111
08136 -1.01107
01312 -1.01106
12136 -1.01106
11732 -1.01104
18086 -1.01104
02383 -1.01103
05386 -1.01103
05230 -1.01102
10054 -1.011
12277 -1.011
00714 -1.01098
11016 -1.01097
04160 -1.01095
01906 -1.01093
17700 -1.01093
20500 -1.01092
06657 -1.01091
12876 -1.01091
01919 -1.0109
19825 -1.01088
08098 -1.01087
08137 -1.01087
07213 -1.01085
15549 -1.01084
20823 -1.01083
02979 -1.01082
07200 -1.01076
08055 -1.01076
21068 -1.01076
06980 -1.01075
13564 -1.01075
14698 -1.01075
18548 -1.01074
03798 -1.01069
06708 -1.01069
11746 -1.01069
15470 -1.01069
17359 -1.01064
14357 -1.01063
04988 -1.01061
13995 -1.01061
16163 -1.01061
13179 -1.0106
06388 -1.01059
02775 -1.01057
06722 -1.01056
12002 -1.01056
20744 -1.01056
08943 -1.01053
04748 -1.01052
09946 -1.01052
10760 -1.01051
17023 -1.01051
05318 -1.0105
08746 -1.01049
13115 -1.01049
13657 -1.01047
17312 -1.01046
09283 -1.01045
09382 -1.01045
14716 -1.01043
07366 -1.01042
10473 -1.01042
12394 -1.0104
02965 -1.01038
12026 -1.01037
05985 -1.01036
01854 -1.01035
13462 -1.01034
14826 -1.01034
18645 -1.01032
04026 -1.01031
10780 -1.01031
17396 -1.01031
08439 -1.0103
18409 -1.0103
20868 -1.0103
12355 -1.01028
17368 -1.01026
05576 -1.01025
08024 -1.01025
08937 -1.01024
11504 -1.01024
00748 -1.01023
10375 -1.01023
11234 -1.01019
16737 -1.01019
01456 -1.01018
01549 -1.01018
06346 -1.01018
12887 -1.01017
03421 -1.01016
04602 -1.01016
18849 -1.01016
16599 -1.01015
16367 -1.01013
03062 -1.01012
11490 -1.01012
03148 -1.01011
04564 -1.01011
16501 -1.01011
16680 -1.01011
12143 -1.01007
15227 -1.01006
15238 -1.01004
14869 -1.01003
17325 -1.01002
10743 -1.01
03023 -1.00999
00079 -1.00998
12917 -1.00998
17199 -1.00998
06914 -1.00997
10355 -1.00995
19953 -1.00994
09835 -1.00993
17409 -1.00993
00419 -1.00992
17497 -1.00992
03923 -1.00991
15103 -1.0099
07560 -1.00989
12971 -1.00989
08060 -1.00986
00473 -1.00985
18415 -1.00985
12431 -1.00984
16303 -1.00984
02725 -1.00983
09717 -1.00983
00875 -1.00982
08162 -1.00982
15743 -1.00982
03615 -1.0098
10078 -1.0098
11763 -1.0098
08980 -1.00979
15671 -1.00979
03298 -1.00978
14853 -1.00978
17891 -1.00978
03505 -1.00977
10931 -1.00977
04969 -1.00976
13322 -1.00976
20338 -1.00976
04764 -1.00975
06410 -1.00975
07742 -1.00975
18287 -1.00975
10292 -1.00974
14891 -1.00974
19871 -1.00974
09764 -1.00973
13263 -1.00973
15437 -1.00973
06426 -1.00972
16009 -1.00972
05482 -1.00971
07589 -1.00971
15362 -1.00969
18507 -1.00969
07405 -1.00968
06259 -1.00967
07135 -1.00967
17871 -1.00967
13496 -1.00966
14654 -1.00966
01967 -1.00965
05004 -1.00965
16558 -1.00965
16028 -1.00964
08714 -1.00963
00635 -1.00962
08960 -1.00962
14710 -1.00962
19258 -1.00962
20867 -1.00962
21060 -1.00961
21284 -1.0096
13266 -1.00959
16372 -1.00959
21127 -1.00959
08569 -1.00958
20143 -1.00958
03429 -1.00957
04864 -1.00957
08272 -1.00957
16785 -1.00956
00496 -1.00955
04944 -1.00954
10140 -1.00954
11753 -1.00954
13208 -1.00954
16087 -1.00954
17953 -1.00954
07607 -1.00953
12025 -1.00953
06357 -1.00952
15450 -1.00952
07088 -1.00951
10350 -1.00951
02697 -1.0095
16756 -1.0095
05515 -1.00949
06456 -1.00949
19432 -1.00949
00223 -1.00948
19710 -1.00948
01359 -1.00947
11350 -1.00946
09837 -1.00945
12397 -1.00945
13993 -1.00945
10080 -1.00944
12655 -1.00944
12701 -1.00944
02357 -1.00943
20698 -1.00943
00203 -1.00942
16278 -1.00942
20967 -1.00942
12680 -1.00941
19767 -1.00941
02064 -1.0094
00004 -1.00939
05473 -1.00939
07811 -1.00939
09275 -1.00939
04546 -1.00938
11717 -1.00938
04266 -1.00937
16381 -1.00937
04165 -1.00936
13577 -1.00936
17883 -1.00936
18378 -1.00936
15765 -1.00935
05631 -1.00934
11773 -1.00934
12011 -1.00934
13256 -1.00934
13419 -1.00934
17324 -1.00934
15556 -1.00933
18578 -1.00933
21473 -1.00933
02907 -1.00932
13396 -1.00932
06197 -1.00931
09638 -1.00931
17474 -1.00931
00016 -1.0093
00056 -1.0093
00319 -1.0093
04049 -1.0093
04175 -1.0093
15352 -1.0093
06143 -1.00929
06665 -1.00929
09022 -1.00929
04809 -1.00928
07731 -1.00928
09445 -1.00928
10103 -1.00928
10809 -1.00928
19285 -1.00927
00276 -1.00926
10291 -1.00926
11083 -1.00926
17367 -1.00926
21340 -1.00926
02228 -1.00925
06844 -1.00925
10976 -1.00924
00537 -1.00923
01306 -1.00923
12310 -1.00923
01682 -1.00922
05131 -1.00922
10050 -1.00922
18714 -1.00922
12208 -1.00921
06541 -1.0092
09940 -1.0092
14749 -1.0092
04130 -1.00919
10617 -1.00919
02203 -1.00918
05851 -1.00918
10367 -1.00918
13531 -1.00918
15369 -1.00918
15762 -1.00917
17760 -1.00917
12662 -1.00916
15488 -1.00916
16373 -1.00916
21420 -1.00916
12279 -1.00915
18047 -1.00915
07892 -1.00914
17896 -1.00914
20538 -1.00914
00209 -1.00913
02580 -1.00913
06896 -1.00913
12947 -1.00913
14419 -1.00913
19099 -1.00913
19532 -1.00913
05412 -1.00912
08121 -1.00912
08196 -1.00912
09402 -1.00912
09759 -1.00911
17506 -1.00911
19490 -1.00911
02500 -1.00909
08069 -1.00909
09170 -1.00909
11204 -1.00909
16773 -1.00909
01269 -1.00908
03762 -1.00908
12972 -1.00908
15852 -1.00908
18299 -1.00908
00950 -1.00907
04548 -1.00907
09909 -1.00907
10278 -1.00907
19589 -1.00907
20207 -1.00907
03013 -1.00906
06611 -1.00906
06752 -1.00906
08884 -1.00906
12791 -1.00906
01968 -1.00905
11215 -1.00905
12521 -1.00905
02304 -1.00904
06531 -1.00904
09959 -1.00904
14390 -1.00904
04363 -1.00903
05778 -1.00903
05858 -1.00903
07904 -1.00903
14126 -1.00903
18684 -1.00902
14708 -1.00901
16513 -1.00901
00288 -1.009
08716 -1.009
06926 -1.00899
12383 -1.00899
06395 -1.00898
10697 -1.00898
13261 -1.00898
21486 -1.00898
01275 -1.00897
15878 -1.00897
17048 -1.00897
17450 -1.00897
00010 -1.00896
01084 -1.00896
17220 -1.00896
19719 -1.00896
04477 -1.00895
11755 -1.00895
15016 -1.00895
18239 -1.00895
21425 -1.00895
00382 -1.00894
06013 -1.00894
16946 -1.00894
17620 -1.00894
21508 -1.00894
05891 -1.00893
14840 -1.00893
10505 -1.00892
10778 -1.00892
14987 -1.00892
07391 -1.00891
07710 -1.00891
09815 -1.00891
13046 -1.00891
14921 -1.00891
00854 -1.0089
00965 -1.0089
01868 -1.0089
07705 -1.0089
08932 -1.0089
13146 -1.0089
17598 -1.0089
06607 -1.00889
08820 -1.00889
15841 -1.00889
17707 -1.00889
01543 -1.00887
05672 -1.00887
15551 -1.00887
16249 -1.00887
19038 -1.00886
02824 -1.00885
05206 -1.00885
12195 -1.00885
07893 -1.00884
12598 -1.00884
19392 -1.00884
19457 -1.00884
01466 -1.00883
15095 -1.00883
16440 -1.00883
18250 -1.00883
20240 -1.00883
00225 -1.00882
00922 -1.00882
05171 -1.00882
07628 -1.00882
16636 -1.00882
06928 -1.00881
10733 -1.00881
10799 -1.00881
16292 -1.00881
19760 -1.00881
20185 -1.00881
00001 -1.0088
00644 -1.0088
00914 -1.0088
06157 -1.0088
16361 -1.0088
16904 -1.0088
16926 -1.0088
20317 -1.0088
03343 -1.00879
15190 -1.00879
17458 -1.00879
20806 -1.00879
01685 -1.00878
08627 -1.00878
09939 -1.00878
12181 -1.00878
19259 -1.00878
06400 -1.00877
11123 -1.00876
16898 -1.00876
19964 -1.00876
06379 -1.00875
02221 -1.00874
02833 -1.00874
07551 -1.00874
15978 -1.00874
19499 -1.00874
00200 -1.00873
00295 -1.00873
02001 -1.00873
02428 -1.00873
03489 -1.00873
03555 -1.00873
06465 -1.00872
14780 -1.00872
07342 -1.0087
12292 -1.0087
17148 -1.0087
04067 -1.00869
09722 -1.00869
10623 -1.00869
10902 -1.00869
19604 -1.00869
00335 -1.00868
04313 -1.00868
07864 -1.00868
10605 -1.00868
11711 -1.00868
20254 -1.00868
05542 -1.00867
08115 -1.00866
10704 -1.00866
12778 -1.00866
20772 -1.00866
02475 -1.00865
06473 -1.00865
15697 -1.00865
16139 -1.00865
17976 -1.00865
00356 -1.00864
09975 -1.00864
11823 -1.00864
17628 -1.00864
19111 -1.00864
02198 -1.00863
04007 -1.00863
06618 -1.00863
09388 -1.00863
12487 -1.00863
15154 -1.00863
01534 -1.00862
09328 -1.00862
03759 -1.00861
09899 -1.00861
10905 -1.00861
07925 -1.0086
09569 -1.0086
11206 -1.0086
16053 -1.0086
17135 -1.0086
00236 -1.00859
04174 -1.00859
06360 -1.00859
06605 -1.00859
07778 -1.00859
19848 -1.00859
05234 -1.00858
11820 -1.00858
12163 -1.00858
16389 -1.00858
19334 -1.00858
00898 -1.00857
01380 -1.00857
03072 -1.00857
12188 -1.00857
15511 -1.00857
03931 -1.00856
09211 -1.00856
19679 -1.00856
00362 -1.00855
03396 -1.00854
08901 -1.00854
18621 -1.00854
19687 -1.00854
21287 -1.00854
00180 -1.00853
12574 -1.00853
13034 -1.00853
21277 -1.00853
03413 -1.00852
04643 -1.00852
07304 -1.00852
20803 -1.00852
09047 -1.00851
14890 -1.00851
19425 -1.00851
05941 -1.0085
16132 -1.0085
16183 -1.0085
16619 -1.0085
16948 -1.0085
21572 -1.0085
06547 -1.00849
17438 -1.00849
08526 -1.00848
12340 -1.00848
14043 -1.00848
04800 -1.00847
06459 -1.00847
06689 -1.00847
07927 -1.00847
09618 -1.00847
10537 -1.00847
03020 -1.00846
04303 -1.00846
11457 -1.00846
17202 -1.00846
01357 -1.00845
03247 -1.00845
06592 -1.00845
11487 -1.00845
12432 -1.00845
13216 -1.00845
13752 -1.00845
16565 -1.00845
02115 -1.00844
04906 -1.00844
07933 -1.00844
10924 -1.00844
15442 -1.00844
15686 -1.00844
02251 -1.00843
05139 -1.00843
19603 -1.00843
06742 -1.00842
08677 -1.00842
10317 -1.00842
11192 -1.00842
15444 -1.00842
01579 -1.00841
01696 -1.00841
07493 -1.00841
09978 -1.00841
17307 -1.00841
17363 -1.00841
17714 -1.00841
01190 -1.0084
02157 -1.0084
18054 -1.0084
04405 -1.00839
05486 -1.00839
06962 -1.00838
09749 -1.00838
11203 -1.00838
17930 -1.00838
03446 -1.00837
09673 -1.00836
17036 -1.00836
02618 -1.00835
08444 -1.00835
10422 -1.00835
16443 -1.00835
18532 -1.00835
04893 -1.00834
09742 -1.00834
13390 -1.00834
16075 -1.00834
17574 -1.00834
21470 -1.00834
04290 -1.00833
04317 -1.00833
04810 -1.00833
00730 -1.00832
02456 -1.00832
20183 -1.00832
03077 -1.00831
08974 -1.00831
17419 -1.00831
18317 -1.00831
00696 -1.0083
15912 -1.0083
20256 -1.0083
10829 -1.00829
12548 -1.00829
19242 -1.00829
00843 -1.00828
01388 -1.00828
11349 -1.00828
15325 -1.00828
17198 -1.00828
18005 -1.00828
01860 -1.00827
02312 -1.00827
09130 -1.00827
00752 -1.00826
01539 -1.00826
08896 -1.00826
11186 -1.00826
17433 -1.00826
17778 -1.00826
01252 -1.00825
03868 -1.00825
04567 -1.00825
06180 -1.00825
15581 -1.00825
17099 -1.00825
00803 -1.00824
06996 -1.00824
08708 -1.00824
02587 -1.00823
07094 -1.00823
10822 -1.00823
10927 -1.00823
12485 -1.00823
13246 -1.00823
14697 -1.00823
20706 -1.00823
06588 -1.00822
10382 -1.00822
11198 -1.00822
13790 -1.00822
05201 -1.00821
08961 -1.00821
09667 -1.00821
10264 -1.00821
12434 -1.00821
12634 -1.00821
13379 -1.00821
15844 -1.00821
18515 -1.00821
18767 -1.00821
21376 -1.00821
02342 -1.0082
11261 -1.0082
12815 -1.0082
19660 -1.0082
15530 -1.00819
15957 -1.00819
17966 -1.00819
02698 -1.00818
12150 -1.00818
17605 -1.00818
02121 -1.00817
09269 -1.00817
11181 -1.00817
17305 -1.00817
01408 -1.00816
02132 -1.00816
03902 -1.00816
07290 -1.00816
08753 -1.00816
14757 -1.00816
08483 -1.00815
10344 -1.00815
10546 -1.00815
17456 -1.00815
03075 -1.00814
03267 -1.00814
08548 -1.00814
08711 -1.00814
11637 -1.00814
14541 -1.00814
15639 -1.00814
03065 -1.00813
04071 -1.00813
06699 -1.00813
08271 -1.00813
16176 -1.00813
17571 -1.00813
18917 -1.00813
05186 -1.00812
05294 -1.00812
05471 -1.00812
15370 -1.00812
17193 -1.00812
20764 -1.00812
00311 -1.00811
05366 -1.00811
06203 -1.00811
13073 -1.00811
14687 -1.00811
15569 -1.00811
12328 -1.0081
17426 -1.0081
19544 -1.0081
20783 -1.0081
21334 -1.0081
03978 -1.00809
06656 -1.00809
12282 -1.00809
20304 -1.00809
04878 -1.00808
08846 -1.00808
10133 -1.00808
17083 -1.00808
19191 -1.00808
19930 -1.00808
00028 -1.00807
10306 -1.00807
18280 -1.00807
20110 -1.00807
00232 -1.00806
00331 -1.00806
03534 -1.00806
09110 -1.00806
13234 -1.00806
17294 -1.00806
00263 -1.00805
04692 -1.00805
07105 -1.00805
07326 -1.00805
09714 -1.00805
09796 -1.00805
17348 -1.00805
18588 -1.00805
06867 -1.00804
08633 -1.00804
16986 -1.00804
02526 -1.00803
02878 -1.00803
09281 -1.00803
10748 -1.00803
15243 -1.00803
15382 -1.00803
18512 -1.00803
19831 -1.00803
20614 -1.00803
02052 -1.00802
08971 -1.00802
13053 -1.00802
13244 -1.00802
13733 -1.00802
15534 -1.00802
16833 -1.00802
19289 -1.00802
08595 -1.00801
09174 -1.00801
13281 -1.00801
18652 -1.00801
03287 -1.008
05587 -1.008
07043 -1.008
07830 -1.008
10201 -1.008
17922 -1.008
19028 -1.008
02718 -1.00799
05585 -1.00799
15149 -1.00799
01963 -1.00798
09636 -1.00798
16112 -1.00798
17846 -1.00798
00230 -1.00797
00240 -1.00797
08628 -1.00797
08666 -1.00797
10856 -1.00797
11914 -1.00797
12953 -1.00797
14770 -1.00797
14931 -1.00797
00347 -1.00796
02973 -1.00796
02998 -1.00796
07499 -1.00796
08621 -1.00796
08664 -1.00796
09582 -1.00796
11029 -1.00796
11752 -1.00796
12146 -1.00796
16938 -1.00796
18591 -1.00796
19353 -1.00796
01726 -1.00795
03861 -1.00795
04223 -1.00795
05643 -1.00795
07753 -1.00795
08262 -1.00795
11451 -1.00795
13656 -1.00795
14109 -1.00795
16937 -1.00795
17386 -1.00795
18148 -1.00795
19752 -1.00795
02308 -1.00794
04759 -1.00794
11225 -1.00794
11492 -1.00794
18985 -1.00794
08839 -1.00793
09440 -1.00793
09937 -1.00793
12381 -1.00793
12818 -1.00793
15736 -1.00793
16564 -1.00793
16794 -1.00793
01724 -1.00792
03048 -1.00792
09080 -1.00792
09734 -1.00792
10703 -1.00792
14797 -1.00792
18204 -1.00792
02227 -1.00791
02658 -1.00791
08819 -1.00791
12878 -1.00791
18397 -1.00791
18938 -1.00791
19036 -1.00791
00300 -1.0079
00340 -1.0079
02627 -1.0079
10582 -1.0079
11063 -1.0079
11177 -1.0079
21101 -1.0079
13771 -1.00789
13809 -1.00789
03188 -1.00788
05759 -1.00788
10954 -1.00788
12156 -1.00788
13225 -1.00788
15587 -1.00788
17477 -1.00788
18267 -1.00788
18455 -1.00788
00926 -1.00787
00942 -1.00787
10725 -1.00787
10786 -1.00787
16677 -1.00787
18904 -1.00787
02362 -1.00786
06603 -1.00786
06876 -1.00786
10071 -1.00786
11828 -1.00786
04830 -1.00785
05394 -1.00785
10877 -1.00785
15816 -1.00785
18052 -1.00785
02735 -1.00784
04081 -1.00784
18422 -1.00784
19688 -1.00784
02554 -1.00783
03068 -1.00783
03111 -1.00783
05452 -1.00783
09180 -1.00783
09848 -1.00783
14372 -1.00783
16002 -1.00783
16421 -1.00783
16832 -1.00783
18471 -1.00783
19683 -1.00783
20046 -1.00783
01718 -1.00782
06094 -1.00782
06612 -1.00782
10784 -1.00782
14691 -1.00782
15263 -1.00782
15700 -1.00782
17079 -1.00782
19897 -1.00782
20064 -1.00782
01836 -1.00781
11768 -1.00781
15498 -1.00781
20432 -1.00781
08618 -1.0078
10593 -1.0078
21379 -1.0078
01535 -1.00779
08392 -1.00779
08992 -1.00779
09732 -1.00779
10406 -1.00779
13487 -1.00779
16200 -1.00779
00237 -1.00778
05200 -1.00778
05789 -1.00778
12118 -1.00778
17207 -1.00778
17906 -1.00778
19619 -1.00778
03030 -1.00777
03078 -1.00777
10501 -1.00777
16044 -1.00777
01911 -1.00776
03942 -1.00776
06112 -1.00776
06406 -1.00776
09436 -1.00776
18540 -1.00776
00386 -1.00775
04533 -1.00775
09378 -1.00775
10178 -1.00775
12756 -1.00775
17833 -1.00775
18996 -1.00775
20300 -1.00775
04093 -1.00774
05456 -1.00774
13692 -1.00774
16681 -1.00774
17075 -1.00774
17195 -1.00774
17460 -1.00774
20029 -1.00774
00840 -1.00773
05384 -1.00773
11498 -1.00773
17252 -1.00773
21057 -1.00773
01353 -1.00772
03743 -1.00772
04037 -1.00772
04126 -1.00772
05935 -1.00772
06471 -1.00772
06890 -1.00772
09058 -1.00772
10106 -1.00772
14782 -1.00772
16119 -1.00772
21542 -1.00772
10570 -1.00771
15835 -1.00771
03502 -1.0077
03670 -1.0077
04642 -1.0077
05376 -1.0077
05951 -1.0077
11184 -1.0077
11240 -1.0077
14342 -1.0077
00137 -1.00769
00891 -1.00769
03170 -1.00769
03470 -1.00769
05098 -1.00769
11080 -1.00769
04989 -1.00768
05303 -1.00768
08990 -1.00768
09015 -1.00768
16641 -1.00768
20551 -1.00768
21056 -1.00768
02663 -1.00767
02988 -1.00767
04508 -1.00767
09784 -1.00767
10246 -1.00767
10854 -1.00767
11926 -1.00767
14734 -1.00767
15349 -1.00767
00342 -1.00766
02078 -1.00766
08292 -1.00766
11060 -1.00766
14184 -1.00766
21015 -1.00766
00273 -1.00765
01019 -1.00765
10017 -1.00765
17416 -1.00765
17849 -1.00765
05345 -1.00764
05667 -1.00764
12793 -1.00764
16171 -1.00764
16644 -1.00764
18138 -1.00764
20663 -1.00764
04196 -1.00763
18672 -1.00763
00344 -1.00762
15830 -1.00762
17096 -1.00762
18891 -1.00762
20748 -1.00762
00264 -1.00761
00546 -1.00761
02759 -1.00761
03390 -1.00761
04136 -1.00761
04871 -1.00761
05779 -1.00761
07036 -1.00761
13347 -1.00761
13576 -1.00761
14843 -1.00761
14849 -1.00761
15160 -1.00761
15421 -1.00761
15975 -1.00761
16177 -1.00761
18579 -1.00761
00925 -1.0076
07701 -1.0076
08985 -1.0076
12423 -1.0076
14982 -1.0076
02166 -1.00759
12031 -1.00759
14635 -1.00759
15172 -1.00759
16094 -1.00759
16357 -1.00759
17970 -1.00759
20038 -1.00759
00135 -1.00758
04630 -1.00758
10390 -1.00758
11505 -1.00758
12066 -1.00758
12072 -1.00758
12811 -1.00758
17508 -1.00758
17612 -1.00758
21408 -1.00758
05273 -1.00757
08691 -1.00757
08799 -1.00757
09310 -1.00757
09336 -1.00757
11600 -1.00757
12773 -1.00757
16759 -1.00757
17572 -1.00757
18352 -1.00757
19538 -1.00757
01777 -1.00756
02261 -1.00756
09462 -1.00756
10525 -1.00756
11691 -1.00756
15604 -1.00756
17933 -1.00756
01316 -1.00755
04027 -1.00755
08314 -1.00755
08780 -1.00755
11414 -1.00755
11448 -1.00755
14767 -1.00755
16643 -1.00755
16964 -1.00755
00591 -1.00754
03312 -1.00754
04951 -1.00754
11739 -1.00754
17382 -1.00754
20705 -1.00754
20861 -1.00754
02906 -1.00753
05271 -1.00753
08004 -1.00753
05167 -1.00752
12085 -1.00752
19066 -1.00752
19157 -1.00752
20751 -1.00752
01126 -1.00751
04771 -1.00751
08384 -1.00751
09112 -1.00751
09150 -1.00751
12317 -1.00751
12372 -1.00751
13738 -1.00751
18062 -1.00751
19553 -1.00751
20530 -1.00751
06285 -1.0075
08029 -1.0075
11214 -1.0075
12650 -1.0075
15364 -1.0075
15840 -1.0075
15967 -1.0075
20782 -1.0075
00033 -1.00749
03512 -1.00749
07937 -1.00749
17435 -1.00749
19039 -1.00749
20201 -1.00749
20924 -1.00749
21304 -1.00749
02686 -1.00748
06721 -1.00748
09526 -1.00748
10512 -1.00748
12829 -1.00748
12879 -1.00748
15492 -1.00748
15783 -1.00748
16864 -1.00748
18003 -1.00748
18696 -1.00748
19713 -1.00748
19966 -1.00748
01525 -1.00747
03500 -1.00747
04246 -1.00747
09206 -1.00747
12221 -1.00747
13949 -1.00747
17961 -1.00747
01926 -1.00746
02354 -1.00746
05241 -1.00746
06586 -1.00746
12409 -1.00746
15270 -1.00746
19548 -1.00746
05170 -1.00745
10973 -1.00745
19040 -1.00745
01026 -1.00744
06090 -1.00744
09679 -1.00744
10329 -1.00744
17915 -1.00744
07356 -1.00743
10486 -1.00743
15507 -1.00743
18625 -1.00743
21260 -1.00743
01297 -1.00742
04132 -1.00742
11985 -1.00742
16072 -1.00742
01808 -1.00741
06215 -1.00741
06581 -1.00741
11084 -1.00741
11827 -1.00741
12189 -1.00741
16203 -1.00741
03813 -1.0074
04307 -1.0074
06770 -1.0074
08743 -1.0074
09296 -1.0074
15454 -1.0074
17405 -1.0074
21165 -1.0074
00422 -1.00739
04683 -1.00739
05761 -1.00739
09263 -1.00739
09554 -1.00739
09793 -1.00739
10236 -1.00739
11299 -1.00739
17573 -1.00739
21064 -1.00739
00458 -1.00738
10208 -1.00738
13252 -1.00738
13331 -1.00738
13434 -1.00738
14852 -1.00738
18278 -1.00738
20346 -1.00738
03984 -1.00737
11843 -1.00737
19326 -1.00737
00389 -1.00736
00740 -1.00736
03060 -1.00736
03593 -1.00736
05378 -1.00736
06182 -1.00736
09154 -1.00736
10959 -1.00736
01540 -1.00735
04017 -1.00735
04534 -1.00735
05235 -1.00735
11368 -1.00735
20095 -1.00735
21336 -1.00735
01611 -1.00734
01739 -1.00734
02257 -1.00734
05888 -1.00734
07263 -1.00734
08164 -1.00734
09052 -1.00734
10741 -1.00734
13592 -1.00734
16613 -1.00734
19091 -1.00734
19497 -1.00734
00889 -1.00733
04772 -1.00733
04863 -1.00733
06849 -1.00733
15677 -1.00733
01414 -1.00732
04205 -1.00732
05570 -1.00732
05808 -1.00732
15094 -1.00732
15571 -1.00732
18186 -1.00732
20159 -1.00732
21244 -1.00732
21251 -1.00732
21331 -1.00732
00359 -1.00731
01360 -1.00731
08201 -1.00731
09246 -1.00731
09861 -1.00731
10695 -1.00731
12113 -1.00731
17680 -1.00731
00109 -1.0073
00779 -1.0073
04019 -1.0073
04699 -1.0073
06998 -1.0073
07717 -1.0073
09782 -1.0073
20787 -1.0073
00110 -1.00729
07765 -1.00729
08075 -1.00729
09650 -1.00729
12144 -1.00729
13606 -1.00729
14220 -1.00729
15281 -1.00729
19415 -1.00729
21422 -1.00729
00023 -1.00728
00837 -1.00728
03269 -1.00728
03371 -1.00728
07866 -1.00728
08510 -1.00728
09203 -1.00728
09583 -1.00728
15091 -1.00728
15414 -1.00728
18601 -1.00728
20120 -1.00728
20877 -1.00728
04824 -1.00727
06376 -1.00727
07227 -1.00727
16280 -1.00727
17934 -1.00727
00144 -1.00726
01889 -1.00726
04369 -1.00726
04884 -1.00726
05460 -1.00726
06725 -1.00726
07062 -1.00726
18614 -1.00726
19949 -1.00726
00874 -1.00725
06653 -1.00725
09061 -1.00725
10303 -1.00725
11680 -1.00725
12537 -1.00725
13348 -1.00725
17206 -1.00725
18530 -1.00725
02822 -1.00724
03587 -1.00724
04744 -1.00724
07428 -1.00724
09544 -1.00724
10826 -1.00724
12750 -1.00724
17374 -1.00724
18420 -1.00724
00278 -1.00723
04016 -1.00723
04186 -1.00723
05085 -1.00723
05561 -1.00723
11470 -1.00723
12799 -1.00723
12898 -1.00723
16998 -1.00723
17980 -1.00723
18961 -1.00723
19211 -1.00723
19958 -1.00723
03019 -1.00722
03027 -1.00722
05468 -1.00722
08248 -1.00722
09142 -1.00722
15043 -1.00722
19509 -1.00722
02197 -1.00721
03732 -1.00721
03825 -1.00721
04058 -1.00721
04674 -1.00721
07175 -1.00721
08153 -1.00721
09706 -1.00721
09758 -1.00721
09886 -1.00721
10136 -1.00721
13420 -1.00721
15824 -1.00721
18131 -1.00721
00334 -1.0072
04727 -1.0072
06217 -1.0072
08525 -1.0072
09788 -1.0072
12209 -1.0072
15403 -1.0072
21154 -1.0072
04625 -1.00719
05104 -1.00719
09736 -1.00719
12827 -1.00719
15625 -1.00719
17013 -1.00719
19041 -1.00719
01091 -1.00718
07643 -1.00718
07796 -1.00718
10209 -1.00718
14277 -1.00718
15617 -1.00718
17952 -1.00718
00888 -1.00717
00957 -1.00717
01362 -1.00717
03492 -1.00717
07977 -1.00717
08360 -1.00717
10676 -1.00717
11830 -1.00717
11946 -1.00717
16840 -1.00717
02061 -1.00716
02470 -1.00716
05377 -1.00716
05726 -1.00716
08076 -1.00716
10429 -1.00716
11180 -1.00716
16198 -1.00716
17771 -1.00716
17839 -1.00716
18542 -1.00716
03535 -1.00715
07126 -1.00715
08095 -1.00715
08484 -1.00715
09230 -1.00715
09518 -1.00715
12318 -1.00715
18524 -1.00715
19588 -1.00715
00181 -1.00714
00704 -1.00714
01576 -1.00714
02533 -1.00714
04611 -1.00714
05100 -1.00714
06481 -1.00714
10478 -1.00714
16158 -1.00714
20864 -1.00714
11213 -1.00713
14773 -1.00713
15645 -1.00713
17043 -1.00713
17549 -1.00713
01918 -1.00712
02045 -1.00712
02060 -1.00712
04603 -1.00712
04733 -1.00712
05817 -1.00712
07255 -1.00712
07332 -1.00712
08173 -1.00712
08225 -1.00712
16277 -1.00712
19527 -1.00712
19979 -1.00712
00577 -1.00711
01947 -1.00711
02089 -1.00711
04851 -1.00711
05702 -1.00711
07229 -1.00711
08325 -1.00711
10398 -1.00711
12770 -1.00711
17000 -1.00711
04212 -1.0071
04346 -1.0071
05256 -1.0071
05364 -1.0071
13350 -1.0071
13455 -1.0071
16608 -1.0071
19423 -1.0071
00625 -1.00709
01789 -1.00709
05225 -1.00709
05458 -1.00709
08315 -1.00709
10830 -1.00709
10996 -1.00709
11874 -1.00709
11988 -1.00709
19120 -1.00709
20897 -1.00709
05965 -1.00708
06949 -1.00708
08597 -1.00708
16434 -1.00708
20535 -1.00708
00315 -1.00707
01193 -1.00707
02797 -1.00707
04498 -1.00707
05298 -1.00707
05302 -1.00707
07659 -1.00707
14984 -1.00707
17507 -1.00707
20244 -1.00707
21557 -1.00707
02024 -1.00706
03034 -1.00706
05370 -1.00706
07161 -1.00706
07486 -1.00706
08252 -1.00706
08982 -1.00706
09055 -1.00706
11977 -1.00706
13735 -1.00706
15264 -1.00706
16154 -1.00706
17625 -1.00706
00967 -1.00705
03088 -1.00705
05484 -1.00705
07308 -1.00705
07471 -1.00705
08044 -1.00705
12396 -1.00705
13148 -1.00705
17217 -1.00705
17271 -1.00705
20557 -1.00705
21193 -1.00705
01368 -1.00704
01935 -1.00704
03230 -1.00704
04310 -1.00704
04443 -1.00704
04777 -1.00704
06352 -1.00704
07600 -1.00704
08090 -1.00704
11872 -1.00704
15773 -1.00704
17212 -1.00704
18146 -1.00704
19086 -1.00704
19149 -1.00704
00364 -1.00703
02887 -1.00703
04233 -1.00703
09307 -1.00703
13280 -1.00703
21242 -1.00703
00955 -1.00702
02307 -1.00702
03698 -1.00702
04620 -1.00702
05163 -1.00702
08166 -1.00702
08239 -1.00702
10057 -1.00702
10323 -1.00702
12654 -1.00702
17721 -1.00702
19586 -1.00702
03214 -1.00701
05690 -1.00701
07950 -1.00701
08600 -1.00701
09806 -1.00701
18252 -1.00701
19915 -1.00701
20172 -1.00701
20199 -1.00701
03002 -1.007
12013 -1.007
12389 -1.007
13039 -1.007
16589 -1.007
17886 -1.007
04691 -1.00699
07687 -1.00699
10689 -1.00699
10771 -1.00699
12909 -1.00699
16894 -1.00699
17261 -1.00699
17956 -1.00699
18360 -1.00699
20048 -1.00699
03571 -1.00698
05636 -1.00698
06108 -1.00698
10531 -1.00698
13123 -1.00698
17119 -1.00698
17812 -1.00698
17923 -1.00698
00674 -1.00697
03514 -1.00697
03537 -1.00697
05039 -1.00697
11797 -1.00697
12180 -1.00697
16309 -1.00697
16358 -1.00697
18764 -1.00697
01674 -1.00696
03397 -1.00696
05405 -1.00696
11863 -1.00696
12322 -1.00696
13002 -1.00696
18461 -1.00696
19581 -1.00696
01421 -1.00695
03815 -1.00695
03890 -1.00695
08222 -1.00695
11548 -1.00695
17654 -1.00695
20145 -1.00695
20546 -1.00695
12865 -1.00694
14301 -1.00694
17423 -1.00694
18679 -1.00694
00247 -1.00693
04232 -1.00693
04556 -1.00693
05172 -1.00693
07313 -1.00693
07339 -1.00693
08245 -1.00693
08967 -1.00693
11616 -1.00693
11737 -1.00693
11782 -1.00693
12639 -1.00693
15999 -1.00693
16095 -1.00693
16118 -1.00693
17173 -1.00693
17873 -1.00693
01999 -1.00692
03957 -1.00692
04953 -1.00692
05051 -1.00692
06209 -1.00692
07525 -1.00692
08563 -1.00692
10552 -1.00692
12644 -1.00692
13203 -1.00692
16626 -1.00692
16723 -1.00692
16914 -1.00692
17103 -1.00692
17180 -1.00692
00960 -1.00691
06447 -1.00691
12600 -1.00691
12732 -1.00691
14088 -1.00691
15211 -1.00691
15738 -1.00691
16097 -1.00691
16170 -1.00691
18144 -1.00691
18490 -1.00691
19377 -1.00691
19556 -1.00691
00013 -1.0069
07870 -1.0069
09139 -1.0069
10548 -1.0069
10765 -1.0069
11639 -1.0069
14408 -1.0069
14862 -1.0069
16792 -1.0069
18744 -1.0069
00768 -1.00689
02860 -1.00689
03884 -1.00689
04014 -1.00689
07203 -1.00689
14225 -1.00689
17246 -1.00689
19050 -1.00689
21312 -1.00689
03284 -1.00688
09355 -1.00688
12616 -1.00688
13908 -1.00688
20419 -1.00688
00095 -1.00687
00235 -1.00687
01059 -1.00687
01404 -1.00687
02081 -1.00687
03137 -1.00687
04185 -1.00687
04333 -1.00687
04354 -1.00687
06396 -1.00687
12452 -1.00687
12802 -1.00687
14868 -1.00687
14901 -1.00687
16607 -1.00687
19089 -1.00687
00485 -1.00686
04552 -1.00686
04573 -1.00686
08852 -1.00686
10036 -1.00686
11654 -1.00686
12052 -1.00686
15372 -1.00686
15842 -1.00686
17905 -1.00686
03516 -1.00685
06130 -1.00685
06165 -1.00685
06720 -1.00685
07071 -1.00685
07617 -1.00685
11058 -1.00685
15539 -1.00685
16168 -1.00685
17410 -1.00685
01809 -1.00684
04515 -1.00684
04946 -1.00684
05336 -1.00684
07419 -1.00684
07971 -1.00684
08653 -1.00684
10153 -1.00684
10341 -1.00684
11592 -1.00684
13241 -1.00684
13453 -1.00684
14813 -1.00684
16332 -1.00684
17965 -1.00684
18650 -1.00684
20895 -1.00684
00214 -1.00683
00718 -1.00683
01140 -1.00683
02048 -1.00683
03610 -1.00683
05010 -1.00683
05848 -1.00683
09599 -1.00683
09928 -1.00683
11831 -1.00683
01895 -1.00682
01902 -1.00682
02409 -1.00682
02991 -1.00682
04101 -1.00682
04891 -1.00682
15789 -1.00682
17016 -1.00682
17254 -1.00682
17289 -1.00682
02522 -1.00681
10150 -1.00681
12323 -1.00681
12780 -1.00681
15940 -1.00681
17584 -1.00681
01916 -1.0068
02579 -1.0068
02992 -1.0068
03847 -1.0068
04960 -1.0068
05011 -1.0068
07410 -1.0068
08310 -1.0068
10272 -1.0068
15683 -1.0068
15712 -1.0068
17317 -1.0068
18600 -1.0068
03645 -1.00679
05295 -1.00679
08769 -1.00679
09640 -1.00679
10472 -1.00679
11686 -1.00679
14560 -1.00679
16935 -1.00679
16957 -1.00679
19828 -1.00679
20685 -1.00679
03263 -1.00678
03547 -1.00678
03991 -1.00678
08200 -1.00678
08796 -1.00678
08963 -1.00678
10445 -1.00678
12790 -1.00678
20564 -1.00678
00179 -1.00677
04315 -1.00677
05541 -1.00677
07547 -1.00677
08009 -1.00677
08202 -1.00677
11007 -1.00677
12765 -1.00677
15893 -1.00677
19172 -1.00677
19682 -1.00677
20750 -1.00677
20822 -1.00677
21575 -1.00677
04304 -1.00676
12122 -1.00676
13278 -1.00676
14073 -1.00676
16454 -1.00676
16574 -1.00676
21387 -1.00676
01314 -1.00675
01366 -1.00675
03903 -1.00675
05181 -1.00675
06128 -1.00675
08601 -1.00675
08962 -1.00675
10175 -1.00675
10281 -1.00675
12638 -1.00675
13283 -1.00675
00774 -1.00674
01634 -1.00674
03394 -1.00674
03864 -1.00674
05710 -1.00674
07099 -1.00674
07914 -1.00674
08221 -1.00674
13662 -1.00674
14056 -1.00674
16019 -1.00674
17928 -1.00674
19127 -1.00674
19181 -1.00674
01181 -1.00673
05315 -1.00673
07060 -1.00673
07566 -1.00673
08689 -1.00673
09689 -1.00673
11428 -1.00673
13135 -1.00673
14897 -1.00673
16649 -1.00673
17347 -1.00673
18006 -1.00673
01080 -1.00672
02117 -1.00672
07033 -1.00672
07237 -1.00672
08944 -1.00672
09225 -1.00672
13561 -1.00672
18452 -1.00672
21158 -1.00672
00860 -1.00671
01616 -1.00671
01786 -1.00671
03578 -1.00671
08077 -1.00671
08707 -1.00671
10255 -1.00671
11497 -1.00671
17203 -1.00671
17862 -1.00671
19083 -1.00671
00921 -1.0067
02641 -1.0067
04182 -1.0067
08205 -1.0067
09298 -1.0067
10207 -1.0067
13258 -1.0067
15435 -1.0067
15690 -1.0067
17280 -1.0067
17414 -1.0067
00916 -1.00669
01940 -1.00669
02057 -1.00669
04277 -1.00669
05382 -1.00669
07155 -1.00669
08421 -1.00669
13143 -1.00669
19787 -1.00669
00420 -1.00668
01256 -1.00668
04370 -1.00668
05059 -1.00668
09581 -1.00668
12709 -1.00668
12995 -1.00668
05233 -1.00667
05948 -1.00667
06123 -1.00667
18026 -1.00667
00238 -1.00666
01109 -1.00666
01562 -1.00666
02799 -1.00666
06052 -1.00666
06181 -1.00666
06339 -1.00666
07605 -1.00666
08581 -1.00666
09841 -1.00666
11682 -1.00666
11777 -1.00666
15417 -1.00666
18076 -1.00666
18781 -1.00666
20169 -1.00666
20468 -1.00666
06070 -1.00665
06968 -1.00665
07683 -1.00665
10779 -1.00665
15413 -1.00665
15821 -1.00665
16017 -1.00665
16262 -1.00665
20279 -1.00665
00396 -1.00664
02287 -1.00664
03134 -1.00664
04107 -1.00664
05169 -1.00664
07056 -1.00664
07712 -1.00664
08382 -1.00664
10642 -1.00664
10814 -1.00664
13235 -1.00664
17537 -1.00664
17874 -1.00664
19068 -1.00664
19551 -1.00664
20255 -1.00664
20307 -1.00664
00974 -1.00663
02375 -1.00663
05711 -1.00663
11697 -1.00663
11703 -1.00663
11891 -1.00663
14802 -1.00663
17914 -1.00663
18009 -1.00663
18018 -1.00663
18526 -1.00663
19184 -1.00663
20220 -1.00663
21332 -1.00663
00759 -1.00662
02316 -1.00662
03336 -1.00662
04583 -1.00662
05632 -1.00662
07792 -1.00662
14430 -1.00662
16777 -1.00662
18688 -1.00662
19000 -1.00662
19508 -1.00662
19722 -1.00662
21357 -1.00662
00041 -1.00661
00856 -1.00661
02402 -1.00661
07545 -1.00661
10434 -1.00661
19301 -1.00661
01227 -1.0066
02751 -1.0066
02924 -1.0066
03664 -1.0066
05800 -1.0066
07259 -1.0066
07319 -1.0066
08512 -1.0066
10361 -1.0066
20928 -1.0066
01689 -1.00659
01706 -1.00659
02069 -1.00659
05772 -1.00659
17034 -1.00659
18340 -1.00659
18551 -1.00659
21302 -1.00659
21327 -1.00659
00026 -1.00658
03242 -1.00658
06139 -1.00658
06283 -1.00658
06891 -1.00658
12044 -1.00658
12250 -1.00658
15987 -1.00658
01213 -1.00657
01625 -1.00657
02367 -1.00657
05375 -1.00657
05434 -1.00657
09869 -1.00657
10358 -1.00657
12440 -1.00657
12612 -1.00657
16445 -1.00657
17020 -1.00657
18449 -1.00657
19815 -1.00657
00024 -1.00656
01582 -1.00656
02246 -1.00656
02840 -1.00656
03069 -1.00656
06257 -1.00656
07120 -1.00656
08506 -1.00656
09123 -1.00656
09215 -1.00656
10228 -1.00656
11776 -1.00656
12730 -1.00656
12806 -1.00656
12837 -1.00656
13079 -1.00656
16233 -1.00656
20457 -1.00656
20860 -1.00656
00435 -1.00655
01618 -1.00655
04229 -1.00655
05787 -1.00655
10302 -1.00655
12160 -1.00655
12447 -1.00655
12457 -1.00655
12473 -1.00655
14874 -1.00655
17372 -1.00655
18801 -1.00655
20885 -1.00655
00202 -1.00654
00456 -1.00654
01036 -1.00654
02513 -1.00654
03981 -1.00654
06254 -1.00654
07791 -1.00654
08435 -1.00654
09535 -1.00654
10980 -1.00654
11031 -1.00654
11074 -1.00654
11661 -1.00654
16731 -1.00654
18199 -1.00654
18635 -1.00654
03380 -1.00653
05939 -1.00653
06238 -1.00653
06576 -1.00653
07336 -1.00653
11144 -1.00653
14949 -1.00653
16965 -1.00653
18272 -1.00653
18421 -1.00653
01884 -1.00652
06929 -1.00652
07552 -1.00652
09049 -1.00652
09817 -1.00652
11148 -1.00652
11805 -1.00652
12762 -1.00652
13571 -1.00652
16264 -1.00652
17407 -1.00652
19065 -1.00652
19478 -1.00652
20510 -1.00652
01367 -1.00651
03860 -1.00651
04685 -1.00651
04754 -1.00651
04821 -1.00651
05792 -1.00651
06225 -1.00651
09592 -1.00651
10863 -1.00651
11076 -1.00651
11265 -1.00651
14388 -1.00651
14880 -1.00651
15324 -1.00651
17256 -1.00651
18798 -1.00651
20107 -1.00651
07463 -1.0065
08441 -1.0065
10097 -1.0065
11102 -1.0065
12325 -1.0065
15100 -1.0065
15976 -1.0065
19333 -1.0065
20996 -1.0065
21383 -1.0065
21573 -1.0065
02828 -1.00649
03938 -1.00649
09470 -1.00649
09795 -1.00649
10118 -1.00649
10283 -1.00649
11106 -1.00649
13966 -1.00649
15453 -1.00649
18084 -1.00649
19673 -1.00649
20275 -1.00649
00146 -1.00648
03924 -1.00648
04792 -1.00648
05393 -1.00648
08837 -1.00648
09454 -1.00648
12676 -1.00648
16298 -1.00648
17258 -1.00648
20231 -1.00648
00678 -1.00647
00986 -1.00647
01387 -1.00647
05890 -1.00647
06201 -1.00647
07260 -1.00647
07538 -1.00647
09255 -1.00647
12711 -1.00647
15239 -1.00647
15585 -1.00647
16817 -1.00647
17591 -1.00647
18973 -1.00647
19511 -1.00647
20041 -1.00647
02352 -1.00646
02884 -1.00646
03727 -1.00646
06806 -1.00646
08337 -1.00646
11015 -1.00646
11743 -1.00646
11866 -1.00646
12256 -1.00646
12488 -1.00646
14616 -1.00646
15287 -1.00646
16013 -1.00646
18796 -1.00646
19562 -1.00646
20168 -1.00646
20339 -1.00646
20533 -1.00646
01152 -1.00645
01532 -1.00645
01564 -1.00645
03261 -1.00645
07669 -1.00645
10413 -1.00645
11332 -1.00645
12060 -1.00645
17429 -1.00645
20766 -1.00645
02212 -1.00644
08630 -1.00644
08880 -1.00644
09552 -1.00644
10131 -1.00644
10568 -1.00644
11400 -1.00644
12875 -1.00644
14217 -1.00644
16238 -1.00644
19241 -1.00644
00570 -1.00643
02337 -1.00643
05777 -1.00643
07502 -1.00643
10313 -1.00643
11220 -1.00643
12443 -1.00643
12673 -1.00643
13854 -1.00643
16354 -1.00643
16516 -1.00643
16621 -1.00643
17187 -1.00643
17335 -1.00643
17716 -1.00643
18828 -1.00643
00350 -1.00642
00742 -1.00642
00862 -1.00642
04367 -1.00642
05860 -1.00642
08128 -1.00642
09393 -1.00642
10222 -1.00642
11179 -1.00642
12824 -1.00642
16951 -1.00642
19351 -1.00642
00933 -1.00641
01578 -1.00641
02514 -1.00641
07629 -1.00641
08669 -1.00641
09487 -1.00641
09521 -1.00641
10271 -1.00641
10592 -1.00641
13010 -1.00641
16600 -1.00641
19019 -1.00641
21131 -1.00641
00910 -1.0064
01553 -1.0064
02403 -1.0064
04484 -1.0064
08063 -1.0064
08732 -1.0064
09072 -1.0064
10815 -1.0064
11388 -1.0064
12942 -1.0064
20504 -1.0064
00979 -1.00639
01735 -1.00639
02534 -1.00639
03693 -1.00639
04922 -1.00639
07873 -1.00639
09485 -1.00639
09655 -1.00639
10239 -1.00639
10384 -1.00639
10677 -1.00639
10761 -1.00639
16220 -1.00639
17750 -1.00639
19617 -1.00639
00270 -1.00638
00715 -1.00638
01755 -1.00638
07188 -1.00638
07595 -1.00638
14100 -1.00638
17140 -1.00638
20214 -1.00638
00640 -1.00637
02460 -1.00637
05356 -1.00637
05391 -1.00637
05599 -1.00637
06418 -1.00637
09687 -1.00637
11195 -1.00637
11244 -1.00637
11386 -1.00637
12511 -1.00637
15143 -1.00637
17761 -1.00637
19015 -1.00637
21491 -1.00637
00602 -1.00636
02341 -1.00636
03468 -1.00636
04409 -1.00636
04494 -1.00636
06014 -1.00636
06386 -1.00636
07130 -1.00636
07321 -1.00636
07635 -1.00636
10072 -1.00636
10254 -1.00636
11580 -1.00636
15805 -1.00636
16684 -1.00636
17779 -1.00636
20280 -1.00636
20382 -1.00636
20387 -1.00636
20634 -1.00636
21374 -1.00636
00433 -1.00635
00586 -1.00635
01825 -1.00635
02423 -1.00635
02584 -1.00635
04766 -1.00635
06469 -1.00635
07055 -1.00635
07608 -1.00635
07673 -1.00635
11285 -1.00635
12284 -1.00635
13810 -1.00635
16151 -1.00635
16414 -1.00635
17181 -1.00635
17863 -1.00635
18462 -1.00635
20135 -1.00635
21381 -1.00635
01959 -1.00634
02074 -1.00634
03542 -1.00634
04293 -1.00634
04297 -1.00634
04539 -1.00634
08585 -1.00634
09656 -1.00634
14262 -1.00634
16430 -1.00634
17113 -1.00634
19841 -1.00634
19858 -1.00634
19952 -1.00634
20059 -1.00634
02508 -1.00633
03192 -1.00633
06726 -1.00633
07645 -1.00633
08438 -1.00633
09493 -1.00633
10836 -1.00633
12535 -1.00633
13323 -1.00633
02406 -1.00632
02623 -1.00632
03031 -1.00632
03056 -1.00632
03479 -1.00632
11008 -1.00632
16092 -1.00632
19585 -1.00632
20569 -1.00632
20576 -1.00632
01499 -1.00631
03543 -1.00631
04570 -1.00631
04747 -1.00631
04924 -1.00631
05899 -1.00631
07066 -1.00631
07807 -1.00631
12033 -1.00631
16291 -1.00631
17018 -1.00631
17876 -1.00631
18924 -1.00631
19221 -1.00631
21116 -1.00631
00325 -1.0063
00706 -1.0063
01981 -1.0063
07382 -1.0063
08988 -1.0063
09549 -1.0063
09746 -1.0063
10701 -1.0063
17449 -1.0063
18520 -1.0063
19475 -1.0063
19504 -1.0063
21309 -1.0063
03283 -1.00629
03408 -1.00629
03751 -1.00629
06492 -1.00629
07424 -1.00629
07973 -1.00629
08027 -1.00629
09350 -1.00629
12416 -1.00629
15557 -1.00629
15674 -1.00629
16939 -1.00629
17296 -1.00629
17358 -1.00629
18036 -1.00629
20014 -1.00629
20264 -1.00629
09769 -1.00628
11566 -1.00628
16851 -1.00628
19245 -1.00628
20001 -1.00628
20277 -1.00628
20349 -1.00628
01307 -1.00627
01501 -1.00627
02010 -1.00627
02995 -1.00627
03161 -1.00627
03330 -1.00627
04910 -1.00627
05467 -1.00627
06258 -1.00627
06863 -1.00627
06944 -1.00627
07024 -1.00627
09004 -1.00627
09731 -1.00627
11882 -1.00627
13239 -1.00627
14928 -1.00627
17418 -1.00627
19886 -1.00627
20513 -1.00627
01472 -1.00626
02743 -1.00626
03830 -1.00626
04929 -1.00626
05092 -1.00626
05712 -1.00626
06433 -1.00626
07396 -1.00626
08838 -1.00626
12407 -1.00626
12466 -1.00626
13653 -1.00626
15586 -1.00626
17172 -1.00626
21175 -1.00626
02702 -1.00625
04072 -1.00625
04221 -1.00625
05765 -1.00625
05795 -1.00625
06086 -1.00625
09590 -1.00625
12305 -1.00625
12388 -1.00625
13051 -1.00625
13160 -1.00625
16307 -1.00625
18248 -1.00625
00853 -1.00624
04743 -1.00624
06353 -1.00624
09167 -1.00624
09219 -1.00624
09537 -1.00624
10395 -1.00624
10893 -1.00624
11423 -1.00624
15089 -1.00624
17339 -1.00624
17909 -1.00624
18460 -1.00624
20343 -1.00624
20396 -1.00624
21531 -1.00624
00045 -1.00623
03908 -1.00623
05018 -1.00623
05127 -1.00623
05581 -1.00623
05827 -1.00623
06817 -1.00623
06907 -1.00623
07649 -1.00623
10643 -1.00623
12642 -1.00623
13081 -1.00623
16713 -1.00623
19728 -1.00623
21349 -1.00623
04005 -1.00622
07038 -1.00622
10266 -1.00622
10353 -1.00622
13008 -1.00622
15055 -1.00622
15108 -1.00622
15194 -1.00622
16768 -1.00622
16871 -1.00622
18731 -1.00622
18776 -1.00622
01369 -1.00621
01424 -1.00621
02059 -1.00621
03524 -1.00621
07876 -1.00621
08541 -1.00621
10311 -1.00621
10925 -1.00621
11044 -1.00621
12370 -1.00621
02248 -1.0062
03490 -1.0062
05824 -1.0062
05855 -1.0062
09761 -1.0062
09818 -1.0062
10067 -1.0062
11545 -1.0062
15110 -1.0062
21078 -1.0062
01720 -1.00619
03012 -1.00619
04672 -1.00619
04806 -1.00619
05472 -1.00619
06402 -1.00619
08634 -1.00619
12682 -1.00619
14864 -1.00619
15050 -1.00619
15213 -1.00619
19918 -1.00619
00894 -1.00618
03913 -1.00618
04626 -1.00618
06377 -1.00618
06393 -1.00618
06803 -1.00618
08750 -1.00618
09295 -1.00618
09738 -1.00618
12579 -1.00618
12720 -1.00618
16228 -1.00618
16363 -1.00618
17156 -1.00618
17551 -1.00618
18265 -1.00618
18412 -1.00618
02739 -1.00617
05558 -1.00617
05973 -1.00617
06265 -1.00617
09064 -1.00617
10091 -1.00617
14611 -1.00617
14927 -1.00617
17557 -1.00617
18109 -1.00617
03285 -1.00616
07829 -1.00616
08074 -1.00616
09854 -1.00616
09862 -1.00616
10870 -1.00616
12261 -1.00616
16685 -1.00616
17398 -1.00616
18206 -1.00616
18877 -1.00616
21500 -1.00616
01478 -1.00615
01524 -1.00615
02568 -1.00615
03682 -1.00615
04029 -1.00615
06363 -1.00615
07022 -1.00615
08041 -1.00615
08449 -1.00615
09403 -1.00615
09591 -1.00615
09630 -1.00615
15576 -1.00615
16793 -1.00615
17327 -1.00615
20999 -1.00615
00308 -1.00614
01132 -1.00614
04098 -1.00614
04608 -1.00614
04665 -1.00614
05879 -1.00614
06823 -1.00614
13730 -1.00614
17935 -1.00614
19067 -1.00614
19322 -1.00614
21341 -1.00614
01112 -1.00613
01560 -1.00613
01892 -1.00613
02805 -1.00613
05489 -1.00613
05498 -1.00613
14343 -1.00613
15565 -1.00613
16391 -1.00613
20028 -1.00613
02259 -1.00612
02301 -1.00612
04373 -1.00612
05013 -1.00612
06245 -1.00612
07287 -1.00612
09969 -1.00612
11663 -1.00612
14889 -1.00612
17061 -1.00612
17185 -1.00612
17872 -1.00612
02803 -1.00611
03493 -1.00611
04100 -1.00611
04294 -1.00611
05190 -1.00611
05327 -1.00611
08671 -1.00611
09479 -1.00611
11493 -1.00611
11824 -1.00611
15624 -1.00611
17122 -1.00611
17503 -1.00611
18008 -1.00611
19029 -1.00611
00367 -1.0061
05485 -1.0061
06099 -1.0061
06639 -1.0061
08920 -1.0061
10168 -1.0061
10232 -1.0061
10810 -1.0061
15720 -1.0061
16782 -1.0061
17329 -1.0061
18343 -1.0061
19597 -1.0061
20259 -1.0061
20475 -1.0061
21213 -1.0061
01212 -1.00609
03551 -1.00609
04140 -1.00609
05178 -1.00609
05684 -1.00609
06234 -1.00609
06309 -1.00609
07597 -1.00609
08191 -1.00609
09141 -1.00609
09212 -1.00609
14199 -1.00609
15583 -1.00609
19051 -1.00609
19064 -1.00609
19874 -1.00609
20865 -1.00609
04669 -1.00608
04704 -1.00608
17623 -1.00608
18197 -1.00608
19540 -1.00608
20811 -1.00608
21055 -1.00608
00437 -1.00607
01990 -1.00607
02931 -1.00607
04273 -1.00607
04576 -1.00607
06874 -1.00607
07061 -1.00607
07107 -1.00607
08907 -1.00607
09127 -1.00607
11101 -1.00607
11904 -1.00607
12337 -1.00607
15026 -1.00607
15786 -1.00607
15909 -1.00607
16631 -1.00607
16856 -1.00607
18045 -1.00607
18464 -1.00607
19357 -1.00607
19545 -1.00607
20265 -1.00607
20308 -1.00607
20345 -1.00607
00551 -1.00606
01257 -1.00606
02774 -1.00606
03402 -1.00606
03705 -1.00606
06190 -1.00606
07379 -1.00606
07586 -1.00606
07965 -1.00606
11520 -1.00606
14679 -1.00606
17895 -1.00606
17947 -1.00606
18150 -1.00606
00337 -1.00605
01188 -1.00605
03258 -1.00605
04364 -1.00605
04372 -1.00605
05279 -1.00605
07834 -1.00605
08375 -1.00605
08881 -1.00605
09163 -1.00605
09458 -1.00605
09663 -1.00605
11346 -1.00605
11375 -1.00605
16257 -1.00605
17877 -1.00605
19455 -1.00605
19596 -1.00605
20329 -1.00605
21109 -1.00605
00671 -1.00604
01491 -1.00604
02110 -1.00604
02435 -1.00604
03311 -1.00604
07425 -1.00604
07536 -1.00604
07630 -1.00604
08534 -1.00604
12544 -1.00604
13637 -1.00604
17141 -1.00604
19876 -1.00604
20156 -1.00604
05109 -1.00603
09088 -1.00603
09954 -1.00603
12422 -1.00603
15389 -1.00603
15813 -1.00603
15888 -1.00603
19543 -1.00603
01405 -1.00602
03175 -1.00602
03432 -1.00602
03574 -1.00602
04332 -1.00602
05242 -1.00602
05653 -1.00602
06207 -1.00602
06466 -1.00602
09996 -1.00602
10403 -1.00602
11649 -1.00602
12444 -1.00602
13113 -1.00602
16801 -1.00602
17170 -1.00602
18531 -1.00602
19559 -1.00602
20780 -1.00602
00358 -1.00601
01439 -1.00601
03024 -1.00601
03099 -1.00601
06366 -1.00601
07580 -1.00601
08168 -1.00601
08870 -1.00601
10190 -1.00601
10335 -1.00601
12477 -1.00601
17805 -1.00601
19510 -1.00601
19948 -1.00601
20295 -1.00601
20418 -1.00601
21125 -1.00601
00242 -1.006
03613 -1.006
03646 -1.006
04055 -1.006
04710 -1.006
05513 -1.006
06869 -1.006
07011 -1.006
08946 -1.006
15163 -1.006
15250 -1.006
16995 -1.006
17389 -1.006
17783 -1.006
17937 -1.006
18193 -1.006
20379 -1.006
20511 -1.006
20913 -1.006
21234 -1.006
02194 -1.00599
02856 -1.00599
04535 -1.00599
05982 -1.00599
06156 -1.00599
06719 -1.00599
07103 -1.00599
09709 -1.00599
12597 -1.00599
14811 -1.00599
16116 -1.00599
16211 -1.00599
16612 -1.00599
16812 -1.00599
17402 -1.00599
18825 -1.00599
20315 -1.00599
02709 -1.00598
04676 -1.00598
06628 -1.00598
07719 -1.00598
08853 -1.00598
10553 -1.00598
13284 -1.00598
15460 -1.00598
15982 -1.00598
17519 -1.00598
20005 -1.00598
20789 -1.00598
01698 -1.00597
07512 -1.00597
09002 -1.00597
09871 -1.00597
11569 -1.00597
14594 -1.00597
14956 -1.00597
16169 -1.00597
20549 -1.00597
00812 -1.00596
00859 -1.00596
01283 -1.00596
02653 -1.00596
05116 -1.00596
07857 -1.00596
08854 -1.00596
09181 -1.00596
10380 -1.00596
10974 -1.00596
11575 -1.00596
13533 -1.00596
14892 -1.00596
18023 -1.00596
19009 -1.00596
19306 -1.00596
03935 -1.00595
03971 -1.00595
05846 -1.00595
07412 -1.00595
07762 -1.00595
09319 -1.00595
09593 -1.00595
11986 -1.00595
13068 -1.00595
16256 -1.00595
16514 -1.00595
16625 -1.00595
17205 -1.00595
17283 -1.00595
17940 -1.00595
18210 -1.00595
19761 -1.00595
04732 -1.00594
05769 -1.00594
07739 -1.00594
13231 -1.00594
14038 -1.00594
19155 -1.00594
19318 -1.00594
19610 -1.00594
19947 -1.00594
21319 -1.00594
00672 -1.00593
01498 -1.00593
03850 -1.00593
05187 -1.00593
05203 -1.00593
05816 -1.00593
06797 -1.00593
06846 -1.00593
07204 -1.00593
07383 -1.00593
07764 -1.00593
08210 -1.00593
08343 -1.00593
09078 -1.00593
09833 -1.00593
12726 -1.00593
15014 -1.00593
15359 -1.00593
17486 -1.00593
18104 -1.00593
18942 -1.00593
19950 -1.00593
20517 -1.00593
21013 -1.00593
00077 -1.00592
01074 -1.00592
02177 -1.00592
02870 -1.00592
03389 -1.00592
04895 -1.00592
05030 -1.00592
06821 -1.00592
09760 -1.00592
10176 -1.00592
11000 -1.00592
11236 -1.00592
16481 -1.00592
16700 -1.00592
18597 -1.00592
18604 -1.00592
19367 -1.00592
20687 -1.00592
20870 -1.00592
21335 -1.00592
00634 -1.00591
04382 -1.00591
04470 -1.00591
07181 -1.00591
09032 -1.00591
09511 -1.00591
10123 -1.00591
11209 -1.00591
11243 -1.00591
11624 -1.00591
14397 -1.00591
16018 -1.00591
16447 -1.00591
16527 -1.00591
18361 -1.00591
18786 -1.00591
20528 -1.00591
20735 -1.00591
00595 -1.0059
00637 -1.0059
00828 -1.0059
02738 -1.0059
04912 -1.0059
06073 -1.0059
06523 -1.0059
07174 -1.0059
07579 -1.0059
08085 -1.0059
09639 -1.0059
09914 -1.0059
10670 -1.0059
13277 -1.0059
14575 -1.0059
14836 -1.0059
14882 -1.0059
16996 -1.0059
20148 -1.0059
20520 -1.0059
21442 -1.0059
00393 -1.00589
03797 -1.00589
07693 -1.00589
07934 -1.00589
08022 -1.00589
09850 -1.00589
10381 -1.00589
10463 -1.00589
12311 -1.00589
13332 -1.00589
15254 -1.00589
15385 -1.00589
17366 -1.00589
19416 -1.00589
19987 -1.00589
20486 -1.00589
20814 -1.00589
20937 -1.00589
21004 -1.00589
05217 -1.00588
05841 -1.00588
07102 -1.00588
07789 -1.00588
10851 -1.00588
11046 -1.00588
11685 -1.00588
12244 -1.00588
12925 -1.00588
15887 -1.00588
17371 -1.00588
17993 -1.00588
18213 -1.00588
01796 -1.00587
03745 -1.00587
08329 -1.00587
09370 -1.00587
10233 -1.00587
10349 -1.00587
16190 -1.00587
17176 -1.00587
03022 -1.00586
05403 -1.00586
05442 -1.00586
05763 -1.00586
06213 -1.00586
06850 -1.00586
09029 -1.00586
09931 -1.00586
11175 -1.00586
11273 -1.00586
11784 -1.00586
13797 -1.00586
15336 -1.00586
16301 -1.00586
16774 -1.00586
17009 -1.00586
18992 -1.00586
21525 -1.00586
00009 -1.00585
01005 -1.00585
01153 -1.00585
01557 -1.00585
04594 -1.00585
07947 -1.00585
08861 -1.00585
10627 -1.00585
10732 -1.00585
10764 -1.00585
13416 -1.00585
13530 -1.00585
14279 -1.00585
15074 -1.00585
15375 -1.00585
15452 -1.00585
15678 -1.00585
16703 -1.00585
16752 -1.00585
17100 -1.00585
17375 -1.00585
19130 -1.00585
19348 -1.00585
21344 -1.00585
21395 -1.00585
00540 -1.00584
04057 -1.00584
06584 -1.00584
07075 -1.00584
09730 -1.00584
12237 -1.00584
12842 -1.00584
13424 -1.00584
13890 -1.00584
17242 -1.00584
17475 -1.00584
18075 -1.00584
20925 -1.00584
02242 -1.00583
02269 -1.00583
02780 -1.00583
03536 -1.00583
04491 -1.00583
05177 -1.00583
07940 -1.00583
08179 -1.00583
16306 -1.00583
21201 -1.00583
02918 -1.00582
02937 -1.00582
02982 -1.00582
03639 -1.00582
05741 -1.00582
08005 -1.00582
08045 -1.00582
10589 -1.00582
10694 -1.00582
10923 -1.00582
11294 -1.00582
14310 -1.00582
16787 -1.00582
17511 -1.00582
18275 -1.00582
18403 -1.00582
03869 -1.00581
07568 -1.00581
07767 -1.00581
08163 -1.00581
10462 -1.00581
11023 -1.00581
12178 -1.00581
12622 -1.00581
12962 -1.00581
15390 -1.00581
16418 -1.00581
16610 -1.00581
17480 -1.00581
20218 -1.00581
20900 -1.00581
21388 -1.00581
01435 -1.0058
02467 -1.0058
02802 -1.0058
04414 -1.0058
08652 -1.0058
08976 -1.0058
09086 -1.0058
16179 -1.0058
17301 -1.0058
20671 -1.0058
20684 -1.0058
21135 -1.0058
21448 -1.0058
02320 -1.00579
04933 -1.00579
05281 -1.00579
06163 -1.00579
07051 -1.00579
07240 -1.00579
09063 -1.00579
09866 -1.00579
10230 -1.00579
14937 -1.00579
15423 -1.00579
16336 -1.00579
16441 -1.00579
18091 -1.00579
18222 -1.00579
18350 -1.00579
20136 -1.00579
20222 -1.00579
21457 -1.00579
00844 -1.00578
01842 -1.00578
05156 -1.00578
05320 -1.00578
08176 -1.00578
09767 -1.00578
11869 -1.00578
13222 -1.00578
13659 -1.00578
14666 -1.00578
16281 -1.00578
18438 -1.00578
19442 -1.00578
20540 -1.00578
02839 -1.00577
05253 -1.00577
05349 -1.00577
06593 -1.00577
07777 -1.00577
08180 -1.00577
12822 -1.00577
14208 -1.00577
15253 -1.00577
15667 -1.00577
15969 -1.00577
16068 -1.00577
16395 -1.00577
01513 -1.00576
02176 -1.00576
02442 -1.00576
02466 -1.00576
04532 -1.00576
05056 -1.00576
07426 -1.00576
08107 -1.00576
08187 -1.00576
08203 -1.00576
08756 -1.00576
10177 -1.00576
13958 -1.00576
14943 -1.00576
17357 -1.00576
18408 -1.00576
01978 -1.00575
02055 -1.00575
04113 -1.00575
04468 -1.00575
05220 -1.00575
05286 -1.00575
05706 -1.00575
08036 -1.00575
10100 -1.00575
12742 -1.00575
20227 -1.00575
20351 -1.00575
20998 -1.00575
21423 -1.00575
01933 -1.00574
02792 -1.00574
03563 -1.00574
04291 -1.00574
04407 -1.00574
04782 -1.00574
05123 -1.00574
05134 -1.00574
05692 -1.00574
05764 -1.00574
06493 -1.00574
09711 -1.00574
12055 -1.00574
15255 -1.00574
17027 -1.00574
19483 -1.00574
20632 -1.00574
21267 -1.00574
21437 -1.00574
00380 -1.00573
05087 -1.00573
05222 -1.00573
05929 -1.00573
06875 -1.00573
07167 -1.00573
08578 -1.00573
08770 -1.00573
08855 -1.00573
10818 -1.00573
11660 -1.00573
11853 -1.00573
15166 -1.00573
19247 -1.00573
20273 -1.00573
20309 -1.00573
20969 -1.00573
01575 -1.00572
01701 -1.00572
01731 -1.00572
04012 -1.00572
04856 -1.00572
05427 -1.00572
08091 -1.00572
08198 -1.00572
13610 -1.00572
14352 -1.00572
15035 -1.00572
16423 -1.00572
17986 -1.00572
19075 -1.00572
20212 -1.00572
20628 -1.00572
21403 -1.00572
21428 -1.00572
02219 -1.00571
02574 -1.00571
07941 -1.00571
08873 -1.00571
12445 -1.00571
12454 -1.00571
12788 -1.00571
14857 -1.00571
15019 -1.00571
16628 -1.00571
17282 -1.00571
20020 -1.00571
20282 -1.00571
20529 -1.00571
20975 -1.00571
21124 -1.00571
00896 -1.0057
02664 -1.0057
04485 -1.0057
04901 -1.0057
05306 -1.0057
07423 -1.0057
08054 -1.0057
10368 -1.0057
14629 -1.0057
14776 -1.0057
19869 -1.0057
20186 -1.0057
04155 -1.00569
04210 -1.00569
05057 -1.00569
07422 -1.00569
10554 -1.00569
11810 -1.00569
12039 -1.00569
12042 -1.00569
12981 -1.00569
13137 -1.00569
15451 -1.00569
15653 -1.00569
16130 -1.00569
16215 -1.00569
16346 -1.00569
17330 -1.00569
21221 -1.00569
02182 -1.00568
03594 -1.00568
05500 -1.00568
13112 -1.00568
13926 -1.00568
16909 -1.00568
17042 -1.00568
18834 -1.00568
19440 -1.00568
21025 -1.00568
03420 -1.00567
04909 -1.00567
06047 -1.00567
06927 -1.00567
08719 -1.00567
09182 -1.00567
09774 -1.00567
10049 -1.00567
10231 -1.00567
12647 -1.00567
13446 -1.00567
15222 -1.00567
15994 -1.00567
17373 -1.00567
17525 -1.00567
19266 -1.00567
19547 -1.00567
19985 -1.00567
20362 -1.00567
21275 -1.00567
01453 -1.00566
03155 -1.00566
03623 -1.00566
05511 -1.00566
06337 -1.00566
07838 -1.00566
08609 -1.00566
09633 -1.00566
11892 -1.00566
12442 -1.00566
12550 -1.00566
13554 -1.00566
13569 -1.00566
14087 -1.00566
15482 -1.00566
15552 -1.00566
15733 -1.00566
16517 -1.00566
00208 -1.00565
07650 -1.00565
09908 -1.00565
11557 -1.00565
12670 -1.00565
13749 -1.00565
14888 -1.00565
16466 -1.00565
17243 -1.00565
18571 -1.00565
19983 -1.00565
01050 -1.00564
02318 -1.00564
02757 -1.00564
03352 -1.00564
03585 -1.00564
03928 -1.00564
06141 -1.00564
06451 -1.00564
08010 -1.00564
08080 -1.00564
08615 -1.00564
08784 -1.00564
09134 -1.00564
09191 -1.00564
09220 -1.00564
10114 -1.00564
10649 -1.00564
10690 -1.00564
11118 -1.00564
11149 -1.00564
13157 -1.00564
14566 -1.00564
14999 -1.00564
15781 -1.00564
15931 -1.00564
16906 -1.00564
17216 -1.00564
17277 -1.00564
18536 -1.00564
19385 -1.00564
19751 -1.00564
20198 -1.00564
04187 -1.00563
05097 -1.00563
05508 -1.00563
05573 -1.00563
07211 -1.00563
08791 -1.00563
09090 -1.00563
09430 -1.00563
10411 -1.00563
10621 -1.00563
15784 -1.00563
16747 -1.00563
17004 -1.00563
18182 -1.00563
19409 -1.00563
20494 -1.00563
20664 -1.00563
00054 -1.00562
06060 -1.00562
10345 -1.00562
10963 -1.00562
11094 -1.00562
11418 -1.00562
12990 -1.00562
14271 -1.00562
14391 -1.00562
17415 -1.00562
18224 -1.00562
18504 -1.00562
19954 -1.00562
20154 -1.00562
20417 -1.00562
02014 -1.00561
02801 -1.00561
03112 -1.00561
04720 -1.00561
06431 -1.00561
06966 -1.00561
07374 -1.00561
07444 -1.00561
16659 -1.00561
16783 -1.00561
18262 -1.00561
18457 -1.00561
18712 -1.00561
19105 -1.00561
19249 -1.00561
20211 -1.00561
20413 -1.00561
21268 -1.00561
21537 -1.00561
00037 -1.0056
02471 -1.0056
03431 -1.0056
03768 -1.0056
04347 -1.0056
05208 -1.0056
08800 -1.0056
10293 -1.0056
10556 -1.0056
11262 -1.0056
11672 -1.0056
12176 -1.0056
12739 -1.0056
12767 -1.0056
13072 -1.0056
19320 -1.0056
20359 -1.0056
01802 -1.00559
02128 -1.00559
06091 -1.00559
07438 -1.00559
09437 -1.00559
09797 -1.00559
09803 -1.00559
10030 -1.00559
10827 -1.00559
11581 -1.00559
11722 -1.00559
12158 -1.00559
13288 -1.00559
14809 -1.00559
14917 -1.00559
17214 -1.00559
19175 -1.00559
00728 -1.00558
01352 -1.00558
04448 -1.00558
04593 -1.00558
05274 -1.00558
05344 -1.00558
09637 -1.00558
09857 -1.00558
10791 -1.00558
11158 -1.00558
11950 -1.00558
15857 -1.00558
16174 -1.00558
17155 -1.00558
17310 -1.00558
17674 -1.00558
21016 -1.00558
02279 -1.00557
03540 -1.00557
03564 -1.00557
03904 -1.00557
04848 -1.00557
06946 -1.00557
07050 -1.00557
08070 -1.00557
09059 -1.00557
11167 -1.00557
11962 -1.00557
12624 -1.00557
13703 -1.00557
16024 -1.00557
16214 -1.00557
17861 -1.00557
18366 -1.00557
19264 -1.00557
20122 -1.00557
00403 -1.00556
03038 -1.00556
03229 -1.00556
04152 -1.00556
04324 -1.00556
04816 -1.00556
08035 -1.00556
08446 -1.00556
08479 -1.00556
09156 -1.00556
10107 -1.00556
13460 -1.00556
16890 -1.00556
17630 -1.00556
21212 -1.00556
21566 -1.00556
00459 -1.00555
00613 -1.00555
01136 -1.00555
02502 -1.00555
03562 -1.00555
05135 -1.00555
06815 -1.00555
07384 -1.00555
08587 -1.00555
08632 -1.00555
09162 -1.00555
12149 -1.00555
12941 -1.00555
15870 -1.00555
17292 -1.00555
00627 -1.00554
01118 -1.00554
01210 -1.00554
01942 -1.00554
02309 -1.00554
03602 -1.00554
04473 -1.00554
07461 -1.00554
10693 -1.00554
11237 -1.00554
11983 -1.00554
14487 -1.00554
14950 -1.00554
15112 -1.00554
15489 -1.00554
16606 -1.00554
17139 -1.00554
17576 -1.00554
18355 -1.00554
19169 -1.00554
20987 -1.00554
21390 -1.00554
00454 -1.00553
01215 -1.00553
02971 -1.00553
03494 -1.00553
04384 -1.00553
04689 -1.00553
06676 -1.00553
07048 -1.00553
08120 -1.00553
11115 -1.00553
11268 -1.00553
12268 -1.00553
13098 -1.00553
13719 -1.00553
15862 -1.00553
16294 -1.00553
16717 -1.00553
17094 -1.00553
17682 -1.00553
18967 -1.00553
19206 -1.00553
19648 -1.00553
20138 -1.00553
21412 -1.00553
21418 -1.00553
00545 -1.00552
01865 -1.00552
03320 -1.00552
03366 -1.00552
04220 -1.00552
04289 -1.00552
04621 -1.00552
05001 -1.00552
07938 -1.00552
08622 -1.00552
08659 -1.00552
10523 -1.00552
11715 -1.00552
12760 -1.00552
12986 -1.00552
13227 -1.00552
13851 -1.00552
16595 -1.00552
17286 -1.00552
17369 -1.00552
18733 -1.00552
20335 -1.00552
00252 -1.00551
01427 -1.00551
02652 -1.00551
04050 -1.00551
04523 -1.00551
04679 -1.00551
05189 -1.00551
06003 -1.00551
08218 -1.00551
10561 -1.00551
10942 -1.00551
11013 -1.00551
11239 -1.00551
11331 -1.00551
14201 -1.00551
16219 -1.00551
16343 -1.00551
18605 -1.00551
19651 -1.00551
20129 -1.00551
20171 -1.00551
20871 -1.00551
00018 -1.0055
02035 -1.0055
03546 -1.0055
04490 -1.0055
04581 -1.0055
05507 -1.0055
06428 -1.0055
07828 -1.0055
11883 -1.0055
12731 -1.0055
15632 -1.0055
15937 -1.0055
17913 -1.0055
20144 -1.0055
21226 -1.0055
21441 -1.0055
01220 -1.00549
02638 -1.00549
03906 -1.00549
04337 -1.00549
05746 -1.00549
06374 -1.00549
09158 -1.00549
12395 -1.00549
14238 -1.00549
14574 -1.00549
15515 -1.00549
15916 -1.00549
16252 -1.00549
16368 -1.00549
17774 -1.00549
17932 -1.00549
17998 -1.00549
18301 -1.00549
20262 -1.00549
21006 -1.00549
21139 -1.00549
00525 -1.00548
03212 -1.00548
05198 -1.00548
05589 -1.00548
06429 -1.00548
09121 -1.00548
10163 -1.00548
10904 -1.00548
11631 -1.00548
12378 -1.00548
14762 -1.00548
17754 -1.00548
20127 -1.00548
20152 -1.00548
20630 -1.00548
20825 -1.00548
20976 -1.00548
01245 -1.00547
04008 -1.00547
05371 -1.00547
06214 -1.00547
06252 -1.00547
07032 -1.00547
07273 -1.00547
11172 -1.00547
11535 -1.00547
12852 -1.00547
13161 -1.00547
13871 -1.00547
14933 -1.00547
15438 -1.00547
16162 -1.00547
16848 -1.00547
17815 -1.00547
17917 -1.00547
17945 -1.00547
18353 -1.00547
18950 -1.00547
21468 -1.00547
06015 -1.00546
07775 -1.00546
08964 -1.00546
09488 -1.00546
10025 -1.00546
10448 -1.00546
12059 -1.00546
13725 -1.00546
13746 -1.00546
17395 -1.00546
17397 -1.00546
17452 -1.00546
19417 -1.00546
21069 -1.00546
00937 -1.00545
01996 -1.00545
03764 -1.00545
05005 -1.00545
05823 -1.00545
06567 -1.00545
08986 -1.00545
10393 -1.00545
10650 -1.00545
10928 -1.00545
11292 -1.00545
12073 -1.00545
13982 -1.00545
14667 -1.00545
16353 -1.00545
17322 -1.00545
17737 -1.00545
18665 -1.00545
19006 -1.00545
20437 -1.00545
21103 -1.00545
01378 -1.00544
01867 -1.00544
02056 -1.00544
02818 -1.00544
03028 -1.00544
03147 -1.00544
03463 -1.00544
06399 -1.00544
06524 -1.00544
08509 -1.00544
09905 -1.00544
10304 -1.00544
11260 -1.00544
11701 -1.00544
12496 -1.00544
12664 -1.00544
12695 -1.00544
16140 -1.00544
16458 -1.00544
16577 -1.00544
18911 -1.00544
18931 -1.00544
19738 -1.00544
20631 -1.00544
20633 -1.00544
20873 -1.00544
21017 -1.00544
00564 -1.00543
01846 -1.00543
03832 -1.00543
04770 -1.00543
04943 -1.00543
05492 -1.00543
06633 -1.00543
06701 -1.00543
07288 -1.00543
07466 -1.00543
08620 -1.00543
09323 -1.00543
11009 -1.00543
12495 -1.00543
17331 -1.00543
18011 -1.00543
18050 -1.00543
19852 -1.00543
20332 -1.00543
20393 -1.00543
21533 -1.00543
00657 -1.00542
02104 -1.00542
03016 -1.00542
03260 -1.00542
04068 -1.00542
04119 -1.00542
04158 -1.00542
04875 -1.00542
05426 -1.00542
05623 -1.00542
06273 -1.00542
11391 -1.00542
13253 -1.00542
15448 -1.00542
17773 -1.00542
18385 -1.00542
18427 -1.00542
18940 -1.00542
19069 -1.00542
19204 -1.00542
04276 -1.00541
04551 -1.00541
05352 -1.00541
07858 -1.00541
11183 -1.00541
11884 -1.00541
12817 -1.00541
13245 -1.00541
13963 -1.00541
16891 -1.00541
03009 -1.0054
03560 -1.0054
04701 -1.0054
05850 -1.0054
06445 -1.0054
06453 -1.0054
06748 -1.0054
07557 -1.0054
08130 -1.0054
09629 -1.0054
11635 -1.0054
12545 -1.0054
12562 -1.0054
13650 -1.0054
14492 -1.0054
14736 -1.0054
15848 -1.0054
16324 -1.0054
17453 -1.0054
17655 -1.0054
17842 -1.0054
19110 -1.0054
21496 -1.0054
01849 -1.00539
03634 -1.00539
07801 -1.00539
07972 -1.00539
08747 -1.00539
10979 -1.00539
12532 -1.00539
13493 -1.00539
14324 -1.00539
17047 -1.00539
18499 -1.00539
19454 -1.00539
19693 -1.00539
20585 -1.00539
01244 -1.00538
03272 -1.00538
05125 -1.00538
05179 -1.00538
05516 -1.00538
05869 -1.00538
06613 -1.00538
07015 -1.00538
07666 -1.00538
07932 -1.00538
08038 -1.00538
08229 -1.00538
09273 -1.00538
09463 -1.00538
12074 -1.00538
13411 -1.00538
14257 -1.00538
16108 -1.00538
16452 -1.00538
17076 -1.00538
17478 -1.00538
17634 -1.00538
18302 -1.00538
20358 -1.00538
20824 -1.00538
20907 -1.00538
00703 -1.00537
03419 -1.00537
03875 -1.00537
04623 -1.00537
05270 -1.00537
07375 -1.00537
08318 -1.00537
08706 -1.00537
11760 -1.00537
15122 -1.00537
17072 -1.00537
17413 -1.00537
18467 -1.00537
19608 -1.00537
21188 -1.00537
21368 -1.00537
00329 -1.00536
00390 -1.00536
01637 -1.00536
04941 -1.00536
05379 -1.00536
05738 -1.00536
05786 -1.00536
06187 -1.00536
06326 -1.00536
07106 -1.00536
10468 -1.00536
10855 -1.00536
11603 -1.00536
12529 -1.00536
14211 -1.00536
18125 -1.00536
18298 -1.00536
18823 -1.00536
19575 -1.00536
19933 -1.00536
20206 -1.00536
21362 -1.00536
00873 -1.00535
00952 -1.00535
01052 -1.00535
02068 -1.00535
02234 -1.00535
02400 -1.00535
02449 -1.00535
04460 -1.00535
04615 -1.00535
06908 -1.00535
07145 -1.00535
08860 -1.00535
10172 -1.00535
10691 -1.00535
11045 -1.00535
11723 -1.00535
13621 -1.00535
15509 -1.00535
15602 -1.00535
19016 -1.00535
19827 -1.00535
20027 -1.00535
20050 -1.00535
20571 -1.00535
21237 -1.00535
01041 -1.00534
01602 -1.00534
02365 -1.00534
03568 -1.00534
03806 -1.00534
06262 -1.00534
06367 -1.00534
07708 -1.00534
07948 -1.00534
09376 -1.00534
10606 -1.00534
12578 -1.00534
12872 -1.00534
14331 -1.00534
14824 -1.00534
14998 -1.00534
17109 -1.00534
18820 -1.00534
19667 -1.00534
20643 -1.00534
21450 -1.00534
00480 -1.00533
01375 -1.00533
01502 -1.00533
05119 -1.00533
05590 -1.00533
05739 -1.00533
06558 -1.00533
08533 -1.00533
09547 -1.00533
12353 -1.00533
13578 -1.00533
15615 -1.00533
15643 -1.00533
15974 -1.00533
16502 -1.00533
16642 -1.00533
20478 -1.00533
00011 -1.00532
01508 -1.00532
03006 -1.00532
03842 -1.00532
05549 -1.00532
05750 -1.00532
08675 -1.00532
08929 -1.00532
08994 -1.00532
09135 -1.00532
10154 -1.00532
10259 -1.00532
10612 -1.00532
10934 -1.00532
11365 -1.00532
11650 -1.00532
11948 -1.00532
12706 -1.00532
12828 -1.00532
13271 -1.00532
15075 -1.00532
15408 -1.00532
15456 -1.00532
15745 -1.00532
16352 -1.00532
17116 -1.00532
17454 -1.00532
17708 -1.00532
19485 -1.00532
20815 -1.00532
01571 -1.00531
02708 -1.00531
03334 -1.00531
03915 -1.00531
06196 -1.00531
09804 -1.00531
10110 -1.00531
12243 -1.00531
13250 -1.00531
13517 -1.00531
14275 -1.00531
16315 -1.00531
17510 -1.00531
19292 -1.00531
20155 -1.00531
20344 -1.00531
20487 -1.00531
00266 -1.0053
01110 -1.0053
01717 -1.0053
06670 -1.0053
07221 -1.0053
07362 -1.0053
07400 -1.0053
07733 -1.0053
09046 -1.0053
09392 -1.0053
11747 -1.0053
12418 -1.0053
15573 -1.0053
16701 -1.0053
19937 -1.0053
20408 -1.0053
21153 -1.0053
00348 -1.00529
00841 -1.00529
01921 -1.00529
01973 -1.00529
02535 -1.00529
02706 -1.00529
04059 -1.00529
04684 -1.00529
06097 -1.00529
06146 -1.00529
08890 -1.00529
09763 -1.00529
10285 -1.00529
10711 -1.00529
10845 -1.00529
10873 -1.00529
11817 -1.00529
11848 -1.00529
13717 -1.00529
14612 -1.00529
15256 -1.00529
16893 -1.00529
17174 -1.00529
17621 -1.00529
17869 -1.00529
19875 -1.00529
20226 -1.00529
00902 -1.00528
01977 -1.00528
02570 -1.00528
03360 -1.00528
04270 -1.00528
04947 -1.00528
05021 -1.00528
05071 -1.00528
05602 -1.00528
05895 -1.00528
06368 -1.00528
06887 -1.00528
07632 -1.00528
07915 -1.00528
09035 -1.00528
10284 -1.00528
12640 -1.00528
14511 -1.00528
15145 -1.00528
16596 -1.00528
16656 -1.00528
17186 -1.00528
17516 -1.00528
19107 -1.00528
19774 -1.00528
19974 -1.00528
21293 -1.00528
00248 -1.00527
01326 -1.00527
01961 -1.00527
04524 -1.00527
06324 -1.00527
07330 -1.00527
07841 -1.00527
08761 -1.00527
11336 -1.00527
11670 -1.00527
12294 -1.00527
12508 -1.00527
13501 -1.00527
15139 -1.00527
15286 -1.00527
16260 -1.00527
16484 -1.00527
17107 -1.00527
18843 -1.00527
21115 -1.00527
21265 -1.00527
21424 -1.00527
00593 -1.00526
01238 -1.00526
01541 -1.00526
01746 -1.00526
02662 -1.00526
03513 -1.00526
04256 -1.00526
04788 -1.00526
06373 -1.00526
07929 -1.00526
08311 -1.00526
10530 -1.00526
10804 -1.00526
14909 -1.00526
15894 -1.00526
18079 -1.00526
19624 -1.00526
20350 -1.00526
01877 -1.00525
01934 -1.00525
01994 -1.00525
03671 -1.00525
05250 -1.00525
05431 -1.00525
05793 -1.00525
07098 -1.00525
08654 -1.00525
09755 -1.00525
10373 -1.00525
11202 -1.00525
11330 -1.00525
11610 -1.00525
13085 -1.00525
13102 -1.00525
13777 -1.00525
17385 -1.00525
18095 -1.00525
18779 -1.00525
19810 -1.00525
20966 -1.00525
00494 -1.00524
02326 -1.00524
02693 -1.00524
04950 -1.00524
05095 -1.00524
05107 -1.00524
06224 -1.00524
06779 -1.00524
07058 -1.00524
07847 -1.00524
09069 -1.00524
09624 -1.00524
09754 -1.00524
15011 -1.00524
15951 -1.00524
17007 -1.00524
18683 -1.00524
19295 -1.00524
20180 -1.00524
20883 -1.00524
01416 -1.00523
01778 -1.00523
01952 -1.00523
03338 -1.00523
03486 -1.00523
07420 -1.00523
11254 -1.00523
11689 -1.00523
12071 -1.00523
12147 -1.00523
15189 -1.00523
16970 -1.00523
17434 -1.00523
19413 -1.00523
20660 -1.00523
20731 -1.00523
02596 -1.00522
02632 -1.00522
06198 -1.00522
06220 -1.00522
07309 -1.00522
10008 -1.00522
12070 -1.00522
15010 -1.00522
15150 -1.00522
15506 -1.00522
15939 -1.00522
17343 -1.00522
18991 -1.00522
19047 -1.00522
19144 -1.00522
19684 -1.00522
20947 -1.00522
21503 -1.00522
00767 -1.00521
00981 -1.00521
01272 -1.00521
02401 -1.00521
06288 -1.00521
07995 -1.00521
13328 -1.00521
15832 -1.00521
16027 -1.00521
16138 -1.00521
17234 -1.00521
17911 -1.00521
19020 -1.00521
19554 -1.00521
00190 -1.0052
02889 -1.0052
03198 -1.0052
07998 -1.0052
08461 -1.0052
10490 -1.0052
10876 -1.0052
13100 -1.0052
13125 -1.0052
14207 -1.0052
14766 -1.0052
14855 -1.0052
15233 -1.0052
15280 -1.0052
16408 -1.0052
17106 -1.0052
17522 -1.0052
17533 -1.0052
17766 -1.0052
17870 -1.0052
17964 -1.0052
20096 -1.0052
20645 -1.0052
02789 -1.00519
02831 -1.00519
03205 -1.00519
03359 -1.00519
04716 -1.00519
04865 -1.00519
06105 -1.00519
06232 -1.00519
06293 -1.00519
07625 -1.00519
09464 -1.00519
10461 -1.00519
11038 -1.00519
12858 -1.00519
15090 -1.00519
16547 -1.00519
16784 -1.00519
18760 -1.00519
18830 -1.00519
19867 -1.00519
20166 -1.00519
20658 -1.00519
20670 -1.00519
00145 -1.00518
00282 -1.00518
00988 -1.00518
02776 -1.00518
04873 -1.00518
04939 -1.00518
04957 -1.00518
05061 -1.00518
06248 -1.00518
06380 -1.00518
08110 -1.00518
08192 -1.00518
10906 -1.00518
12480 -1.00518
13857 -1.00518
16399 -1.00518
16960 -1.00518
18813 -1.00518
19955 -1.00518
20334 -1.00518
20989 -1.00518
02253 -1.00517
02415 -1.00517
05058 -1.00517
06483 -1.00517
08535 -1.00517
10788 -1.00517
11942 -1.00517
14609 -1.00517
14942 -1.00517
15441 -1.00517
15845 -1.00517
17527 -1.00517
19164 -1.00517
20175 -1.00517
21463 -1.00517
01299 -1.00516
01419 -1.00516
01752 -1.00516
02916 -1.00516
03162 -1.00516
04383 -1.00516
04400 -1.00516
04450 -1.00516
06606 -1.00516
08786 -1.00516
13729 -1.00516
15457 -1.00516
17380 -1.00516
20241 -1.00516
20906 -1.00516
21112 -1.00516
00012 -1.00515
00120 -1.00515
01461 -1.00515
01552 -1.00515
03603 -1.00515
04375 -1.00515
05622 -1.00515
07128 -1.00515
07896 -1.00515
08023 -1.00515
08604 -1.00515
08639 -1.00515
08905 -1.00515
10155 -1.00515
10790 -1.00515
11099 -1.00515
11587 -1.00515
12138 -1.00515
12653 -1.00515
13031 -1.00515
15622 -1.00515
16284 -1.00515
17204 -1.00515
17575 -1.00515
17593 -1.00515
17994 -1.00515
18491 -1.00515
19637 -1.00515
19877 -1.00515
21578 -1.00515
00571 -1.00514
02614 -1.00514
03104 -1.00514
04991 -1.00514
06074 -1.00514
06967 -1.00514
14540 -1.00514
16804 -1.00514
17070 -1.00514
17800 -1.00514
19484 -1.00514
20033 -1.00514
01105 -1.00513
01373 -1.00513
01390 -1.00513
03103 -1.00513
03122 -1.00513
03187 -1.00513
03483 -1.00513
04260 -1.00513
06338 -1.00513
06739 -1.00513
07832 -1.00513
09098 -1.00513
09692 -1.00513
10583 -1.00513
11453 -1.00513
12610 -1.00513
12715 -1.00513
14447 -1.00513
15003 -1.00513
15084 -1.00513
15856 -1.00513
16808 -1.00513
18214 -1.00513
19862 -1.00513
00027 -1.00512
00684 -1.00512
01198 -1.00512
01787 -1.00512
02746 -1.00512
03422 -1.00512
03478 -1.00512
03487 -1.00512
03519 -1.00512
05562 -1.00512
06973 -1.00512
10069 -1.00512
10754 -1.00512
10918 -1.00512
12402 -1.00512
15956 -1.00512
17381 -1.00512
17496 -1.00512
18141 -1.00512
19178 -1.00512
20260 -1.00512
20613 -1.00512
00047 -1.00511
00092 -1.00511
00681 -1.00511
01656 -1.00511
02258 -1.00511
02465 -1.00511
02601 -1.00511
03249 -1.00511
03853 -1.00511
03900 -1.00511
05209 -1.00511
05390 -1.00511
05417 -1.00511
05724 -1.00511
05990 -1.00511
06522 -1.00511
06644 -1.00511
06714 -1.00511
09210 -1.00511
09374 -1.00511
10274 -1.00511
10389 -1.00511
11710 -1.00511
12999 -1.00511
13932 -1.00511
14573 -1.00511
15558 -1.00511
15990 -1.00511
16268 -1.00511
16733 -1.00511
16888 -1.00511
18235 -1.00511
18510 -1.00511
19363 -1.00511
20119 -1.00511
00724 -1.0051
04391 -1.0051
04930 -1.0051
04934 -1.0051
05883 -1.0051
09313 -1.0051
09480 -1.0051
11253 -1.0051
12985 -1.0051
15468 -1.0051
16778 -1.0051
17101 -1.0051
17291 -1.0051
18463 -1.0051
18968 -1.0051
20445 -1.0051
02412 -1.00509
03116 -1.00509
04402 -1.00509
05873 -1.00509
06121 -1.00509
06434 -1.00509
08590 -1.00509
09386 -1.00509
09427 -1.00509
09727 -1.00509
10494 -1.00509
11734 -1.00509
12774 -1.00509
13495 -1.00509
13695 -1.00509
14455 -1.00509
14842 -1.00509
18448 -1.00509
20276 -1.00509
20608 -1.00509
00938 -1.00508
02335 -1.00508
03292 -1.00508
04745 -1.00508
06365 -1.00508
06831 -1.00508
09003 -1.00508
09235 -1.00508
09853 -1.00508
09907 -1.00508
11159 -1.00508
13298 -1.00508
13649 -1.00508
15012 -1.00508
16187 -1.00508
17819 -1.00508
17840 -1.00508
17843 -1.00508
18324 -1.00508
19128 -1.00508
20232 -1.00508
20237 -1.00508
01167 -1.00507
02699 -1.00507
02990 -1.00507
04862 -1.00507
06359 -1.00507
07402 -1.00507
08101 -1.00507
08183 -1.00507
13636 -1.00507
15326 -1.00507
16748 -1.00507
17201 -1.00507
20363 -1.00507
20770 -1.00507
21204 -1.00507
00346 -1.00506
00822 -1.00506
00954 -1.00506
03059 -1.00506
03174 -1.00506
04695 -1.00506
05036 -1.00506
05931 -1.00506
06681 -1.00506
07639 -1.00506
09315 -1.00506
09598 -1.00506
11594 -1.00506
12867 -1.00506
14244 -1.00506
15093 -1.00506
17248 -1.00506
17306 -1.00506
17499 -1.00506
17941 -1.00506
18468 -1.00506
19030 -1.00506
20479 -1.00506
20767 -1.00506
00205 -1.00505
00424 -1.00505
00858 -1.00505
01615 -1.00505
01953 -1.00505
02665 -1.00505
03621 -1.00505
03965 -1.00505
04024 -1.00505
04096 -1.00505
04422 -1.00505
04879 -1.00505
06765 -1.00505
07554 -1.00505
07578 -1.00505
07681 -1.00505
08496 -1.00505
08959 -1.00505
09097 -1.00505
10492 -1.00505
10640 -1.00505
12430 -1.00505
12772 -1.00505
13486 -1.00505
19082 -1.00505
20674 -1.00505
21266 -1.00505
21546 -1.00505
00065 -1.00504
00392 -1.00504
01383 -1.00504
03943 -1.00504
04510 -1.00504
04553 -1.00504
08697 -1.00504
09443 -1.00504
10089 -1.00504
11793 -1.00504
14042 -1.00504
15107 -1.00504
15620 -1.00504
17194 -1.00504
17304 -1.00504
19382 -1.00504
20337 -1.00504
21432 -1.00504
00370 -1.00503
01221 -1.00503
01261 -1.00503
01459 -1.00503
04202 -1.00503
04271 -1.00503
04475 -1.00503
04544 -1.00503
06279 -1.00503
07455 -1.00503
09576 -1.00503
10767 -1.00503
12554 -1.00503
12714 -1.00503
12868 -1.00503
17824 -1.00503
00401 -1.00502
01137 -1.00502
01848 -1.00502
02610 -1.00502
03955 -1.00502
04430 -1.00502
04528 -1.00502
05149 -1.00502
05572 -1.00502
05927 -1.00502
05986 -1.00502
06519 -1.00502
07144 -1.00502
07514 -1.00502
08477 -1.00502
09420 -1.00502
09506 -1.00502
09530 -1.00502
09534 -1.00502
10969 -1.00502
11578 -1.00502
11771 -1.00502
11987 -1.00502
12846 -1.00502
12874 -1.00502
14452 -1.00502
14965 -1.00502
15041 -1.00502
15926 -1.00502
19644 -1.00502
19681 -1.00502
00581 -1.00501
02080 -1.00501
02783 -1.00501
03090 -1.00501
04061 -1.00501
04775 -1.00501
06819 -1.00501
06992 -1.00501
08099 -1.00501
08882 -1.00501
09048 -1.00501
09175 -1.00501
10500 -1.00501
11358 -1.00501
14111 -1.00501
14985 -1.00501
15874 -1.00501
16853 -1.00501
17245 -1.00501
17274 -1.00501
17521 -1.00501
18752 -1.00501
18962 -1.00501
19018 -1.00501
19618 -1.00501
20137 -1.00501
20719 -1.00501
21123 -1.00501
21245 -1.00501
02136 -1.005
03897 -1.005
05180 -1.005
05213 -1.005
05278 -1.005
05612 -1.005
05896 -1.005
08138 -1.005
08582 -1.005
08782 -1.005
09333 -1.005
09384 -1.005
09799 -1.005
11241 -1.005
12194 -1.005
13218 -1.005
13714 -1.005
16492 -1.005
17493 -1.005
19239 -1.005
19934 -1.005
20076 -1.005
20682 -1.005
21164 -1.005
01061 -1.00499
03087 -1.00499
04226 -1.00499
04441 -1.00499
05476 -1.00499
06085 -1.00499
06328 -1.00499
06369 -1.00499
06629 -1.00499
06986 -1.00499
08899 -1.00499
09408 -1.00499
10105 -1.00499
10430 -1.00499
10647 -1.00499
11416 -1.00499
12228 -1.00499
12399 -1.00499
13141 -1.00499
14427 -1.00499
14971 -1.00499
15731 -1.00499
16539 -1.00499
16618 -1.00499
16669 -1.00499
17919 -1.00499
19620 -1.00499
19702 -1.00499
20147 -1.00499
21338 -1.00499
00612 -1.00498
01377 -1.00498
02376 -1.00498
03093 -1.00498
03987 -1.00498
04156 -1.00498
04758 -1.00498
05339 -1.00498
05530 -1.00498
06083 -1.00498
07256 -1.00498
08106 -1.00498
08186 -1.00498
08766 -1.00498
09646 -1.00498
10423 -1.00498
11707 -1.00498
12307 -1.00498
12556 -1.00498
13065 -1.00498
13964 -1.00498
16195 -1.00498
16411 -1.00498
16860 -1.00498
17640 -1.00498
18889 -1.00498
19832 -1.00498
02563 -1.00497
02791 -1.00497
04060 -1.00497
04724 -1.00497
04902 -1.00497
05150 -1.00497
05291 -1.00497
09450 -1.00497
10309 -1.00497
11291 -1.00497
12403 -1.00497
13071 -1.00497
13631 -1.00497
15259 -1.00497
15331 -1.00497
15948 -1.00497
18541 -1.00497
20291 -1.00497
20435 -1.00497
21438 -1.00497
00455 -1.00496
00867 -1.00496
01370 -1.00496
01452 -1.00496
02291 -1.00496
04520 -1.00496
04566 -1.00496
04599 -1.00496
04656 -1.00496
05034 -1.00496
05552 -1.00496
05615 -1.00496
05956 -1.00496
06645 -1.00496
06970 -1.00496
07222 -1.00496
07646 -1.00496
11259 -1.00496
11687 -1.00496
12184 -1.00496
15246 -1.00496
15681 -1.00496
18143 -1.00496
18485 -1.00496
19366 -1.00496
19565 -1.00496
00355 -1.00495
01517 -1.00495
01798 -1.00495
03222 -1.00495
03758 -1.00495
06111 -1.00495
06271 -1.00495
06282 -1.00495
07343 -1.00495
08006 -1.00495
09118 -1.00495
12659 -1.00495
13247 -1.00495
16611 -1.00495
17263 -1.00495
19403 -1.00495
19471 -1.00495
20217 -1.00495
20676 -1.00495
21269 -1.00495
21382 -1.00495
00094 -1.00494
00989 -1.00494
01879 -1.00494
02645 -1.00494
03176 -1.00494
03527 -1.00494
04018 -1.00494
04106 -1.00494
06348 -1.00494
06413 -1.00494
07112 -1.00494
07722 -1.00494
07900 -1.00494
09839 -1.00494
10673 -1.00494
10792 -1.00494
10916 -1.00494
12333 -1.00494
14906 -1.00494
15120 -1.00494
15341 -1.00494
15374 -1.00494
15501 -1.00494
20841 -1.00494
00175 -1.00493
01399 -1.00493
02079 -1.00493
02631 -1.00493
04137 -1.00493
04504 -1.00493
05017 -1.00493
05282 -1.00493
07012 -1.00493
08497 -1.00493
08723 -1.00493
08950 -1.00493
09543 -1.00493
10270 -1.00493
10360 -1.00493
10392 -1.00493
12923 -1.00493
14827 -1.00493
14980 -1.00493
15046 -1.00493
15212 -1.00493
15930 -1.00493
16409 -1.00493
16766 -1.00493
18154 -1.00493
20326 -1.00493
20899 -1.00493
21564 -1.00493
00915 -1.00492
01128 -1.00492
01344 -1.00492
01598 -1.00492
01960 -1.00492
03403 -1.00492
05103 -1.00492
05544 -1.00492
05647 -1.00492
05730 -1.00492
06149 -1.00492
07261 -1.00492
09208 -1.00492
10059 -1.00492
11033 -1.00492
11145 -1.00492
11599 -1.00492
13064 -1.00492
13489 -1.00492
17190 -1.00492
18616 -1.00492
19265 -1.00492
20062 -1.00492
20101 -1.00492
20675 -1.00492
01558 -1.00491
02737 -1.00491
03511 -1.00491
03667 -1.00491
05447 -1.00491
07123 -1.00491
07360 -1.00491
08219 -1.00491
08313 -1.00491
09658 -1.00491
10267 -1.00491
11107 -1.00491
11912 -1.00491
12903 -1.00491
15123 -1.00491
15158 -1.00491
15348 -1.00491
16438 -1.00491
17616 -1.00491
17875 -1.00491
17884 -1.00491
18511 -1.00491
19881 -1.00491
00030 -1.0049
01897 -1.0049
03018 -1.0049
04839 -1.0049
05432 -1.0049
06969 -1.0049
07988 -1.0049
11458 -1.0049
11888 -1.0049
17166 -1.0049
17356 -1.0049
19715 -1.0049
19929 -1.0049
00391 -1.00489
01180 -1.00489
04774 -1.00489
04962 -1.00489
06169 -1.00489
07014 -1.00489
07078 -1.00489
07449 -1.00489
08283 -1.00489
08330 -1.00489
10518 -1.00489
10674 -1.00489
11178 -1.00489
11956 -1.00489
12507 -1.00489
12771 -1.00489
13387 -1.00489
14475 -1.00489
14608 -1.00489
15070 -1.00489
15206 -1.00489
15567 -1.00489
16615 -1.00489
17077 -1.00489
17476 -1.00489
18750 -1.00489
19151 -1.00489
19252 -1.00489
20319 -1.00489
21497 -1.00489
00070 -1.00488
04415 -1.00488
04518 -1.00488
04898 -1.00488
05115 -1.00488
08903 -1.00488
10586 -1.00488
13454 -1.00488
14107 -1.00488
15664 -1.00488
16093 -1.00488
16164 -1.00488
16916 -1.00488
17353 -1.00488
18899 -1.00488
20650 -1.00488
01315 -1.00487
02142 -1.00487
03199 -1.00487
03372 -1.00487
03799 -1.00487
04928 -1.00487
05535 -1.00487
05809 -1.00487
05853 -1.00487
07377 -1.00487
09291 -1.00487
09509 -1.00487
09999 -1.00487
11374 -1.00487
14305 -1.00487
15502 -1.00487
15621 -1.00487
16905 -1.00487
17365 -1.00487
17558 -1.00487
17796 -1.00487
18176 -1.00487
21561 -1.00487
00080 -1.00486
00164 -1.00486
01826 -1.00486
02509 -1.00486
03021 -1.00486
03870 -1.00486
04635 -1.00486
06575 -1.00486
08418 -1.00486
10319 -1.00486
11325 -1.00486
11684 -1.00486
11764 -1.00486
11939 -1.00486
12083 -1.00486
12166 -1.00486
14029 -1.00486
14977 -1.00486
15176 -1.00486
15520 -1.00486
16240 -1.00486
16604 -1.00486
18446 -1.00486
18523 -1.00486
19668 -1.00486
20957 -1.00486
21159 -1.00486
00450 -1.00485
00576 -1.00485
00855 -1.00485
00939 -1.00485
01771 -1.00485
02505 -1.00485
04312 -1.00485
04403 -1.00485
04995 -1.00485
05300 -1.00485
06195 -1.00485
06297 -1.00485
06557 -1.00485
07945 -1.00485
08763 -1.00485
08847 -1.00485
09342 -1.00485
10654 -1.00485
11160 -1.00485
12130 -1.00485
13132 -1.00485
16775 -1.00485
17169 -1.00485
17713 -1.00485
19284 -1.00485
20721 -1.00485
20736 -1.00485
00354 -1.00484
00429 -1.00484
01920 -1.00484
02742 -1.00484
03135 -1.00484
04557 -1.00484
06037 -1.00484
06840 -1.00484
07351 -1.00484
07959 -1.00484
09351 -1.00484
10630 -1.00484
10797 -1.00484
12841 -1.00484
13110 -1.00484
13532 -1.00484
17885 -1.00484
18231 -1.00484
18337 -1.00484
00177 -1.00483
01254 -1.00483
02370 -1.00483
03557 -1.00483
03657 -1.00483
04487 -1.00483
06432 -1.00483
06468 -1.00483
06649 -1.00483
06658 -1.00483
07212 -1.00483
07395 -1.00483
08172 -1.00483
08616 -1.00483
13418 -1.00483
14213 -1.00483
15020 -1.00483
15271 -1.00483
15518 -1.00483
16205 -1.00483
16271 -1.00483
17074 -1.00483
17469 -1.00483
17784 -1.00483
17920 -1.00483
20905 -1.00483
21001 -1.00483
00847 -1.00482
01241 -1.00482
01583 -1.00482
03575 -1.00482
04143 -1.00482
05183 -1.00482
05232 -1.00482
05280 -1.00482
05574 -1.00482
06244 -1.00482
06560 -1.00482
07228 -1.00482
07826 -1.00482
08357 -1.00482
08885 -1.00482
12515 -1.00482
12671 -1.00482
14280 -1.00482
15394 -1.00482
16082 -1.00482
17014 -1.00482
17279 -1.00482
17959 -1.00482
18253 -1.00482
18888 -1.00482
19626 -1.00482
20586 -1.00482
20854 -1.00482
01907 -1.00481
02082 -1.00481
05867 -1.00481
06438 -1.00481
07871 -1.00481
08250 -1.00481
08735 -1.00481
08823 -1.00481
09720 -1.00481
10975 -1.00481
12021 -1.00481
12077 -1.00481
12451 -1.00481
13019 -1.00481
13573 -1.00481
15938 -1.00481
16859 -1.00481
16976 -1.00481
18313 -1.00481
20004 -1.00481
00660 -1.0048
01415 -1.0048
01944 -1.0048
02112 -1.0048
03684 -1.0048
04890 -1.0048
04905 -1.0048
05268 -1.0048
05920 -1.0048
07387 -1.0048
08065 -1.0048
08146 -1.0048
09715 -1.0048
10124 -1.0048
11304 -1.0048
11643 -1.0048
14866 -1.0048
19139 -1.0048
20225 -1.0048
00882 -1.00479
02745 -1.00479
02986 -1.00479
03149 -1.00479
03455 -1.00479
04519 -1.00479
05771 -1.00479
05864 -1.00479
07117 -1.00479
07381 -1.00479
07421 -1.00479
08092 -1.00479
08223 -1.00479
08765 -1.00479
09986 -1.00479
11232 -1.00479
11847 -1.00479
14148 -1.00479
14556 -1.00479
14630 -1.00479
14777 -1.00479
15725 -1.00479
15763 -1.00479
16089 -1.00479
16944 -1.00479
17024 -1.00479
18127 -1.00479
18746 -1.00479
19539 -1.00479
19593 -1.00479
19672 -1.00479
19838 -1.00479
02151 -1.00478
02331 -1.00478
02345 -1.00478
02407 -1.00478
03659 -1.00478
03686 -1.00478
04455 -1.00478
06051 -1.00478
06419 -1.00478
06641 -1.00478
07217 -1.00478
08258 -1.00478
08487 -1.00478
08649 -1.00478
08680 -1.00478
08979 -1.00478
09532 -1.00478
10828 -1.00478
13260 -1.00478
13663 -1.00478
15950 -1.00478
20508 -1.00478
20649 -1.00478
20773 -1.00478
21072 -1.00478
00151 -1.00477
00178 -1.00477
01133 -1.00477
01612 -1.00477
01730 -1.00477
03293 -1.00477
05210 -1.00477
05383 -1.00477
07408 -1.00477
07409 -1.00477
07743 -1.00477
07750 -1.00477
07797 -1.00477
09138 -1.00477
09216 -1.00477
11889 -1.00477
12417 -1.00477
12763 -1.00477
14131 -1.00477
14151 -1.00477
15313 -1.00477
15384 -1.00477
16067 -1.00477
16870 -1.00477
17232 -1.00477
17316 -1.00477
17344 -1.00477
17378 -1.00477
17734 -1.00477
18359 -1.00477
19526 -1.00477
01249 -1.00476
02278 -1.00476
03401 -1.00476
07001 -1.00476
07484 -1.00476
09491 -1.00476
11381 -1.00476
11472 -1.00476
11885 -1.00476
11981 -1.00476
12798 -1.00476
13033 -1.00476
14313 -1.00476
15267 -1.00476
15378 -1.00476
16658 -1.00476
17147 -1.00476
17678 -1.00476
19433 -1.00476
19798 -1.00476
20243 -1.00476
00850 -1.00475
01613 -1.00475
02216 -1.00475
04000 -1.00475
04457 -1.00475
04825 -1.00475
05261 -1.00475
06027 -1.00475
06323 -1.00475
07323 -1.00475
11630 -1.00475
14302 -1.00475
20331 -1.00475
20786 -1.00475
00121 -1.00474
02373 -1.00474
03907 -1.00474
04638 -1.00474
04843 -1.00474
06455 -1.00474
07083 -1.00474
07254 -1.00474
09610 -1.00474
10370 -1.00474
10385 -1.00474
11976 -1.00474
12049 -1.00474
13468 -1.00474
14680 -1.00474
18078 -1.00474
19494 -1.00474
19893 -1.00474
20025 -1.00474
00076 -1.00473
01003 -1.00473
02503 -1.00473
04376 -1.00473
05285 -1.00473
06110 -1.00473
06773 -1.00473
08547 -1.00473
10101 -1.00473
10667 -1.00473
11323 -1.00473
12203 -1.00473
12930 -1.00473
13030 -1.00473
16088 -1.00473
16483 -1.00473
17663 -1.00473
18319 -1.00473
18607 -1.00473
18719 -1.00473
19816 -1.00473
20153 -1.00473
01047 -1.00472
02306 -1.00472
03876 -1.00472
04216 -1.00472
05079 -1.00472
05195 -1.00472
05359 -1.00472
06035 -1.00472
07096 -1.00472
07226 -1.00472
07570 -1.00472
07576 -1.00472
07665 -1.00472
09406 -1.00472
09874 -1.00472
10601 -1.00472
11341 -1.00472
11761 -1.00472
13491 -1.00472
16226 -1.00472
17806 -1.00472
18237 -1.00472
20637 -1.00472
21002 -1.00472
21114 -1.00472
21409 -1.00472
00785 -1.00471
01643 -1.00471
02098 -1.00471
02169 -1.00471
02914 -1.00471
06474 -1.00471
08030 -1.00471
08902 -1.00471
09202 -1.00471
10247 -1.00471
11082 -1.00471
12309 -1.00471
13251 -1.00471
15310 -1.00471
17178 -1.00471
18984 -1.00471
20126 -1.00471
21321 -1.00471
00475 -1.0047
00713 -1.0047
01053 -1.0047
02720 -1.0047
04074 -1.0047
06707 -1.0047
07005 -1.0047
07390 -1.0047
07862 -1.0047
07946 -1.0047
08915 -1.0047
09213 -1.0047
10117 -1.0047
10187 -1.0047
10260 -1.0047
10408 -1.0047
10966 -1.0047
11027 -1.0047
11376 -1.0047
12862 -1.0047
12896 -1.0047
13551 -1.0047
14847 -1.0047
15742 -1.0047
15818 -1.0047
16432 -1.0047
17931 -1.0047
18501 -1.0047
18913 -1.0047
19073 -1.0047
19465 -1.0047
19854 -1.0047
00463 -1.00469
00717 -1.00469
01033 -1.00469
01708 -1.00469
02134 -1.00469
02597 -1.00469
03873 -1.00469
05188 -1.00469
06184 -1.00469
10396 -1.00469
11161 -1.00469
11528 -1.00469
16887 -1.00469
17046 -1.00469
17577 -1.00469
18163 -1.00469
18180 -1.00469
18948 -1.00469
02461 -1.00468
02562 -1.00468
02859 -1.00468
03246 -1.00468
03665 -1.00468
03882 -1.00468
08650 -1.00468
09691 -1.00468
11064 -1.00468
15895 -1.00468
16487 -1.00468
16831 -1.00468
16987 -1.00468
18479 -1.00468
19017 -1.00468
19481 -1.00468
19712 -1.00468
21049 -1.00468
21281 -1.00468
00705 -1.00467
02013 -1.00467
02492 -1.00467
02633 -1.00467
04378 -1.00467
06945 -1.00467
07878 -1.00467
08049 -1.00467
08550 -1.00467
08969 -1.00467
09160 -1.00467
09337 -1.00467
10015 -1.00467
10597 -1.00467
12344 -1.00467
15323 -1.00467
15524 -1.00467
16150 -1.00467
16297 -1.00467
17050 -1.00467
17068 -1.00467
17149 -1.00467
17459 -1.00467
17837 -1.00467
19591 -1.00467
19680 -1.00467
20191 -1.00467
20746 -1.00467
20837 -1.00467
00886 -1.00466
00978 -1.00466
01018 -1.00466
01397 -1.00466
02441 -1.00466
03626 -1.00466
05894 -1.00466
06594 -1.00466
09103 -1.00466
09798 -1.00466
11833 -1.00466
12098 -1.00466
12182 -1.00466
16360 -1.00466
19479 -1.00466
21247 -1.00466
00059 -1.00465
01178 -1.00465
02548 -1.00465
02760 -1.00465
04078 -1.00465
04979 -1.00465
05776 -1.00465
06922 -1.00465
07037 -1.00465
08431 -1.00465
09819 -1.00465
10081 -1.00465
11105 -1.00465
11588 -1.00465
12089 -1.00465
13262 -1.00465
16475 -1.00465
17011 -1.00465
17767 -1.00465
20562 -1.00465
20965 -1.00465
21089 -1.00465
00038 -1.00464
00284 -1.00464
00316 -1.00464
01200 -1.00464
03185 -1.00464
04751 -1.00464
04985 -1.00464
05748 -1.00464
06977 -1.00464
08277 -1.00464
08308 -1.00464
08414 -1.00464
08505 -1.00464
09878 -1.00464
09904 -1.00464
10328 -1.00464
17888 -1.00464
17963 -1.00464
18633 -1.00464
19276 -1.00464
19797 -1.00464
19968 -1.00464
20392 -1.00464
00320 -1.00463
03044 -1.00463
03994 -1.00463
05137 -1.00463
05244 -1.00463
05796 -1.00463
06655 -1.00463
06788 -1.00463
06882 -1.00463
07115 -1.00463
08105 -1.00463
08522 -1.00463
09114 -1.00463
09149 -1.00463
11135 -1.00463
11406 -1.00463
11512 -1.00463
12004 -1.00463
12905 -1.00463
14920 -1.00463
15285 -1.00463
16031 -1.00463
19623 -1.00463
20357 -1.00463
20779 -1.00463
01029 -1.00462
01168 -1.00462
01400 -1.00462
02543 -1.00462
03369 -1.00462
04588 -1.00462
06211 -1.00462
07372 -1.00462
07763 -1.00462
08981 -1.00462
09360 -1.00462
10757 -1.00462
11155 -1.00462
12281 -1.00462
13042 -1.00462
13249 -1.00462
13565 -1.00462
13750 -1.00462
14191 -1.00462
14883 -1.00462
16026 -1.00462
17592 -1.00462
17704 -1.00462
19790 -1.00462
20184 -1.00462
00357 -1.00461
01880 -1.00461
07644 -1.00461
09789 -1.00461
11030 -1.00461
11087 -1.00461
11219 -1.00461
11246 -1.00461
11769 -1.00461
14689 -1.00461
15065 -1.00461
17273 -1.00461
18369 -1.00461
19270 -1.00461
19936 -1.00461
20463 -1.00461
21567 -1.00461
00217 -1.0046
04279 -1.0046
04938 -1.0046
06518 -1.0046
07007 -1.0046
07009 -1.0046
08636 -1.0046
09169 -1.0046
09276 -1.0046
10221 -1.0046
10753 -1.0046
11929 -1.0046
12501 -1.0046
13165 -1.0046
15711 -1.0046
17745 -1.0046
00317 -1.00459
03353 -1.00459
03779 -1.00459
04114 -1.00459
04763 -1.00459
05845 -1.00459
06137 -1.00459
07543 -1.00459
07638 -1.00459
10160 -1.00459
11078 -1.00459
11459 -1.00459
12810 -1.00459
14070 -1.00459
14674 -1.00459
14713 -1.00459
15249 -1.00459
15308 -1.00459
15347 -1.00459
15619 -1.00459
16331 -1.00459
17988 -1.00459
19013 -1.00459
19078 -1.00459
20281 -1.00459
20311 -1.00459
21421 -1.00459
00035 -1.00458
00096 -1.00458
00306 -1.00458
00680 -1.00458
01900 -1.00458
03728 -1.00458
06298 -1.00458
06642 -1.00458
08521 -1.00458
10095 -1.00458
13269 -1.00458
14944 -1.00458
15214 -1.00458
15401 -1.00458
15989 -1.00458
16769 -1.00458
16958 -1.00458
19980 -1.00458
20157 -1.00458
20831 -1.00458
01081 -1.00457
04001 -1.00457
04338 -1.00457
04914 -1.00457
05566 -1.00457
05567 -1.00457
05797 -1.00457
07437 -1.00457
08332 -1.00457
09770 -1.00457
10604 -1.00457
11413 -1.00457
12259 -1.00457
12435 -1.00457
12592 -1.00457
14083 -1.00457
14702 -1.00457
15761 -1.00457
18229 -1.00457
19090 -1.00457
19495 -1.00457
19724 -1.00457
01113 -1.00456
02777 -1.00456
03883 -1.00456
04827 -1.00456
05094 -1.00456
08845 -1.00456
09672 -1.00456
10342 -1.00456
12504 -1.00456
13214 -1.00456
15550 -1.00456
17183 -1.00456
17543 -1.00456
18200 -1.00456
19197 -1.00456
19926 -1.00456
20405 -1.00456
20758 -1.00456
20818 -1.00456
01391 -1.00455
01666 -1.00455
03411 -1.00455
03550 -1.00455
03995 -1.00455
04932 -1.00455
07747 -1.00455
08792 -1.00455
08794 -1.00455
09051 -1.00455
09439 -1.00455
09710 -1.00455
10457 -1.00455
10879 -1.00455
11014 -1.00455
11380 -1.00455
11509 -1.00455
12401 -1.00455
12758 -1.00455
13170 -1.00455
14068 -1.00455
14845 -1.00455
15363 -1.00455
17081 -1.00455
18927 -1.00455
19235 -1.00455
19909 -1.00455
19957 -1.00455
21471 -1.00455
02408 -1.00454
03084 -1.00454
03115 -1.00454
09305 -1.00454
10277 -1.00454
10401 -1.00454
11808 -1.00454
12743 -1.00454
13903 -1.00454
15357 -1.00454
16988 -1.00454
19734 -1.00454
20340 -1.00454
20891 -1.00454
00549 -1.00453
00879 -1.00453
01392 -1.00453
02472 -1.00453
03554 -1.00453
03949 -1.00453
05159 -1.00453
06472 -1.00453
07442 -1.00453
07907 -1.00453
09404 -1.00453
09538 -1.00453
10275 -1.00453
10519 -1.00453
11302 -1.00453
13255 -1.00453
13559 -1.00453
14404 -1.00453
18071 -1.00453
20114 -1.00453
20610 -1.00453
20863 -1.00453
00411 -1.00452
00543 -1.00452
00732 -1.00452
02900 -1.00452
02925 -1.00452
05752 -1.00452
05885 -1.00452
07349 -1.00452
08017 -1.00452
08339 -1.00452
09474 -1.00452
09628 -1.00452
10276 -1.00452
10312 -1.00452
10351 -1.00452
10608 -1.00452
10994 -1.00452
11032 -1.00452
12078 -1.00452
12134 -1.00452
12145 -1.00452
12741 -1.00452
13510 -1.00452
15707 -1.00452
16566 -1.00452
19294 -1.00452
19421 -1.00452
19701 -1.00452
19989 -1.00452
20202 -1.00452
20208 -1.00452
20440 -1.00452
00227 -1.00451
01208 -1.00451
03435 -1.00451
04453 -1.00451
04811 -1.00451
04970 -1.00451
05192 -1.00451
05742 -1.00451
05949 -1.00451
06178 -1.00451
08531 -1.00451
08665 -1.00451
10194 -1.00451
10496 -1.00451
11583 -1.00451
11740 -1.00451
11875 -1.00451
13015 -1.00451
13847 -1.00451
14222 -1.00451
14546 -1.00451
15273 -1.00451
17161 -1.00451
17703 -1.00451
18030 -1.00451
18331 -1.00451
19536 -1.00451
19561 -1.00451
19678 -1.00451
19803 -1.00451
19986 -1.00451
21305 -1.00451
21325 -1.00451
00603 -1.0045
01251 -1.0045
01566 -1.0045
01986 -1.0045
02491 -1.0045
03183 -1.0045
03342 -1.0045
03347 -1.0045
03817 -1.0045
04218 -1.0045
04755 -1.0045
04974 -1.0045
05419 -1.0045
06096 -1.0045
09277 -1.0045
09517 -1.0045
11574 -1.0045
12303 -1.0045
16662 -1.0045
18883 -1.0045
19449 -1.0045
19775 -1.0045
20024 -1.0045
20502 -1.0045
21550 -1.0045
01292 -1.00449
01349 -1.00449
02149 -1.00449
02356 -1.00449
02744 -1.00449
04456 -1.00449
05830 -1.00449
06421 -1.00449
07944 -1.00449
08088 -1.00449
08558 -1.00449
10702 -1.00449
10718 -1.00449
11431 -1.00449
11887 -1.00449
12420 -1.00449
13665 -1.00449
14932 -1.00449
15380 -1.00449
17675 -1.00449
18285 -1.00449
18775 -1.00449
18987 -1.00449
19043 -1.00449
19558 -1.00449
20021 -1.00449
20474 -1.00449
00166 -1.00448
01011 -1.00448
02206 -1.00448
02726 -1.00448
05049 -1.00448
06251 -1.00448
06636 -1.00448
07897 -1.00448
08469 -1.00448
08648 -1.00448
09617 -1.00448
09953 -1.00448
10470 -1.00448
11176 -1.00448
11245 -1.00448
14988 -1.00448
16062 -1.00448
18123 -1.00448
18573 -1.00448
00019 -1.00447
00107 -1.00447
00302 -1.00447
00802 -1.00447
00829 -1.00447
01012 -1.00447
02547 -1.00447
03457 -1.00447
03545 -1.00447
06837 -1.00447
08995 -1.00447
10119 -1.00447
10347 -1.00447
10705 -1.00447
10950 -1.00447
12197 -1.00447
12241 -1.00447
12499 -1.00447
12719 -1.00447
13640 -1.00447
14250 -1.00447
14579 -1.00447
14653 -1.00447
15447 -1.00447
16449 -1.00447
16923 -1.00447
20949 -1.00447
00563 -1.00446
02917 -1.00446
03094 -1.00446
03992 -1.00446
05727 -1.00446
05835 -1.00446
06430 -1.00446
07216 -1.00446
07490 -1.00446
11524 -1.00446
13011 -1.00446
13118 -1.00446
13946 -1.00446
14030 -1.00446
14818 -1.00446
14900 -1.00446
14952 -1.00446
14959 -1.00446
15337 -1.00446
15424 -1.00446
16023 -1.00446
16313 -1.00446
16924 -1.00446
18021 -1.00446
18205 -1.00446
18556 -1.00446
19341 -1.00446
20465 -1.00446
20625 -1.00446
20797 -1.00446
21547 -1.00446
01464 -1.00445
03687 -1.00445
04483 -1.00445
04632 -1.00445
04814 -1.00445
04847 -1.00445
05027 -1.00445
06543 -1.00445
07008 -1.00445
07041 -1.00445
07917 -1.00445
07970 -1.00445
08373 -1.00445
08940 -1.00445
09834 -1.00445
11223 -1.00445
12232 -1.00445
13633 -1.00445
14978 -1.00445
15168 -1.00445
15304 -1.00445
15398 -1.00445
16323 -1.00445
16918 -1.00445
17200 -1.00445
17448 -1.00445
17672 -1.00445
19077 -1.00445
19315 -1.00445
19552 -1.00445
20287 -1.00445
20809 -1.00445
00594 -1.00444
00866 -1.00444
02674 -1.00444
03748 -1.00444
05032 -1.00444
05168 -1.00444
05351 -1.00444
05532 -1.00444
05691 -1.00444
07432 -1.00444
08040 -1.00444
08057 -1.00444
08158 -1.00444
09441 -1.00444
09536 -1.00444
09808 -1.00444
09891 -1.00444
11150 -1.00444
11452 -1.00444
13265 -1.00444
13337 -1.00444
14739 -1.00444
15494 -1.00444
15533 -1.00444
16448 -1.00444
17470 -1.00444
17770 -1.00444
19833 -1.00444
20054 -1.00444
20330 -1.00444
21197 -1.00444
00461 -1.00443
01262 -1.00443
01287 -1.00443
01526 -1.00443
01662 -1.00443
03218 -1.00443
03237 -1.00443
03393 -1.00443
04184 -1.00443
04201 -1.00443
04651 -1.00443
04718 -1.00443
05255 -1.00443
05497 -1.00443
05673 -1.00443
05799 -1.00443
07823 -1.00443
07883 -1.00443
08564 -1.00443
08700 -1.00443
09012 -1.00443
09790 -1.00443
10397 -1.00443
10534 -1.00443
11443 -1.00443
11656 -1.00443
11788 -1.00443
12839 -1.00443
13461 -1.00443
14638 -1.00443
14812 -1.00443
15179 -1.00443
15402 -1.00443
15418 -1.00443
15589 -1.00443
16086 -1.00443
16178 -1.00443
16746 -1.00443
17568 -1.00443
18494 -1.00443
20160 -1.00443
20370 -1.00443
00371 -1.00442
01692 -1.00442
01694 -1.00442
01878 -1.00442
02075 -1.00442
03582 -1.00442
04688 -1.00442
04702 -1.00442
05020 -1.00442
06454 -1.00442
07197 -1.00442
07779 -1.00442
08003 -1.00442
08999 -1.00442
10545 -1.00442
10563 -1.00442
11053 -1.00442
11510 -1.00442
12079 -1.00442
12777 -1.00442
12873 -1.00442
13991 -1.00442
15297 -1.00442
15641 -1.00442
16125 -1.00442
16499 -1.00442
19424 -1.00442
19943 -1.00442
21263 -1.00442
00283 -1.00441
02170 -1.00441
02200 -1.00441
03414 -1.00441
04427 -1.00441
04859 -1.00441
05296 -1.00441
05898 -1.00441
06039 -1.00441
06341 -1.00441
06345 -1.00441
08118 -1.00441
08195 -1.00441
10132 -1.00441
11367 -1.00441
11379 -1.00441
12069 -1.00441
12453 -1.00441
12543 -1.00441
15335 -1.00441
16415 -1.00441
16971 -1.00441
18514 -1.00441
18905 -1.00441
18981 -1.00441
19328 -1.00441
21077 -1.00441
21231 -1.00441
00176 -1.0044
02553 -1.0044
04164 -1.0044
04547 -1.0044
04622 -1.0044
05091 -1.0044
05588 -1.0044
07571 -1.0044
08371 -1.0044
08721 -1.0044
09690 -1.0044
10296 -1.0044
10301 -1.0044
11174 -1.0044
11382 -1.0044
15061 -1.0044
15312 -1.0044
15853 -1.0044
17428 -1.0044
19472 -1.0044
21545 -1.0044
21552 -1.0044
21554 -1.0044
00074 -1.00439
01088 -1.00439
01723 -1.00439
02935 -1.00439
03399 -1.00439
05265 -1.00439
05514 -1.00439
05554 -1.00439
06008 -1.00439
06274 -1.00439
06877 -1.00439
06910 -1.00439
07219 -1.00439
07380 -1.00439
08263 -1.00439
08346 -1.00439
08826 -1.00439
09431 -1.00439
10253 -1.00439
10938 -1.00439
11438 -1.00439
11568 -1.00439
12410 -1.00439
12631 -1.00439
13023 -1.00439
13279 -1.00439
13423 -1.00439
13784 -1.00439
14758 -1.00439
15555 -1.00439
17376 -1.00439
18277 -1.00439
18583 -1.00439
19866 -1.00439
20266 -1.00439
20733 -1.00439
20745 -1.00439
20759 -1.00439
21142 -1.00439
00663 -1.00438
02675 -1.00438
03584 -1.00438
04464 -1.00438
04624 -1.00438
05323 -1.00438
05338 -1.00438
05598 -1.00438
05646 -1.00438
06893 -1.00438
09596 -1.00438
09768 -1.00438
09847 -1.00438
15140 -1.00438
15472 -1.00438
16551 -1.00438
16725 -1.00438
18453 -1.00438
19109 -1.00438
19401 -1.00438
19606 -1.00438
20543 -1.00438
00881 -1.00437
02050 -1.00437
02527 -1.00437
03253 -1.00437
05153 -1.00437
06989 -1.00437
09607 -1.00437
11164 -1.00437
12490 -1.00437
14108 -1.00437
14908 -1.00437
16114 -1.00437
18136 -1.00437
19355 -1.00437
21028 -1.00437
00219 -1.00436
01727 -1.00436
05353 -1.00436
05501 -1.00436
08738 -1.00436
08810 -1.00436
10426 -1.00436
12991 -1.00436
13264 -1.00436
18662 -1.00436
20954 -1.00436
21324 -1.00436
01279 -1.00435
01280 -1.00435
02501 -1.00435
04111 -1.00435
07445 -1.00435
08008 -1.00435
09872 -1.00435
10298 -1.00435
11171 -1.00435
11698 -1.00435
17093 -1.00435
19605 -1.00435
00931 -1.00434
06626 -1.00434
