14230 -1.01356
05258 -1.01303
21347 -1.01289
13629 -1.0128
14748 -1.01273
05311 -1.01271
08328 -1.01259
12848 -1.01256
05214 -1.0124
16216 -1.01217
05290 -1.0121
11781 -1.01203
16727 -1.01203
08561 -1.01201
11224 -1.01195
09733 -1.01191
16128 -1.0119
18726 -1.01184
08320 -1.01181
06463 -1.01168
10268 -1.01165
03454 -1.01161
06635 -1.0116
04267 -1.01151
05176 -1.01149
16844 -1.01149
00372 -1.01148
17490 -1.01143
02521 -1.01139
17903 -1.01134
05070 -1.01133
17731 -1.01128
12967 -1.01127
15063 -1.01124
03488 -1.01122
03344 -1.01119
09244 -1.01119
10455 -1.01118
01729 -1.01117
01312 -1.01115
08136 -1.01115
11732 -1.01114
12136 -1.01114
02383 -1.0111
05386 -1.0111
05230 -1.01109
18086 -1.01108
10054 -1.01107
12277 -1.01107
11016 -1.01105
00714 -1.01104
04160 -1.01102
06657 -1.01101
01906 -1.011
17700 -1.011
01919 -1.01099
20500 -1.01099
12876 -1.01097
19825 -1.01096
08137 -1.01095
08098 -1.01094
07213 -1.01092
02979 -1.0109
15549 -1.0109
20823 -1.01089
06980 -1.01084
07200 -1.01084
08055 -1.01084
13564 -1.01082
21068 -1.01082
14698 -1.01081
18548 -1.0108
03798 -1.01076
06708 -1.01076
11746 -1.01076
15470 -1.01074
17359 -1.01072
14357 -1.0107
04988 -1.01069
13179 -1.01066
13995 -1.01066
16163 -1.01066
02775 -1.01065
06388 -1.01065
06722 -1.01065
20744 -1.01064
12002 -1.01063
08943 -1.0106
10760 -1.0106
04748 -1.01058
05318 -1.01058
08746 -1.01058
09946 -1.01058
13115 -1.01058
17023 -1.01058
13657 -1.01054
09283 -1.01051
09382 -1.01051
17312 -1.01051
07366 -1.01049
14716 -1.01049
10473 -1.01048
12394 -1.01047
02965 -1.01044
12026 -1.01043
13462 -1.01043
01854 -1.01042
05985 -1.01042
14826 -1.01041
18409 -1.0104
18645 -1.01039
04026 -1.01038
17396 -1.01038
10780 -1.01037
08439 -1.01036
12355 -1.01035
17368 -1.01034
20868 -1.01034
08024 -1.01031
11504 -1.01031
05576 -1.0103
10375 -1.0103
00748 -1.01029
08937 -1.01029
12887 -1.01029
01549 -1.01026
11234 -1.01025
16737 -1.01025
01456 -1.01024
06346 -1.01024
18849 -1.01024
03421 -1.01023
04602 -1.01022
16599 -1.0102
11490 -1.01019
16367 -1.01019
03062 -1.01018
03148 -1.01018
04564 -1.01018
16501 -1.01018
16680 -1.01017
12143 -1.01014
15227 -1.01012
14869 -1.01011
15238 -1.01009
17325 -1.01009
10743 -1.01006
03023 -1.01005
12917 -1.01005
17199 -1.01005
00079 -1.01004
06914 -1.01004
09835 -1.01001
10355 -1.01001
17409 -1.01001
19953 -1.00999
00419 -1.00998
03923 -1.00998
17497 -1.00998
12971 -1.00997
15103 -1.00997
07560 -1.00995
08060 -1.00993
18415 -1.00992
00473 -1.00991
12431 -1.00991
02725 -1.0099
08162 -1.00989
09717 -1.00989
16303 -1.00989
00875 -1.00988
15743 -1.00988
10078 -1.00987
11763 -1.00986
15671 -1.00986
17891 -1.00986
08980 -1.00985
03298 -1.00984
03615 -1.00984
10931 -1.00984
14853 -1.00984
18287 -1.00983
03505 -1.00982
04969 -1.00982
07742 -1.00982
20338 -1.00982
04764 -1.00981
09764 -1.00981
14891 -1.00981
06410 -1.0098
10292 -1.0098
13263 -1.0098
15437 -1.0098
16009 -1.0098
13322 -1.00979
19871 -1.00979
06426 -1.00978
07589 -1.00977
18507 -1.00977
05482 -1.00976
15362 -1.00976
06259 -1.00975
07405 -1.00975
17871 -1.00974
07135 -1.00973
05004 -1.00972
14654 -1.00972
01967 -1.00971
13496 -1.00971
16028 -1.00971
16558 -1.00971
08714 -1.00969
00635 -1.00968
08960 -1.00968
14710 -1.00968
19258 -1.00968
20867 -1.00968
21060 -1.00967
13266 -1.00966
03429 -1.00965
08272 -1.00965
08569 -1.00965
21127 -1.00965
21284 -1.00965
04864 -1.00964
16372 -1.00964
20143 -1.00964
16785 -1.00963
11753 -1.00962
17953 -1.00962
00496 -1.00961
04944 -1.00961
10140 -1.0096
13208 -1.0096
16087 -1.0096
15450 -1.00959
06357 -1.00958
07607 -1.00958
12025 -1.00958
10350 -1.00957
16756 -1.00957
02697 -1.00956
05515 -1.00956
07088 -1.00956
19432 -1.00955
00223 -1.00954
06456 -1.00953
19710 -1.00953
01359 -1.00952
12397 -1.00952
11350 -1.00951
12655 -1.00951
09837 -1.0095
10080 -1.0095
12701 -1.0095
20698 -1.0095
02357 -1.00949
13993 -1.00949
20967 -1.00949
00203 -1.00948
02064 -1.00948
12680 -1.00948
16278 -1.00948
04266 -1.00946
00004 -1.00945
04546 -1.00945
05473 -1.00945
09275 -1.00945
17883 -1.00945
19767 -1.00945
07811 -1.00944
04165 -1.00943
11717 -1.00943
16381 -1.00942
21473 -1.00942
15765 -1.00941
05631 -1.0094
11773 -1.0094
13256 -1.0094
13419 -1.0094
13577 -1.0094
15556 -1.0094
17324 -1.0094
18378 -1.0094
00319 -1.00939
02907 -1.00939
12011 -1.00939
18578 -1.00939
04049 -1.00938
17474 -1.00938
06197 -1.00937
09638 -1.00937
13396 -1.00937
00016 -1.00936
00056 -1.00936
10103 -1.00936
15352 -1.00936
04175 -1.00935
06143 -1.00935
06665 -1.00935
07731 -1.00935
09022 -1.00935
10809 -1.00934
21340 -1.00934
04809 -1.00933
06844 -1.00933
09445 -1.00933
11083 -1.00933
17367 -1.00933
19285 -1.00933
00276 -1.00932
02228 -1.00932
10291 -1.00931
10976 -1.00931
00537 -1.00929
01306 -1.00929
01682 -1.00929
12208 -1.00929
12310 -1.00929
18714 -1.00929
05131 -1.00928
09940 -1.00928
10050 -1.00927
02203 -1.00926
04130 -1.00926
06541 -1.00926
10367 -1.00926
14749 -1.00926
10617 -1.00925
15488 -1.00925
15369 -1.00924
15762 -1.00924
05851 -1.00923
12662 -1.00923
13531 -1.00923
16373 -1.00923
17760 -1.00922
00209 -1.00921
20538 -1.00921
21420 -1.00921
07892 -1.0092
17896 -1.0092
18047 -1.0092
06896 -1.00919
12279 -1.00919
12947 -1.00919
14419 -1.00919
19532 -1.00919
02580 -1.00918
08121 -1.00918
08196 -1.00918
09402 -1.00918
05412 -1.00917
09759 -1.00917
17506 -1.00917
19099 -1.00917
19490 -1.00917
08069 -1.00916
09170 -1.00916
11204 -1.00916
16773 -1.00916
01269 -1.00915
03762 -1.00915
10278 -1.00915
02500 -1.00914
04548 -1.00914
09909 -1.00914
15852 -1.00913
18299 -1.00913
00950 -1.00912
01968 -1.00912
06752 -1.00912
08884 -1.00912
11215 -1.00912
12791 -1.00912
12972 -1.00912
19589 -1.00912
06531 -1.00911
12521 -1.00911
20207 -1.00911
03013 -1.0091
05778 -1.0091
05858 -1.0091
06611 -1.0091
07904 -1.0091
04363 -1.00909
14390 -1.00909
02304 -1.00908
09959 -1.00908
16513 -1.00908
08716 -1.00907
14126 -1.00907
14708 -1.00907
00288 -1.00906
12383 -1.00906
18684 -1.00906
06395 -1.00905
06926 -1.00904
13261 -1.00904
17450 -1.00904
21486 -1.00904
00010 -1.00903
10697 -1.00903
17220 -1.00903
01275 -1.00902
11755 -1.00902
15878 -1.00902
19719 -1.00902
01084 -1.00901
04477 -1.00901
17048 -1.00901
05891 -1.009
15016 -1.009
17620 -1.009
21425 -1.009
21508 -1.009
00382 -1.00899
10505 -1.00899
10778 -1.00899
16946 -1.00899
18239 -1.00899
06013 -1.00898
13046 -1.00898
14921 -1.00898
01868 -1.00897
07710 -1.00897
09815 -1.00897
14840 -1.00897
14987 -1.00897
15841 -1.00897
07391 -1.00896
08820 -1.00896
17707 -1.00896
00854 -1.00895
00965 -1.00895
06607 -1.00895
07705 -1.00895
15551 -1.00895
08932 -1.00894
13146 -1.00894
17598 -1.00894
19038 -1.00893
05206 -1.00892
16249 -1.00892
01543 -1.00891
05672 -1.00891
07893 -1.00891
12195 -1.00891
12598 -1.00891
15095 -1.00891
02824 -1.0089
18250 -1.0089
07628 -1.00889
16440 -1.00889
19392 -1.00889
19457 -1.00889
20240 -1.00889
00922 -1.00888
01466 -1.00888
05171 -1.00888
10733 -1.00888
10799 -1.00888
08627 -1.00887
16636 -1.00887
00001 -1.00886
00225 -1.00886
00644 -1.00886
00914 -1.00886
06157 -1.00886
06928 -1.00886
16292 -1.00886
16361 -1.00886
03343 -1.00885
09939 -1.00885
16926 -1.00885
19760 -1.00885
20185 -1.00885
20806 -1.00885
01685 -1.00884
11123 -1.00884
12181 -1.00884
15190 -1.00884
16904 -1.00884
20317 -1.00884
17458 -1.00883
19259 -1.00883
06400 -1.00882
19964 -1.00882
06379 -1.00881
16898 -1.00881
02833 -1.0088
07551 -1.0088
19499 -1.0088
02221 -1.00879
02428 -1.00879
00200 -1.00878
00295 -1.00878
03489 -1.00878
03555 -1.00878
06465 -1.00878
15978 -1.00878
02001 -1.00877
12778 -1.00877
00335 -1.00876
12292 -1.00876
14780 -1.00876
04067 -1.00875
07342 -1.00875
09722 -1.00875
19604 -1.00875
10623 -1.00874
10902 -1.00874
17148 -1.00874
07864 -1.00873
10605 -1.00873
11711 -1.00873
20254 -1.00873
04313 -1.00872
05542 -1.00872
17976 -1.00872
20772 -1.00872
09975 -1.00871
10704 -1.00871
11823 -1.00871
00356 -1.0087
02475 -1.0087
08115 -1.0087
12487 -1.0087
09388 -1.00869
15697 -1.00869
16139 -1.00869
17628 -1.00869
02198 -1.00868
04007 -1.00868
19111 -1.00868
06360 -1.00867
06473 -1.00867
06618 -1.00867
09328 -1.00867
15154 -1.00867
01534 -1.00866
07925 -1.00866
09569 -1.00866
09899 -1.00866
10905 -1.00866
19848 -1.00866
03759 -1.00865
06605 -1.00865
11206 -1.00865
16053 -1.00865
17135 -1.00865
00236 -1.00864
01380 -1.00864
04174 -1.00864
07778 -1.00864
00898 -1.00863
11820 -1.00863
12163 -1.00863
12188 -1.00863
15511 -1.00863
16389 -1.00863
19334 -1.00863
03931 -1.00862
05234 -1.00862
09211 -1.00862
19679 -1.00862
03072 -1.00861
03396 -1.00861
18621 -1.00861
00362 -1.0086
00180 -1.00859
04643 -1.00859
08901 -1.00859
16948 -1.00859
19687 -1.00859
03413 -1.00858
05941 -1.00858
12574 -1.00858
13034 -1.00858
21277 -1.00858
21287 -1.00858
07304 -1.00857
14890 -1.00857
17438 -1.00857
10537 -1.00856
16132 -1.00856
16183 -1.00856
20803 -1.00856
21572 -1.00856
09047 -1.00855
14043 -1.00854
16619 -1.00854
19425 -1.00854
06547 -1.00853
07927 -1.00853
08526 -1.00853
09618 -1.00853
12340 -1.00853
03020 -1.00852
04303 -1.00852
04800 -1.00852
06459 -1.00852
06689 -1.00852
12432 -1.00852
16565 -1.00852
17202 -1.00852
01357 -1.00851
11457 -1.00851
11487 -1.00851
13216 -1.00851
15686 -1.00851
06592 -1.0085
13752 -1.0085
03247 -1.00849
04906 -1.00849
05139 -1.00849
06742 -1.00849
10317 -1.00849
15442 -1.00849
19603 -1.00849
02115 -1.00848
02251 -1.00848
07933 -1.00848
09978 -1.00848
10924 -1.00848
01190 -1.00847
01579 -1.00847
07493 -1.00847
11192 -1.00847
15444 -1.00847
17363 -1.00847
02157 -1.00846
17307 -1.00846
18054 -1.00846
01696 -1.00845
08677 -1.00845
17714 -1.00845
09749 -1.00844
04405 -1.00843
05486 -1.00843
06962 -1.00843
09673 -1.00843
11203 -1.00843
17930 -1.00843
02618 -1.00842
03446 -1.00842
17036 -1.00842
08444 -1.00841
10422 -1.00841
16443 -1.00841
13390 -1.0084
18532 -1.0084
04290 -1.00839
04810 -1.00839
04893 -1.00839
16075 -1.00839
17574 -1.00839
02456 -1.00838
04317 -1.00838
09742 -1.00838
18317 -1.00838
21470 -1.00838
00696 -1.00837
00730 -1.00836
00843 -1.00836
03077 -1.00836
08974 -1.00836
17198 -1.00836
17419 -1.00836
20183 -1.00836
01388 -1.00835
12548 -1.00835
15912 -1.00835
20256 -1.00835
10829 -1.00834
11349 -1.00834
15325 -1.00834
19242 -1.00834
02312 -1.00833
09130 -1.00833
01252 -1.00832
08896 -1.00832
17433 -1.00832
18005 -1.00832
00752 -1.00831
01539 -1.00831
01860 -1.00831
03868 -1.00831
06180 -1.00831
06996 -1.00831
11186 -1.00831
17778 -1.00831
10822 -1.0083
18515 -1.0083
04567 -1.00829
06588 -1.00829
15581 -1.00829
17099 -1.00829
00803 -1.00828
07094 -1.00828
08708 -1.00828
13246 -1.00828
15844 -1.00828
02587 -1.00827
05201 -1.00827
08961 -1.00827
10927 -1.00827
11198 -1.00827
12485 -1.00827
12634 -1.00827
14697 -1.00827
09667 -1.00826
10382 -1.00826
12434 -1.00826
13790 -1.00826
19660 -1.00826
20706 -1.00826
10264 -1.00825
11261 -1.00825
12815 -1.00825
13379 -1.00825
15957 -1.00825
17966 -1.00825
18767 -1.00825
21376 -1.00825
02342 -1.00824
02121 -1.00823
08753 -1.00823
12150 -1.00823
15530 -1.00823
17605 -1.00823
02132 -1.00822
02698 -1.00822
07290 -1.00822
09269 -1.00822
10344 -1.00822
11637 -1.00822
17305 -1.00822
01408 -1.00821
03267 -1.00821
03902 -1.00821
08483 -1.00821
11181 -1.00821
14757 -1.00821
15639 -1.00821
17456 -1.00821
03065 -1.0082
04071 -1.0082
10546 -1.0082
03075 -1.00819
06699 -1.00819
08271 -1.00819
08548 -1.00819
08711 -1.00819
14541 -1.00819
17193 -1.00819
00311 -1.00818
17571 -1.00818
18917 -1.00818
05186 -1.00817
05294 -1.00817
13073 -1.00817
05366 -1.00816
05471 -1.00816
14687 -1.00816
15370 -1.00816
16176 -1.00816
17426 -1.00816
19544 -1.00816
20764 -1.00816
03978 -1.00815
06203 -1.00815
06656 -1.00815
12328 -1.00815
15569 -1.00815
19191 -1.00815
20304 -1.00815
20783 -1.00815
21334 -1.00815
04878 -1.00814
10133 -1.00814
10306 -1.00814
19930 -1.00814
00028 -1.00813
08846 -1.00813
13234 -1.00813
17083 -1.00813
18280 -1.00813
03534 -1.00812
07105 -1.00812
12282 -1.00812
20110 -1.00812
00232 -1.00811
00263 -1.00811
07326 -1.00811
09110 -1.00811
17294 -1.00811
18588 -1.00811
00331 -1.0081
06867 -1.0081
08633 -1.0081
09714 -1.0081
09796 -1.0081
15382 -1.0081
17348 -1.0081
02878 -1.00809
04692 -1.00809
09281 -1.00809
16986 -1.00809
02052 -1.00808
02526 -1.00808
07043 -1.00808
08971 -1.00808
15534 -1.00808
08595 -1.00807
10748 -1.00807
13053 -1.00807
13244 -1.00807
13281 -1.00807
13733 -1.00807
15243 -1.00807
19028 -1.00807
19289 -1.00807
19831 -1.00807
20614 -1.00807
09174 -1.00806
16833 -1.00806
18512 -1.00806
18652 -1.00806
03287 -1.00805
05587 -1.00805
10201 -1.00805
11914 -1.00805
01963 -1.00804
02718 -1.00804
07499 -1.00804
07830 -1.00804
15149 -1.00804
17846 -1.00804
17922 -1.00804
05585 -1.00803
08628 -1.00803
08666 -1.00803
09636 -1.00803
10856 -1.00803
16112 -1.00803
00230 -1.00802
00240 -1.00802
11225 -1.00802
13656 -1.00802
14770 -1.00802
14931 -1.00802
16937 -1.00802
16938 -1.00802
17386 -1.00802
19353 -1.00802
00347 -1.00801
02998 -1.00801
08621 -1.00801
08664 -1.00801
11752 -1.00801
18985 -1.00801
02973 -1.008
03861 -1.008
04223 -1.008
05643 -1.008
09582 -1.008
11029 -1.008
12146 -1.008
14109 -1.008
18591 -1.008
19752 -1.008
01726 -1.00799
02308 -1.00799
07753 -1.00799
08262 -1.00799
08839 -1.00799
09734 -1.00799
11451 -1.00799
11492 -1.00799
12381 -1.00799
18148 -1.00799
18204 -1.00799
18397 -1.00799
04759 -1.00798
09440 -1.00798
10703 -1.00798
12953 -1.00798
15736 -1.00798
16794 -1.00798
00340 -1.00797
09937 -1.00797
12818 -1.00797
14797 -1.00797
16564 -1.00797
01724 -1.00796
02227 -1.00796
09080 -1.00796
11063 -1.00796
11177 -1.00796
12878 -1.00796
18938 -1.00796
21101 -1.00796
00300 -1.00795
02627 -1.00795
02658 -1.00795
03048 -1.00795
10582 -1.00795
17477 -1.00795
18455 -1.00795
05759 -1.00794
08819 -1.00794
13771 -1.00794
13809 -1.00794
18267 -1.00794
19036 -1.00794
10954 -1.00793
13225 -1.00793
02362 -1.00792
03188 -1.00792
06603 -1.00792
06876 -1.00792
10725 -1.00792
12156 -1.00792
15587 -1.00792
16677 -1.00792
04081 -1.00791
09180 -1.00791
10071 -1.00791
10786 -1.00791
00926 -1.0079
00942 -1.0079
05394 -1.0079
11768 -1.0079
11828 -1.0079
18904 -1.0079
19688 -1.0079
02554 -1.00789
02735 -1.00789
04830 -1.00789
09848 -1.00789
10877 -1.00789
15816 -1.00789
17079 -1.00789
18422 -1.00789
09732 -1.00788
14372 -1.00788
14691 -1.00788
15263 -1.00788
16421 -1.00788
18052 -1.00788
18471 -1.00788
19683 -1.00788
20046 -1.00788
01718 -1.00787
01836 -1.00787
03111 -1.00787
05452 -1.00787
10406 -1.00787
15498 -1.00787
15700 -1.00787
16002 -1.00787
16832 -1.00787
01535 -1.00786
03068 -1.00786
06094 -1.00786
06612 -1.00786
10501 -1.00786
10593 -1.00786
10784 -1.00786
19897 -1.00786
20064 -1.00786
20432 -1.00786
03030 -1.00785
13487 -1.00785
21379 -1.00785
05200 -1.00784
06406 -1.00784
08392 -1.00784
16200 -1.00784
17207 -1.00784
17906 -1.00784
00237 -1.00783
01911 -1.00783
05789 -1.00783
08618 -1.00783
12118 -1.00783
17460 -1.00783
19619 -1.00783
03078 -1.00782
08992 -1.00782
09436 -1.00782
16044 -1.00782
18540 -1.00782
18996 -1.00782
17075 -1.00781
00386 -1.0078
03942 -1.0078
06112 -1.0078
13692 -1.0078
17833 -1.0078
20300 -1.0078
03743 -1.00779
04093 -1.00779
06890 -1.00779
12756 -1.00779
17195 -1.00779
20029 -1.00779
00840 -1.00778
04533 -1.00778
05456 -1.00778
05951 -1.00778
09058 -1.00778
09378 -1.00778
10178 -1.00778
11498 -1.00778
04037 -1.00777
04126 -1.00777
05384 -1.00777
06471 -1.00777
10106 -1.00777
16681 -1.00777
17252 -1.00777
21057 -1.00777
21542 -1.00777
01353 -1.00776
05935 -1.00776
10570 -1.00776
16119 -1.00776
03502 -1.00775
03670 -1.00775
04642 -1.00775
04989 -1.00775
05098 -1.00775
05376 -1.00775
11184 -1.00775
11240 -1.00775
14342 -1.00775
14782 -1.00775
15835 -1.00775
20551 -1.00775
00891 -1.00774
05303 -1.00774
00137 -1.00773
03170 -1.00773
03470 -1.00773
08990 -1.00773
09015 -1.00773
10854 -1.00773
02078 -1.00772
02663 -1.00772
02988 -1.00772
04508 -1.00772
09784 -1.00772
10017 -1.00772
10246 -1.00772
11926 -1.00772
21015 -1.00772
21056 -1.00772
00342 -1.00771
04630 -1.00771
11080 -1.00771
14184 -1.00771
15349 -1.00771
16641 -1.00771
01019 -1.0077
05345 -1.0077
08292 -1.0077
11060 -1.0077
14734 -1.0077
16171 -1.0077
00273 -1.00769
05667 -1.00769
17416 -1.00769
17849 -1.00769
18672 -1.00769
20663 -1.00769
05779 -1.00768
12793 -1.00768
16644 -1.00768
17096 -1.00768
18138 -1.00768
20748 -1.00768
00344 -1.00767
03390 -1.00767
04196 -1.00767
07036 -1.00767
18891 -1.00767
00264 -1.00766
04871 -1.00766
07701 -1.00766
13347 -1.00766
14843 -1.00766
15160 -1.00766
15421 -1.00766
15830 -1.00766
15975 -1.00766
00546 -1.00765
00925 -1.00765
02759 -1.00765
12423 -1.00765
13576 -1.00765
14849 -1.00765
16094 -1.00765
16177 -1.00765
16357 -1.00765
17970 -1.00765
18579 -1.00765
01777 -1.00764
04136 -1.00764
08799 -1.00764
08985 -1.00764
11505 -1.00764
14982 -1.00764
15172 -1.00764
16759 -1.00764
20038 -1.00764
05273 -1.00763
10390 -1.00763
12031 -1.00763
12066 -1.00763
12072 -1.00763
12811 -1.00763
14635 -1.00763
17612 -1.00763
18352 -1.00763
21408 -1.00763
00135 -1.00762
02166 -1.00762
09310 -1.00762
09336 -1.00762
09462 -1.00762
16643 -1.00762
17508 -1.00762
17572 -1.00762
19538 -1.00762
02261 -1.00761
03312 -1.00761
08314 -1.00761
08691 -1.00761
10525 -1.00761
11448 -1.00761
11600 -1.00761
11739 -1.00761
12773 -1.00761
17933 -1.00761
04951 -1.0076
08004 -1.0076
11414 -1.0076
14767 -1.0076
15604 -1.0076
16964 -1.0076
20705 -1.0076
01316 -1.00759
05271 -1.00759
08780 -1.00759
11691 -1.00759
17382 -1.00759
20861 -1.00759
04027 -1.00758
05167 -1.00758
13738 -1.00758
19066 -1.00758
20530 -1.00758
02906 -1.00757
19157 -1.00757
20751 -1.00757
00591 -1.00756
04771 -1.00756
08384 -1.00756
09150 -1.00756
12085 -1.00756
12650 -1.00756
15364 -1.00756
19553 -1.00756
00033 -1.00755
01126 -1.00755
07937 -1.00755
08029 -1.00755
12372 -1.00755
15840 -1.00755
15967 -1.00755
18062 -1.00755
20782 -1.00755
21304 -1.00755
03512 -1.00754
09112 -1.00754
11214 -1.00754
12317 -1.00754
12879 -1.00754
15492 -1.00754
18003 -1.00754
19039 -1.00754
20201 -1.00754
20924 -1.00754
04246 -1.00753
06285 -1.00753
06721 -1.00753
10512 -1.00753
13949 -1.00753
17435 -1.00753
17961 -1.00753
19713 -1.00753
09206 -1.00752
15783 -1.00752
16864 -1.00752
19966 -1.00752
01525 -1.00751
02686 -1.00751
03500 -1.00751
05170 -1.00751
05241 -1.00751
09526 -1.00751
10329 -1.00751
12221 -1.00751
12829 -1.00751
15270 -1.00751
18696 -1.00751
19040 -1.00751
19548 -1.00751
01926 -1.0075
02354 -1.0075
07356 -1.0075
10973 -1.0075
12409 -1.0075
18625 -1.0075
01026 -1.00749
06586 -1.00749
10486 -1.00749
17915 -1.00749
06090 -1.00748
09679 -1.00748
12189 -1.00748
15507 -1.00748
01297 -1.00747
05761 -1.00747
06215 -1.00747
06770 -1.00747
09793 -1.00747
11084 -1.00747
16072 -1.00747
21260 -1.00747
01808 -1.00746
04132 -1.00746
11827 -1.00746
11985 -1.00746
17405 -1.00746
03813 -1.00745
06581 -1.00745
09296 -1.00745
09554 -1.00745
16203 -1.00745
04307 -1.00744
04683 -1.00744
08743 -1.00744
13252 -1.00744
13331 -1.00744
13434 -1.00744
14852 -1.00744
15454 -1.00744
20346 -1.00744
21064 -1.00744
03593 -1.00743
08164 -1.00743
09263 -1.00743
10208 -1.00743
10236 -1.00743
11299 -1.00743
11843 -1.00743
17573 -1.00743
18278 -1.00743
21165 -1.00743
00422 -1.00742
00458 -1.00742
00740 -1.00742
19326 -1.00742
03984 -1.00741
04017 -1.00741
06182 -1.00741
09052 -1.00741
09154 -1.00741
00389 -1.0074
00889 -1.0074
01611 -1.0074
02257 -1.0074
04534 -1.0074
05235 -1.0074
05888 -1.0074
10959 -1.0074
20095 -1.0074
21336 -1.0074
01414 -1.00739
01540 -1.00739
01739 -1.00739
03060 -1.00739
05570 -1.00739
09782 -1.00739
11368 -1.00739
19497 -1.00739
05378 -1.00738
06849 -1.00738
07263 -1.00738
10741 -1.00738
13592 -1.00738
15677 -1.00738
16613 -1.00738
00359 -1.00737
04205 -1.00737
04772 -1.00737
04863 -1.00737
09861 -1.00737
12113 -1.00737
21251 -1.00737
01360 -1.00736
04019 -1.00736
05808 -1.00736
07717 -1.00736
10695 -1.00736
15094 -1.00736
17680 -1.00736
18186 -1.00736
19091 -1.00736
21331 -1.00736
00779 -1.00735
04699 -1.00735
06998 -1.00735
08201 -1.00735
13606 -1.00735
15281 -1.00735
15571 -1.00735
20159 -1.00735
21244 -1.00735
21422 -1.00735
00109 -1.00734
00110 -1.00734
08075 -1.00734
09246 -1.00734
09583 -1.00734
09650 -1.00734
12144 -1.00734
14220 -1.00734
18601 -1.00734
19415 -1.00734
20787 -1.00734
00023 -1.00733
03269 -1.00733
08510 -1.00733
17934 -1.00733
00144 -1.00732
00837 -1.00732
06376 -1.00732
07062 -1.00732
07227 -1.00732
07765 -1.00732
09203 -1.00732
15414 -1.00732
18614 -1.00732
19949 -1.00732
20120 -1.00732
20877 -1.00732
01889 -1.00731
04884 -1.00731
07866 -1.00731
12537 -1.00731
15091 -1.00731
16280 -1.00731
03371 -1.0073
04369 -1.0073
04824 -1.0073
10303 -1.0073
10826 -1.0073
12750 -1.0073
17206 -1.0073
18530 -1.0073
19958 -1.0073
00874 -1.00729
02822 -1.00729
05460 -1.00729
06653 -1.00729
06725 -1.00729
09061 -1.00729
09142 -1.00729
15043 -1.00729
17374 -1.00729
19509 -1.00729
03019 -1.00728
03587 -1.00728
04186 -1.00728
05468 -1.00728
07428 -1.00728
08153 -1.00728
11680 -1.00728
12799 -1.00728
13348 -1.00728
16998 -1.00728
18961 -1.00728
19211 -1.00728
00278 -1.00727
02197 -1.00727
03027 -1.00727
03825 -1.00727
04016 -1.00727
04674 -1.00727
04744 -1.00727
05561 -1.00727
07175 -1.00727
17980 -1.00727
18420 -1.00727
03732 -1.00726
05085 -1.00726
09544 -1.00726
09706 -1.00726
09758 -1.00726
09788 -1.00726
09886 -1.00726
10136 -1.00726
11470 -1.00726
12209 -1.00726
12898 -1.00726
15403 -1.00726
04625 -1.00725
04727 -1.00725
06217 -1.00725
08248 -1.00725
09736 -1.00725
13420 -1.00725
15824 -1.00725
18131 -1.00725
21154 -1.00725
00334 -1.00724
02061 -1.00724
04058 -1.00724
05104 -1.00724
08525 -1.00724
12827 -1.00724
07643 -1.00723
08360 -1.00723
10209 -1.00723
11830 -1.00723
15625 -1.00723
17013 -1.00723
17952 -1.00723
19041 -1.00723
00888 -1.00722
00957 -1.00722
01091 -1.00722
01362 -1.00722
05726 -1.00722
06481 -1.00722
14277 -1.00722
15617 -1.00722
16840 -1.00722
17771 -1.00722
18542 -1.00722
19588 -1.00722
07126 -1.00721
07796 -1.00721
07977 -1.00721
08095 -1.00721
10676 -1.00721
16198 -1.00721
17839 -1.00721
02470 -1.0072
03492 -1.0072
08484 -1.0072
09518 -1.0072
10429 -1.0072
11213 -1.0072
11946 -1.0072
16158 -1.0072
00181 -1.00719
00704 -1.00719
01576 -1.00719
03535 -1.00719
04611 -1.00719
05377 -1.00719
08076 -1.00719
08173 -1.00719
09230 -1.00719
11180 -1.00719
12318 -1.00719
20864 -1.00719
02533 -1.00718
07255 -1.00718
10398 -1.00718
15645 -1.00718
17043 -1.00718
17549 -1.00718
19979 -1.00718
05100 -1.00717
10478 -1.00717
14773 -1.00717
18524 -1.00717
19527 -1.00717
00577 -1.00716
01918 -1.00716
01947 -1.00716
02045 -1.00716
02060 -1.00716
04603 -1.00716
04851 -1.00716
05225 -1.00716
05702 -1.00716
05817 -1.00716
06949 -1.00716
07332 -1.00716
08325 -1.00716
10830 -1.00716
12770 -1.00716
13455 -1.00716
16277 -1.00716
04346 -1.00715
04733 -1.00715
05364 -1.00715
08225 -1.00715
13350 -1.00715
16608 -1.00715
17000 -1.00715
19423 -1.00715
00625 -1.00714
01193 -1.00714
02089 -1.00714
04212 -1.00714
05458 -1.00714
07229 -1.00714
10996 -1.00714
11874 -1.00714
11988 -1.00714
01789 -1.00713
05256 -1.00713
05965 -1.00713
08315 -1.00713
08597 -1.00713
16434 -1.00713
19120 -1.00713
20897 -1.00713
21557 -1.00713
02797 -1.00712
14984 -1.00712
16154 -1.00712
20535 -1.00712
00315 -1.00711
05298 -1.00711
05302 -1.00711
07308 -1.00711
07659 -1.00711
08252 -1.00711
09055 -1.00711
17507 -1.00711
20244 -1.00711
00967 -1.0071
01935 -1.0071
04498 -1.0071
05370 -1.0071
06352 -1.0071
07471 -1.0071
07486 -1.0071
08982 -1.0071
11977 -1.0071
12396 -1.0071
17625 -1.0071
17923 -1.0071
18146 -1.0071
00364 -1.00709
01368 -1.00709
02024 -1.00709
03034 -1.00709
03088 -1.00709
04443 -1.00709
05484 -1.00709
07161 -1.00709
08044 -1.00709
13148 -1.00709
13735 -1.00709
15264 -1.00709
15773 -1.00709
17217 -1.00709
17271 -1.00709
21193 -1.00709
02307 -1.00708
04310 -1.00708
04777 -1.00708
07600 -1.00708
08090 -1.00708
09307 -1.00708
13123 -1.00708
17212 -1.00708
19086 -1.00708
19149 -1.00708
20557 -1.00708
00955 -1.00707
02887 -1.00707
03214 -1.00707
03230 -1.00707
03698 -1.00707
08166 -1.00707
08239 -1.00707
09806 -1.00707
10057 -1.00707
11872 -1.00707
13280 -1.00707
17721 -1.00707
19586 -1.00707
04233 -1.00706
04620 -1.00706
07950 -1.00706
08600 -1.00706
12654 -1.00706
18252 -1.00706
21242 -1.00706
05163 -1.00705
10323 -1.00705
16589 -1.00705
17261 -1.00705
20199 -1.00705
01674 -1.00704
04691 -1.00704
05690 -1.00704
06108 -1.00704
07687 -1.00704
12013 -1.00704
12389 -1.00704
13039 -1.00704
17886 -1.00704
19915 -1.00704
20172 -1.00704
03571 -1.00703
10531 -1.00703
10689 -1.00703
10771 -1.00703
12909 -1.00703
16358 -1.00703
16894 -1.00703
17119 -1.00703
17812 -1.00703
17956 -1.00703
18360 -1.00703
20048 -1.00703
03537 -1.00702
05039 -1.00702
00674 -1.00701
03002 -1.00701
03514 -1.00701
03815 -1.00701
03890 -1.00701
05172 -1.00701
12322 -1.00701
16309 -1.00701
18764 -1.00701
19581 -1.00701
03397 -1.007
05405 -1.007
05636 -1.007
11797 -1.007
11863 -1.007
12180 -1.007
13002 -1.007
14301 -1.007
18461 -1.007
01421 -1.00699
04232 -1.00699
08222 -1.00699
17423 -1.00699
17654 -1.00699
17873 -1.00699
18679 -1.00699
20546 -1.00699
00247 -1.00698
01999 -1.00698
06209 -1.00698
07313 -1.00698
07339 -1.00698
11548 -1.00698
12639 -1.00698
15999 -1.00698
16097 -1.00698
16626 -1.00698
20145 -1.00698
04556 -1.00697
08245 -1.00697
08563 -1.00697
11737 -1.00697
11782 -1.00697
12644 -1.00697
12865 -1.00697
13203 -1.00697
16095 -1.00697
16118 -1.00697
16723 -1.00697
17103 -1.00697
17173 -1.00697
00960 -1.00696
03957 -1.00696
04953 -1.00696
05051 -1.00696
07525 -1.00696
08967 -1.00696
10548 -1.00696
12732 -1.00696
14088 -1.00696
15738 -1.00696
16914 -1.00696
17180 -1.00696
17246 -1.00696
18144 -1.00696
18490 -1.00696
19377 -1.00696
19556 -1.00696
00013 -1.00695
07870 -1.00695
10552 -1.00695
10765 -1.00695
12600 -1.00695
14408 -1.00695
14862 -1.00695
16170 -1.00695
00235 -1.00694
00768 -1.00694
06447 -1.00694
09139 -1.00694
11639 -1.00694
15211 -1.00694
16792 -1.00694
18744 -1.00694
02860 -1.00693
03884 -1.00693
04354 -1.00693
12802 -1.00693
13908 -1.00693
14225 -1.00693
16607 -1.00693
21312 -1.00693
03284 -1.00692
04014 -1.00692
06396 -1.00692
07203 -1.00692
09355 -1.00692
11616 -1.00692
11654 -1.00692
12616 -1.00692
14813 -1.00692
14868 -1.00692
14901 -1.00692
17905 -1.00692
19050 -1.00692
20419 -1.00692
00095 -1.00691
00485 -1.00691
01059 -1.00691
02081 -1.00691
04185 -1.00691
04333 -1.00691
04552 -1.00691
10036 -1.00691
12452 -1.00691
15372 -1.00691
19089 -1.00691
01404 -1.0069
03137 -1.0069
04573 -1.0069
06720 -1.0069
07071 -1.0069
07617 -1.0069
11592 -1.0069
11831 -1.0069
15842 -1.0069
16168 -1.0069
16332 -1.0069
17410 -1.0069
00718 -1.00689
03516 -1.00689
04946 -1.00689
08852 -1.00689
11058 -1.00689
12052 -1.00689
13241 -1.00689
15539 -1.00689
17254 -1.00689
17289 -1.00689
20895 -1.00689
00214 -1.00688
01809 -1.00688
04101 -1.00688
04515 -1.00688
05848 -1.00688
06130 -1.00688
06165 -1.00688
07419 -1.00688
07971 -1.00688
08653 -1.00688
10153 -1.00688
10341 -1.00688
13453 -1.00688
17965 -1.00688
18650 -1.00688
01140 -1.00687
01895 -1.00687
03610 -1.00687
05010 -1.00687
05336 -1.00687
09599 -1.00687
09928 -1.00687
12323 -1.00687
12780 -1.00687
01902 -1.00686
02048 -1.00686
02522 -1.00686
02991 -1.00686
02992 -1.00686
03847 -1.00686
04891 -1.00686
05011 -1.00686
08310 -1.00686
15789 -1.00686
16935 -1.00686
16957 -1.00686
17016 -1.00686
17584 -1.00686
02409 -1.00685
10272 -1.00685
15683 -1.00685
15712 -1.00685
17317 -1.00685
18600 -1.00685
19828 -1.00685
00179 -1.00684
01916 -1.00684
02579 -1.00684
03645 -1.00684
04960 -1.00684
07410 -1.00684
10150 -1.00684
10445 -1.00684
20750 -1.00684
03263 -1.00683
03547 -1.00683
05295 -1.00683
08202 -1.00683
08769 -1.00683
08963 -1.00683
10472 -1.00683
15893 -1.00683
15940 -1.00683
19682 -1.00683
20685 -1.00683
03991 -1.00682
07547 -1.00682
08009 -1.00682
08200 -1.00682
08796 -1.00682
09640 -1.00682
11686 -1.00682
12765 -1.00682
12790 -1.00682
14560 -1.00682
19172 -1.00682
21575 -1.00682
04304 -1.00681
04315 -1.00681
05541 -1.00681
11007 -1.00681
13278 -1.00681
14073 -1.00681
16574 -1.00681
20564 -1.00681
09689 -1.0068
10175 -1.0068
12638 -1.0068
16454 -1.0068
20822 -1.0068
21387 -1.0068
03903 -1.00679
05181 -1.00679
07060 -1.00679
08601 -1.00679
08962 -1.00679
12122 -1.00679
14056 -1.00679
16019 -1.00679
16649 -1.00679
17928 -1.00679
19127 -1.00679
00774 -1.00678
01314 -1.00678
01366 -1.00678
01634 -1.00678
03394 -1.00678
06128 -1.00678
07099 -1.00678
07566 -1.00678
07914 -1.00678
10281 -1.00678
13283 -1.00678
13561 -1.00678
13662 -1.00678
17347 -1.00678
19181 -1.00678
21158 -1.00678
01181 -1.00677
01616 -1.00677
01786 -1.00677
01940 -1.00677
02117 -1.00677
03864 -1.00677
07237 -1.00677
08221 -1.00677
08944 -1.00677
13135 -1.00677
18006 -1.00677
00860 -1.00676
01080 -1.00676
02641 -1.00676
05315 -1.00676
08077 -1.00676
08689 -1.00676
09225 -1.00676
10255 -1.00676
11428 -1.00676
11497 -1.00676
14897 -1.00676
17203 -1.00676
00916 -1.00675
05710 -1.00675
07033 -1.00675
08707 -1.00675
13258 -1.00675
17280 -1.00675
17862 -1.00675
18452 -1.00675
19083 -1.00675
00921 -1.00674
03578 -1.00674
04182 -1.00674
05059 -1.00674
07155 -1.00674
08205 -1.00674
08421 -1.00674
09298 -1.00674
09581 -1.00674
10207 -1.00674
12709 -1.00674
15435 -1.00674
15690 -1.00674
19787 -1.00674
00238 -1.00673
04277 -1.00673
05382 -1.00673
05800 -1.00673
06968 -1.00673
17414 -1.00673
18781 -1.00673
00420 -1.00672
02057 -1.00672
04370 -1.00672
05233 -1.00672
06339 -1.00672
12995 -1.00672
13143 -1.00672
01256 -1.00671
05948 -1.00671
06052 -1.00671
06123 -1.00671
11777 -1.00671
18026 -1.00671
01109 -1.0067
01562 -1.0067
02799 -1.0067
08581 -1.0067
09841 -1.0067
15417 -1.0067
16017 -1.0067
18076 -1.0067
19000 -1.0067
21332 -1.0067
00396 -1.00669
02287 -1.00669
05711 -1.00669
06070 -1.00669
07056 -1.00669
07605 -1.00669
10779 -1.00669
11682 -1.00669
15413 -1.00669
16262 -1.00669
18526 -1.00669
19068 -1.00669
20169 -1.00669
20468 -1.00669
05169 -1.00668
06181 -1.00668
10642 -1.00668
11697 -1.00668
13235 -1.00668
18009 -1.00668
18018 -1.00668
19184 -1.00668
19508 -1.00668
20220 -1.00668
20279 -1.00668
20307 -1.00668
00974 -1.00667
02375 -1.00667
03134 -1.00667
04107 -1.00667
07545 -1.00667
07712 -1.00667
08382 -1.00667
10814 -1.00667
11891 -1.00667
14802 -1.00667
15821 -1.00667
16777 -1.00667
17537 -1.00667
17874 -1.00667
17914 -1.00667
19301 -1.00667
19722 -1.00667
20255 -1.00667
21357 -1.00667
00856 -1.00666
03336 -1.00666
04583 -1.00666
05632 -1.00666
07683 -1.00666
07792 -1.00666
18688 -1.00666
20928 -1.00666
00759 -1.00665
02316 -1.00665
02924 -1.00665
07259 -1.00665
14430 -1.00665
19551 -1.00665
01227 -1.00664
02402 -1.00664
03664 -1.00664
10434 -1.00664
18340 -1.00664
00041 -1.00663
02069 -1.00663
02751 -1.00663
05772 -1.00663
06283 -1.00663
06891 -1.00663
07319 -1.00663
08512 -1.00663
10361 -1.00663
11703 -1.00663
18551 -1.00663
21327 -1.00663
01582 -1.00662
01689 -1.00662
01706 -1.00662
03242 -1.00662
09869 -1.00662
12044 -1.00662
12160 -1.00662
12250 -1.00662
16445 -1.00662
17034 -1.00662
20860 -1.00662
21302 -1.00662
00026 -1.00661
00435 -1.00661
01036 -1.00661
01625 -1.00661
02246 -1.00661
02367 -1.00661
02840 -1.00661
03069 -1.00661
03981 -1.00661
05787 -1.00661
06139 -1.00661
08506 -1.00661
11776 -1.00661
12440 -1.00661
12612 -1.00661
12730 -1.00661
12837 -1.00661
14874 -1.00661
15987 -1.00661
18449 -1.00661
01213 -1.0066
01618 -1.0066
04229 -1.0066
05434 -1.0066
06257 -1.0066
09123 -1.0066
09215 -1.0066
10228 -1.0066
12447 -1.0066
12457 -1.0066
12473 -1.0066
12806 -1.0066
13079 -1.0066
16233 -1.0066
17020 -1.0066
19815 -1.0066
20457 -1.0066
00024 -1.00659
05375 -1.00659
06238 -1.00659
07120 -1.00659
07552 -1.00659
08435 -1.00659
10302 -1.00659
10358 -1.00659
11074 -1.00659
16965 -1.00659
18421 -1.00659
18801 -1.00659
00202 -1.00658
02513 -1.00658
03380 -1.00658
07336 -1.00658
09535 -1.00658
10980 -1.00658
11031 -1.00658
11661 -1.00658
16731 -1.00658
17372 -1.00658
18199 -1.00658
18635 -1.00658
19478 -1.00658
20510 -1.00658
20885 -1.00658
00456 -1.00657
01884 -1.00657
05939 -1.00657
06254 -1.00657
06576 -1.00657
06929 -1.00657
07791 -1.00657
11148 -1.00657
12762 -1.00657
13571 -1.00657
16264 -1.00657
17407 -1.00657
18272 -1.00657
19065 -1.00657
01367 -1.00656
06225 -1.00656
09592 -1.00656
11076 -1.00656
11144 -1.00656
11805 -1.00656
14388 -1.00656
14880 -1.00656
14949 -1.00656
17256 -1.00656
04685 -1.00655
04754 -1.00655
05792 -1.00655
07463 -1.00655
08441 -1.00655
09049 -1.00655
09470 -1.00655
09817 -1.00655
10863 -1.00655
11102 -1.00655
12325 -1.00655
13966 -1.00655
15100 -1.00655
15324 -1.00655
18798 -1.00655
19333 -1.00655
20107 -1.00655
20996 -1.00655
21573 -1.00655
03860 -1.00654
04821 -1.00654
06201 -1.00654
09795 -1.00654
10097 -1.00654
15976 -1.00654
17429 -1.00654
21383 -1.00654
00678 -1.00653
03938 -1.00653
07538 -1.00653
10118 -1.00653
11106 -1.00653
11265 -1.00653
15453 -1.00653
17591 -1.00653
18084 -1.00653
20231 -1.00653
00146 -1.00652
01387 -1.00652
05393 -1.00652
07260 -1.00652
08837 -1.00652
10413 -1.00652
12256 -1.00652
12711 -1.00652
15239 -1.00652
15287 -1.00652
16298 -1.00652
18973 -1.00652
19673 -1.00652
20275 -1.00652
02352 -1.00651
02828 -1.00651
03924 -1.00651
05890 -1.00651
09255 -1.00651
09454 -1.00651
12676 -1.00651
14616 -1.00651
15585 -1.00651
17258 -1.00651
18796 -1.00651
20041 -1.00651
01152 -1.0065
03261 -1.0065
03727 -1.0065
04792 -1.0065
06806 -1.0065
07669 -1.0065
09552 -1.0065
10283 -1.0065
11015 -1.0065
11332 -1.0065
11743 -1.0065
12488 -1.0065
16013 -1.0065
16817 -1.0065
19511 -1.0065
20766 -1.0065
00742 -1.00649
00986 -1.00649
02884 -1.00649
08337 -1.00649
09393 -1.00649
11179 -1.00649
11866 -1.00649
16238 -1.00649
19562 -1.00649
20168 -1.00649
20339 -1.00649
20533 -1.00649
01532 -1.00648
01564 -1.00648
02212 -1.00648
02514 -1.00648
05777 -1.00648
05860 -1.00648
08630 -1.00648
09521 -1.00648
10131 -1.00648
12060 -1.00648
14217 -1.00648
16621 -1.00648
17187 -1.00648
17335 -1.00648
00350 -1.00647
00570 -1.00647
04922 -1.00647
07502 -1.00647
08128 -1.00647
08880 -1.00647
10313 -1.00647
10568 -1.00647
11400 -1.00647
12443 -1.00647
12673 -1.00647
12875 -1.00647
16516 -1.00647
16600 -1.00647
17716 -1.00647
18828 -1.00647
19241 -1.00647
00862 -1.00646
02337 -1.00646
04367 -1.00646
10222 -1.00646
11220 -1.00646
11388 -1.00646
13854 -1.00646
16354 -1.00646
21131 -1.00646
00933 -1.00645
01578 -1.00645
09072 -1.00645
09487 -1.00645
10271 -1.00645
10592 -1.00645
12824 -1.00645
13010 -1.00645
16220 -1.00645
16951 -1.00645
19351 -1.00645
00910 -1.00644
01553 -1.00644
05599 -1.00644
07629 -1.00644
07873 -1.00644
08063 -1.00644
08669 -1.00644
08732 -1.00644
10239 -1.00644
10815 -1.00644
19617 -1.00644
00979 -1.00643
03693 -1.00643
04484 -1.00643
07595 -1.00643
09485 -1.00643
10384 -1.00643
10677 -1.00643
10761 -1.00643
12942 -1.00643
17140 -1.00643
17750 -1.00643
19019 -1.00643
20504 -1.00643
00270 -1.00642
00715 -1.00642
01735 -1.00642
01755 -1.00642
02403 -1.00642
02534 -1.00642
06386 -1.00642
08585 -1.00642
09655 -1.00642
09687 -1.00642
14100 -1.00642
17761 -1.00642
17779 -1.00642
20214 -1.00642
00640 -1.00641
02074 -1.00641
02460 -1.00641
04297 -1.00641
05356 -1.00641
06418 -1.00641
07188 -1.00641
11195 -1.00641
11244 -1.00641
11580 -1.00641
12511 -1.00641
19015 -1.00641
19841 -1.00641
00602 -1.0064
01959 -1.0064
04766 -1.0064
05391 -1.0064
07635 -1.0064
07673 -1.0064
11386 -1.0064
17181 -1.0064
20280 -1.0064
20382 -1.0064
20634 -1.0064
21381 -1.0064
21491 -1.0064
00586 -1.00639
02423 -1.00639
02584 -1.00639
04494 -1.00639
06014 -1.00639
07055 -1.00639
07130 -1.00639
07608 -1.00639
12284 -1.00639
13810 -1.00639
16151 -1.00639
16414 -1.00639
16430 -1.00639
16684 -1.00639
17863 -1.00639
18462 -1.00639
20135 -1.00639
20387 -1.00639
20576 -1.00639
21374 -1.00639
00433 -1.00638
02341 -1.00638
03468 -1.00638
04409 -1.00638
06469 -1.00638
07321 -1.00638
09656 -1.00638
10072 -1.00638
10254 -1.00638
13323 -1.00638
14262 -1.00638
15143 -1.00638
15805 -1.00638
16092 -1.00638
17113 -1.00638
19858 -1.00638
19952 -1.00638
20059 -1.00638
01825 -1.00637
02406 -1.00637
02508 -1.00637
03192 -1.00637
03542 -1.00637
04293 -1.00637
04539 -1.00637
08438 -1.00637
09493 -1.00637
10701 -1.00637
10836 -1.00637
11285 -1.00637
12535 -1.00637
03031 -1.00636
03056 -1.00636
06726 -1.00636
07645 -1.00636
11008 -1.00636
18924 -1.00636
19221 -1.00636
19585 -1.00636
20264 -1.00636
21116 -1.00636
01499 -1.00635
02623 -1.00635
03479 -1.00635
03543 -1.00635
04570 -1.00635
04924 -1.00635
05467 -1.00635
05899 -1.00635
06492 -1.00635
07066 -1.00635
07382 -1.00635
07424 -1.00635
08988 -1.00635
09549 -1.00635
09769 -1.00635
11882 -1.00635
12033 -1.00635
14928 -1.00635
16939 -1.00635
17018 -1.00635
20569 -1.00635
00325 -1.00634
01981 -1.00634
02995 -1.00634
07807 -1.00634
09746 -1.00634
12416 -1.00634
15557 -1.00634
16291 -1.00634
17449 -1.00634
17876 -1.00634
19504 -1.00634
21309 -1.00634
00706 -1.00633
03283 -1.00633
04747 -1.00633
09350 -1.00633
13653 -1.00633
15674 -1.00633
16851 -1.00633
17296 -1.00633
18520 -1.00633
19475 -1.00633
01501 -1.00632
03330 -1.00632
03408 -1.00632
03751 -1.00632
06863 -1.00632
07973 -1.00632
08027 -1.00632
17358 -1.00632
17418 -1.00632
18036 -1.00632
19245 -1.00632
03161 -1.00631
05712 -1.00631
05795 -1.00631
06433 -1.00631
06944 -1.00631
07024 -1.00631
11566 -1.00631
12407 -1.00631
13239 -1.00631
15586 -1.00631
17172 -1.00631
19886 -1.00631
20001 -1.00631
20014 -1.00631
20277 -1.00631
20349 -1.00631
20513 -1.00631
01307 -1.0063
02010 -1.0063
02702 -1.0063
02743 -1.0063
03830 -1.0063
04072 -1.0063
04221 -1.0063
04910 -1.0063
04929 -1.0063
05092 -1.0063
06258 -1.0063
06353 -1.0063
07396 -1.0063
08838 -1.0063
09004 -1.0063
09590 -1.0063
09731 -1.0063
12466 -1.0063
13160 -1.0063
01472 -1.00629
04743 -1.00629
05765 -1.00629
06086 -1.00629
09537 -1.00629
10643 -1.00629
10893 -1.00629
17339 -1.00629
18460 -1.00629
04005 -1.00628
05127 -1.00628
06817 -1.00628
08541 -1.00628
12305 -1.00628
12388 -1.00628
13051 -1.00628
15194 -1.00628
16307 -1.00628
17909 -1.00628
18248 -1.00628
18731 -1.00628
18776 -1.00628
19728 -1.00628
20343 -1.00628
21175 -1.00628
00045 -1.00627
01369 -1.00627
03908 -1.00627
03913 -1.00627
05018 -1.00627
05827 -1.00627
07038 -1.00627
09167 -1.00627
09219 -1.00627
10395 -1.00627
11423 -1.00627
12642 -1.00627
13081 -1.00627
15089 -1.00627
16713 -1.00627
20396 -1.00627
21349 -1.00627
21531 -1.00627
00853 -1.00626
05581 -1.00626
06907 -1.00626
07649 -1.00626
07876 -1.00626
10266 -1.00626
10353 -1.00626
10925 -1.00626
13008 -1.00626
15108 -1.00626
16768 -1.00626
16871 -1.00626
01424 -1.00625
02059 -1.00625
03524 -1.00625
11044 -1.00625
12682 -1.00625
12720 -1.00625
15055 -1.00625
15110 -1.00625
15213 -1.00625
03490 -1.00624
04626 -1.00624
09738 -1.00624
09761 -1.00624
09818 -1.00624
10067 -1.00624
10311 -1.00624
11545 -1.00624
12370 -1.00624
21078 -1.00624
01720 -1.00623
03012 -1.00623
05824 -1.00623
05855 -1.00623
08634 -1.00623
12261 -1.00623
15050 -1.00623
17156 -1.00623
17551 -1.00623
19918 -1.00623
00894 -1.00622
02248 -1.00622
02739 -1.00622
04672 -1.00622
04806 -1.00622
05472 -1.00622
06402 -1.00622
09591 -1.00622
09630 -1.00622
12579 -1.00622
14611 -1.00622
14864 -1.00622
16228 -1.00622
18109 -1.00622
18265 -1.00622
03285 -1.00621
05973 -1.00621
06377 -1.00621
06393 -1.00621
06803 -1.00621
07829 -1.00621
08074 -1.00621
08449 -1.00621
08750 -1.00621
09064 -1.00621
09295 -1.00621
09854 -1.00621
10091 -1.00621
14927 -1.00621
16363 -1.00621
17557 -1.00621
18412 -1.00621
01478 -1.0062
05558 -1.0062
06265 -1.0062
06363 -1.0062
07022 -1.0062
08041 -1.0062
10870 -1.0062
15576 -1.0062
17398 -1.0062
18206 -1.0062
18877 -1.0062
19067 -1.0062
01132 -1.00619
02568 -1.00619
02805 -1.00619
03682 -1.00619
04029 -1.00619
04608 -1.00619
05879 -1.00619
14343 -1.00619
16685 -1.00619
17327 -1.00619
17935 -1.00619
20028 -1.00619
20999 -1.00619
21500 -1.00619
00308 -1.00618
01524 -1.00618
04665 -1.00618
06823 -1.00618
09403 -1.00618
09862 -1.00618
14889 -1.00618
16793 -1.00618
17061 -1.00618
17185 -1.00618
17503 -1.00618
19322 -1.00618
21341 -1.00618
01560 -1.00617
01892 -1.00617
04098 -1.00617
05489 -1.00617
01112 -1.00616
02803 -1.00616
05013 -1.00616
05178 -1.00616
05498 -1.00616
07287 -1.00616
09969 -1.00616
11663 -1.00616
13730 -1.00616
15565 -1.00616
16391 -1.00616
17329 -1.00616
20259 -1.00616
02259 -1.00615
02301 -1.00615
03493 -1.00615
04294 -1.00615
04373 -1.00615
05190 -1.00615
06245 -1.00615
08671 -1.00615
09479 -1.00615
15624 -1.00615
15720 -1.00615
18008 -1.00615
21213 -1.00615
00367 -1.00614
03551 -1.00614
05327 -1.00614
05684 -1.00614
06099 -1.00614
06639 -1.00614
10168 -1.00614
11824 -1.00614
17122 -1.00614
17872 -1.00614
18343 -1.00614
19029 -1.00614
19540 -1.00614
19597 -1.00614
20475 -1.00614
20865 -1.00614
04100 -1.00613
04140 -1.00613
04669 -1.00613
04704 -1.00613
05485 -1.00613
07107 -1.00613
10810 -1.00613
11493 -1.00613
14199 -1.00613
16782 -1.00613
17623 -1.00613
18197 -1.00613
19051 -1.00613
19064 -1.00613
01212 -1.00612
01257 -1.00612
06234 -1.00612
06309 -1.00612
07597 -1.00612
08191 -1.00612
08907 -1.00612
08920 -1.00612
10232 -1.00612
15583 -1.00612
18045 -1.00612
00337 -1.00611
02774 -1.00611
02931 -1.00611
03705 -1.00611
04576 -1.00611
06874 -1.00611
09141 -1.00611
09212 -1.00611
11101 -1.00611
11346 -1.00611
11904 -1.00611
12337 -1.00611
15786 -1.00611
16856 -1.00611
17895 -1.00611
17947 -1.00611
19357 -1.00611
20811 -1.00611
00437 -1.0061
01405 -1.0061
01990 -1.0061
02435 -1.0061
03402 -1.0061
06190 -1.0061
07061 -1.0061
07379 -1.0061
07586 -1.0061
08534 -1.0061
08881 -1.0061
09127 -1.0061
09663 -1.0061
11520 -1.0061
14679 -1.0061
15026 -1.0061
15909 -1.0061
16631 -1.0061
18150 -1.0061
18531 -1.0061
19596 -1.0061
19874 -1.0061
20308 -1.0061
20345 -1.0061
21055 -1.0061
00551 -1.00609
01188 -1.00609
01491 -1.00609
04273 -1.00609
04364 -1.00609
07965 -1.00609
09458 -1.00609
13637 -1.00609
17141 -1.00609
18464 -1.00609
19455 -1.00609
19545 -1.00609
20265 -1.00609
20329 -1.00609
00671 -1.00608
02110 -1.00608
04372 -1.00608
05279 -1.00608
07425 -1.00608
07834 -1.00608
08375 -1.00608
09163 -1.00608
11375 -1.00608
16257 -1.00608
19876 -1.00608
20156 -1.00608
21109 -1.00608
03024 -1.00607
03258 -1.00607
03311 -1.00607
05109 -1.00607
07536 -1.00607
07630 -1.00607
09088 -1.00607
09954 -1.00607
12544 -1.00607
15389 -1.00607
15813 -1.00607
17170 -1.00607
17877 -1.00607
19543 -1.00607
01439 -1.00606
03432 -1.00606
03574 -1.00606
05242 -1.00606
07580 -1.00606
09996 -1.00606
10190 -1.00606
10403 -1.00606
11649 -1.00606
12444 -1.00606
15888 -1.00606
19559 -1.00606
00358 -1.00605
03175 -1.00605
03646 -1.00605
04332 -1.00605
05513 -1.00605
05653 -1.00605
06156 -1.00605
06207 -1.00605
06366 -1.00605
06466 -1.00605
07103 -1.00605
10380 -1.00605
12422 -1.00605
12477 -1.00605
12597 -1.00605
13113 -1.00605
15250 -1.00605
16801 -1.00605
19510 -1.00605
19948 -1.00605
20005 -1.00605
20295 -1.00605
20780 -1.00605
21125 -1.00605
03613 -1.00604
04055 -1.00604
04710 -1.00604
07011 -1.00604
08870 -1.00604
09709 -1.00604
16995 -1.00604
17402 -1.00604
17783 -1.00604
17805 -1.00604
17937 -1.00604
18193 -1.00604
20379 -1.00604
20418 -1.00604
21234 -1.00604
00242 -1.00603
02194 -1.00603
03099 -1.00603
04535 -1.00603
05982 -1.00603
06628 -1.00603
06719 -1.00603
06869 -1.00603
08168 -1.00603
09181 -1.00603
10335 -1.00603
16211 -1.00603
18825 -1.00603
20789 -1.00603
20913 -1.00603
00812 -1.00602
04676 -1.00602
07512 -1.00602
07719 -1.00602
08946 -1.00602
10553 -1.00602
13284 -1.00602
14811 -1.00602
15163 -1.00602
15460 -1.00602
15982 -1.00602
16116 -1.00602
16812 -1.00602
17389 -1.00602
17519 -1.00602
20315 -1.00602
20511 -1.00602
01698 -1.00601
02653 -1.00601
02709 -1.00601
02856 -1.00601
03935 -1.00601
08853 -1.00601
09002 -1.00601
09871 -1.00601
14594 -1.00601
14892 -1.00601
14956 -1.00601
16612 -1.00601
17940 -1.00601
20549 -1.00601
00859 -1.006
01283 -1.006
05846 -1.006
07857 -1.006
08854 -1.006
11569 -1.006
11575 -1.006
13068 -1.006
16169 -1.006
17205 -1.006
17283 -1.006
00634 -1.00599
05769 -1.00599
07412 -1.00599
09593 -1.00599
13533 -1.00599
14038 -1.00599
16514 -1.00599
18023 -1.00599
19009 -1.00599
19306 -1.00599
19761 -1.00599
00672 -1.00598
03971 -1.00598
05116 -1.00598
05187 -1.00598
09319 -1.00598
10974 -1.00598
11986 -1.00598
15014 -1.00598
16625 -1.00598
17486 -1.00598
19155 -1.00598
19947 -1.00598
03850 -1.00597
04732 -1.00597
05816 -1.00597
07739 -1.00597
07762 -1.00597
08210 -1.00597
09760 -1.00597
10176 -1.00597
11236 -1.00597
13231 -1.00597
15359 -1.00597
16481 -1.00597
16527 -1.00597
18210 -1.00597
19318 -1.00597
19610 -1.00597
19950 -1.00597
20870 -1.00597
21013 -1.00597
21319 -1.00597
00077 -1.00596
01498 -1.00596
02177 -1.00596
02870 -1.00596
03389 -1.00596
04382 -1.00596
04470 -1.00596
04895 -1.00596
06797 -1.00596
06846 -1.00596
07204 -1.00596
07383 -1.00596
07764 -1.00596
08343 -1.00596
09833 -1.00596
11000 -1.00596
11209 -1.00596
13277 -1.00596
16256 -1.00596
16700 -1.00596
18597 -1.00596
18604 -1.00596
18942 -1.00596
20517 -1.00596
20528 -1.00596
20687 -1.00596
01074 -1.00595
04912 -1.00595
05030 -1.00595
05203 -1.00595
06073 -1.00595
07181 -1.00595
07934 -1.00595
09078 -1.00595
10123 -1.00595
10670 -1.00595
11243 -1.00595
11624 -1.00595
12311 -1.00595
12726 -1.00595
14397 -1.00595
16018 -1.00595
16447 -1.00595
18104 -1.00595
20520 -1.00595
21335 -1.00595
06821 -1.00594
07102 -1.00594
07174 -1.00594
08022 -1.00594
08085 -1.00594
09032 -1.00594
09511 -1.00594
09639 -1.00594
09914 -1.00594
13332 -1.00594
14575 -1.00594
14836 -1.00594
16996 -1.00594
18361 -1.00594
18786 -1.00594
20148 -1.00594
20735 -1.00594
21442 -1.00594
00595 -1.00593
00637 -1.00593
00828 -1.00593
02738 -1.00593
05217 -1.00593
06523 -1.00593
07579 -1.00593
11273 -1.00593
14882 -1.00593
15385 -1.00593
17366 -1.00593
17371 -1.00593
18992 -1.00593
19367 -1.00593
19416 -1.00593
20486 -1.00593
21004 -1.00593
00393 -1.00592
04057 -1.00592
05841 -1.00592
07693 -1.00592
08179 -1.00592
08329 -1.00592
10233 -1.00592
10381 -1.00592
10463 -1.00592
12244 -1.00592
15254 -1.00592
15887 -1.00592
16190 -1.00592
17176 -1.00592
17993 -1.00592
18213 -1.00592
19987 -1.00592
20814 -1.00592
20937 -1.00592
01557 -1.00591
03797 -1.00591
07789 -1.00591
09850 -1.00591
09931 -1.00591
10349 -1.00591
10851 -1.00591
11046 -1.00591
11685 -1.00591
12925 -1.00591
16774 -1.00591
17100 -1.00591
01796 -1.0059
03536 -1.0059
03745 -1.0059
05403 -1.0059
06213 -1.0059
07075 -1.0059
08861 -1.0059
11175 -1.0059
11784 -1.0059
13797 -1.0059
14279 -1.0059
15375 -1.0059
15452 -1.0059
16301 -1.0059
16752 -1.0059
21344 -1.0059
21525 -1.0059
00009 -1.00589
01005 -1.00589
01153 -1.00589
02242 -1.00589
03022 -1.00589
04594 -1.00589
05442 -1.00589
05763 -1.00589
06850 -1.00589
10627 -1.00589
13416 -1.00589
13530 -1.00589
15074 -1.00589
16703 -1.00589
17009 -1.00589
17242 -1.00589
02269 -1.00588
03639 -1.00588
06584 -1.00588
07947 -1.00588
09029 -1.00588
09370 -1.00588
10732 -1.00588
10764 -1.00588
13424 -1.00588
13890 -1.00588
14310 -1.00588
15336 -1.00588
15678 -1.00588
16306 -1.00588
16787 -1.00588
17375 -1.00588
18075 -1.00588
19130 -1.00588
19348 -1.00588
21395 -1.00588
00540 -1.00587
02982 -1.00587
04491 -1.00587
05177 -1.00587
07568 -1.00587
11294 -1.00587
12237 -1.00587
12842 -1.00587
17475 -1.00587
18275 -1.00587
18403 -1.00587
20925 -1.00587
21201 -1.00587
02780 -1.00586
02802 -1.00586
02918 -1.00586
05741 -1.00586
07940 -1.00586
08045 -1.00586
08163 -1.00586
09730 -1.00586
10589 -1.00586
10923 -1.00586
17480 -1.00586
17511 -1.00586
02937 -1.00585
06593 -1.00585
10230 -1.00585
12178 -1.00585
12622 -1.00585
15390 -1.00585
16418 -1.00585
20218 -1.00585
20684 -1.00585
01435 -1.00584
02467 -1.00584
03869 -1.00584
07767 -1.00584
08005 -1.00584
08976 -1.00584
09086 -1.00584
10462 -1.00584
11023 -1.00584
12962 -1.00584
16179 -1.00584
16610 -1.00584
17301 -1.00584
18091 -1.00584
18350 -1.00584
20222 -1.00584
20900 -1.00584
21388 -1.00584
04414 -1.00583
06163 -1.00583
07240 -1.00583
07777 -1.00583
08176 -1.00583
08652 -1.00583
10694 -1.00583
16281 -1.00583
16336 -1.00583
19442 -1.00583
20671 -1.00583
21448 -1.00583
21457 -1.00583
00844 -1.00582
02320 -1.00582
04933 -1.00582
05156 -1.00582
05320 -1.00582
07051 -1.00582
09866 -1.00582
11869 -1.00582
14666 -1.00582
14937 -1.00582
15423 -1.00582
16441 -1.00582
18222 -1.00582
18438 -1.00582
20136 -1.00582
20540 -1.00582
21135 -1.00582
21423 -1.00582
02442 -1.00581
02839 -1.00581
05220 -1.00581
05281 -1.00581
08203 -1.00581
09063 -1.00581
09767 -1.00581
13222 -1.00581
13659 -1.00581
14208 -1.00581
15253 -1.00581
15667 -1.00581
16068 -1.00581
17357 -1.00581
18408 -1.00581
01513 -1.0058
01842 -1.0058
01978 -1.0058
02176 -1.0058
05253 -1.0058
05349 -1.0058
12742 -1.0058
12822 -1.0058
14943 -1.0058
15969 -1.0058
16395 -1.0058
20351 -1.0058
01731 -1.00579
02466 -1.00579
02792 -1.00579
03563 -1.00579
04291 -1.00579
04532 -1.00579
05056 -1.00579
05692 -1.00579
05706 -1.00579
07426 -1.00579
08107 -1.00579
08180 -1.00579
08187 -1.00579
10177 -1.00579
12055 -1.00579
17027 -1.00579
02055 -1.00578
04113 -1.00578
04407 -1.00578
04468 -1.00578
04782 -1.00578
05286 -1.00578
05764 -1.00578
06493 -1.00578
08036 -1.00578
08756 -1.00578
10100 -1.00578
12788 -1.00578
13958 -1.00578
15255 -1.00578
16423 -1.00578
19483 -1.00578
20227 -1.00578
20998 -1.00578
00380 -1.00577
01575 -1.00577
01933 -1.00577
05087 -1.00577
05123 -1.00577
05134 -1.00577
07167 -1.00577
08198 -1.00577
08578 -1.00577
08770 -1.00577
08855 -1.00577
09711 -1.00577
11660 -1.00577
15019 -1.00577
15166 -1.00577
19247 -1.00577
20632 -1.00577
21267 -1.00577
00896 -1.00576
05222 -1.00576
05427 -1.00576
05929 -1.00576
06875 -1.00576
08091 -1.00576
08873 -1.00576
10818 -1.00576
11853 -1.00576
14857 -1.00576
17986 -1.00576
19075 -1.00576
20212 -1.00576
20273 -1.00576
20309 -1.00576
20969 -1.00576
21124 -1.00576
21437 -1.00576
02219 -1.00575
02574 -1.00575
04012 -1.00575
04856 -1.00575
07423 -1.00575
07941 -1.00575
13610 -1.00575
14352 -1.00575
15035 -1.00575
17282 -1.00575
20020 -1.00575
20628 -1.00575
21403 -1.00575
21428 -1.00575
04485 -1.00574
04901 -1.00574
05500 -1.00574
10368 -1.00574
12454 -1.00574
14629 -1.00574
15451 -1.00574
16628 -1.00574
19869 -1.00574
20282 -1.00574
20529 -1.00574
01701 -1.00573
02664 -1.00573
04210 -1.00573
05057 -1.00573
07422 -1.00573
08054 -1.00573
12445 -1.00573
14776 -1.00573
15653 -1.00573
18834 -1.00573
20186 -1.00573
20975 -1.00573
21025 -1.00573
01453 -1.00572
02182 -1.00572
04155 -1.00572
05306 -1.00572
09182 -1.00572
10231 -1.00572
10554 -1.00572
11810 -1.00572
12039 -1.00572
12042 -1.00572
12981 -1.00572
13446 -1.00572
13926 -1.00572
16130 -1.00572
16215 -1.00572
16346 -1.00572
19440 -1.00572
21221 -1.00572
06451 -1.00571
06927 -1.00571
10049 -1.00571
12647 -1.00571
13112 -1.00571
13137 -1.00571
15222 -1.00571
15994 -1.00571
17042 -1.00571
17330 -1.00571
17373 -1.00571
19266 -1.00571
20362 -1.00571
21275 -1.00571
03155 -1.0057
03420 -1.0057
03540 -1.0057
03594 -1.0057
03623 -1.0057
04909 -1.0057
05511 -1.0057
07650 -1.0057
08719 -1.0057
09774 -1.0057
11892 -1.0057
12670 -1.0057
13749 -1.0057
14087 -1.0057
15482 -1.0057
15552 -1.0057
16909 -1.0057
18536 -1.0057
00208 -1.00569
03352 -1.00569
06047 -1.00569
06337 -1.00569
07838 -1.00569
08080 -1.00569
08609 -1.00569
09134 -1.00569
09220 -1.00569
10649 -1.00569
11118 -1.00569
11557 -1.00569
12550 -1.00569
13554 -1.00569
15733 -1.00569
17525 -1.00569
18571 -1.00569
19547 -1.00569
19985 -1.00569
02318 -1.00568
03928 -1.00568
08010 -1.00568
08784 -1.00568
09633 -1.00568
09908 -1.00568
10114 -1.00568
10690 -1.00568
12442 -1.00568
14888 -1.00568
15781 -1.00568
15931 -1.00568
16517 -1.00568
17243 -1.00568
19385 -1.00568
19751 -1.00568
19983 -1.00568
20198 -1.00568
01050 -1.00567
03585 -1.00567
05573 -1.00567
06141 -1.00567
07211 -1.00567
08791 -1.00567
09191 -1.00567
10411 -1.00567
11149 -1.00567
11418 -1.00567
13157 -1.00567
13569 -1.00567
14999 -1.00567
15784 -1.00567
16466 -1.00567
16906 -1.00567
17004 -1.00567
18457 -1.00567
19409 -1.00567
19954 -1.00567
20413 -1.00567
20417 -1.00567
00054 -1.00566
04187 -1.00566
08615 -1.00566
09090 -1.00566
10345 -1.00566
12990 -1.00566
14271 -1.00566
14391 -1.00566
14566 -1.00566
16659 -1.00566
17216 -1.00566
17277 -1.00566
17415 -1.00566
18182 -1.00566
18224 -1.00566
18262 -1.00566
18504 -1.00566
19105 -1.00566
20494 -1.00566
20664 -1.00566
02014 -1.00565
02757 -1.00565
03112 -1.00565
05097 -1.00565
06060 -1.00565
06966 -1.00565
09430 -1.00565
10827 -1.00565
10963 -1.00565
11094 -1.00565
16783 -1.00565
20154 -1.00565
20211 -1.00565
21268 -1.00565
21537 -1.00565
02128 -1.00564
02471 -1.00564
02801 -1.00564
04347 -1.00564
05208 -1.00564
05508 -1.00564
06091 -1.00564
07374 -1.00564
07444 -1.00564
09797 -1.00564
10293 -1.00564
10556 -1.00564
10621 -1.00564
11262 -1.00564
11672 -1.00564
12739 -1.00564
13072 -1.00564
13288 -1.00564
16747 -1.00564
18712 -1.00564
19249 -1.00564
20359 -1.00564
00037 -1.00563
01802 -1.00563
03768 -1.00563
06431 -1.00563
08800 -1.00563
09803 -1.00563
11722 -1.00563
12176 -1.00563
17155 -1.00563
17214 -1.00563
19320 -1.00563
01352 -1.00562
03431 -1.00562
03564 -1.00562
04448 -1.00562
04720 -1.00562
05274 -1.00562
07438 -1.00562
08070 -1.00562
09437 -1.00562
10030 -1.00562
11581 -1.00562
11950 -1.00562
12158 -1.00562
12767 -1.00562
13703 -1.00562
14809 -1.00562
14917 -1.00562
15870 -1.00562
17310 -1.00562
19175 -1.00562
00728 -1.00561
03904 -1.00561
04473 -1.00561
04593 -1.00561
04848 -1.00561
07050 -1.00561
09637 -1.00561
10107 -1.00561
10791 -1.00561
11158 -1.00561
11167 -1.00561
11962 -1.00561
15857 -1.00561
16024 -1.00561
16174 -1.00561
16214 -1.00561
17292 -1.00561
17674 -1.00561
17861 -1.00561
19264 -1.00561
20122 -1.00561
21016 -1.00561
00459 -1.0056
02279 -1.0056
03038 -1.0056
04324 -1.0056
05344 -1.0056
06946 -1.0056
07384 -1.0056
08446 -1.0056
09059 -1.0056
09857 -1.0056
12624 -1.0056
12986 -1.0056
17630 -1.0056
18366 -1.0056
21566 -1.0056
00403 -1.00559
03229 -1.00559
03602 -1.00559
04152 -1.00559
04679 -1.00559
05135 -1.00559
08035 -1.00559
08479 -1.00559
08587 -1.00559
09156 -1.00559
09162 -1.00559
10693 -1.00559
11237 -1.00559
13460 -1.00559
14950 -1.00559
17682 -1.00559
21212 -1.00559
00613 -1.00558
01210 -1.00558
01942 -1.00558
02502 -1.00558
03562 -1.00558
04384 -1.00558
04816 -1.00558
06676 -1.00558
06815 -1.00558
07461 -1.00558
11715 -1.00558
12760 -1.00558
12941 -1.00558
14487 -1.00558
16606 -1.00558
16890 -1.00558
17139 -1.00558
18355 -1.00558
00454 -1.00557
00627 -1.00557
01118 -1.00557
01136 -1.00557
01215 -1.00557
02309 -1.00557
03494 -1.00557
08632 -1.00557
11983 -1.00557
12149 -1.00557
13098 -1.00557
13851 -1.00557
15112 -1.00557
15489 -1.00557
16343 -1.00557
17094 -1.00557
17369 -1.00557
17576 -1.00557
18967 -1.00557
20987 -1.00557
21390 -1.00557
21418 -1.00557
01865 -1.00556
02971 -1.00556
03320 -1.00556
03366 -1.00556
04220 -1.00556
04621 -1.00556
04689 -1.00556
07048 -1.00556
08120 -1.00556
08622 -1.00556
08659 -1.00556
11268 -1.00556
13227 -1.00556
15862 -1.00556
16595 -1.00556
16717 -1.00556
18733 -1.00556
19206 -1.00556
20138 -1.00556
00252 -1.00555
00545 -1.00555
01427 -1.00555
02652 -1.00555
03546 -1.00555
04289 -1.00555
04490 -1.00555
05001 -1.00555
05507 -1.00555
05746 -1.00555
07938 -1.00555
10523 -1.00555
11115 -1.00555
12268 -1.00555
14201 -1.00555
16219 -1.00555
16294 -1.00555
19169 -1.00555
19648 -1.00555
20129 -1.00555
20171 -1.00555
21412 -1.00555
00018 -1.00554
02638 -1.00554
04050 -1.00554
04337 -1.00554
04581 -1.00554
06003 -1.00554
07828 -1.00554
08218 -1.00554
10904 -1.00554
10942 -1.00554
11013 -1.00554
11239 -1.00554
11883 -1.00554
13719 -1.00554
14762 -1.00554
15937 -1.00554
16252 -1.00554
17286 -1.00554
17913 -1.00554
18301 -1.00554
18605 -1.00554
19651 -1.00554
20335 -1.00554
20871 -1.00554
04523 -1.00553
05189 -1.00553
10561 -1.00553
11172 -1.00553
11331 -1.00553
12731 -1.00553
14238 -1.00553
14574 -1.00553
15438 -1.00553
15632 -1.00553
15916 -1.00553
16368 -1.00553
17932 -1.00553
20144 -1.00553
20262 -1.00553
21006 -1.00553
21139 -1.00553
21226 -1.00553
21441 -1.00553
01220 -1.00552
02035 -1.00552
03212 -1.00552
03906 -1.00552
04008 -1.00552
05589 -1.00552
06374 -1.00552
06428 -1.00552
07032 -1.00552
09121 -1.00552
09158 -1.00552
10448 -1.00552
11631 -1.00552
12059 -1.00552
12395 -1.00552
14933 -1.00552
17754 -1.00552
17774 -1.00552
18353 -1.00552
20127 -1.00552
20976 -1.00552
05198 -1.00551
05371 -1.00551
06015 -1.00551
06214 -1.00551
06252 -1.00551
06429 -1.00551
10163 -1.00551
11535 -1.00551
13871 -1.00551
15515 -1.00551
16162 -1.00551
17395 -1.00551
17397 -1.00551
17452 -1.00551
17815 -1.00551
17998 -1.00551
20152 -1.00551
00525 -1.0055
01245 -1.0055
05005 -1.0055
07273 -1.0055
07775 -1.0055
09488 -1.0055
11260 -1.0055
12073 -1.0055
12378 -1.0055
12695 -1.0055
12852 -1.0055
13161 -1.0055
13725 -1.0055
16140 -1.0055
16848 -1.0055
17322 -1.0055
17917 -1.0055
17945 -1.0055
19417 -1.0055
20825 -1.0055
21468 -1.0055
01867 -1.00549
03463 -1.00549
05823 -1.00549
08964 -1.00549
10025 -1.00549
10650 -1.00549
11183 -1.00549
11292 -1.00549
11701 -1.00549
17737 -1.00549
18665 -1.00549
18911 -1.00549
18950 -1.00549
19006 -1.00549
19738 -1.00549
20437 -1.00549
20630 -1.00549
21103 -1.00549
00937 -1.00548
01378 -1.00548
01996 -1.00548
03028 -1.00548
06399 -1.00548
07466 -1.00548
08986 -1.00548
09905 -1.00548
10393 -1.00548
10928 -1.00548
13746 -1.00548
16353 -1.00548
16577 -1.00548
17331 -1.00548
18050 -1.00548
18385 -1.00548
18427 -1.00548
18940 -1.00548
20631 -1.00548
20633 -1.00548
21069 -1.00548
02056 -1.00547
02818 -1.00547
03147 -1.00547
03764 -1.00547
04943 -1.00547
06524 -1.00547
06567 -1.00547
08509 -1.00547
08620 -1.00547
10304 -1.00547
11009 -1.00547
11391 -1.00547
12496 -1.00547
13982 -1.00547
14667 -1.00547
16458 -1.00547
18931 -1.00547
20332 -1.00547
20873 -1.00547
21017 -1.00547
00564 -1.00546
03016 -1.00546
03832 -1.00546
04158 -1.00546
05492 -1.00546
05623 -1.00546
06701 -1.00546
07288 -1.00546
07858 -1.00546
09323 -1.00546
12664 -1.00546
12817 -1.00546
13253 -1.00546
15448 -1.00546
19204 -1.00546
19852 -1.00546
20393 -1.00546
01846 -1.00545
03260 -1.00545
04068 -1.00545
04119 -1.00545
04770 -1.00545
04875 -1.00545
05426 -1.00545
06633 -1.00545
07557 -1.00545
12495 -1.00545
13650 -1.00545
13963 -1.00545
16891 -1.00545
17773 -1.00545
18011 -1.00545
21533 -1.00545
02104 -1.00544
03272 -1.00544
03560 -1.00544
04551 -1.00544
05352 -1.00544
05850 -1.00544
06273 -1.00544
06453 -1.00544
06748 -1.00544
07972 -1.00544
09629 -1.00544
13493 -1.00544
14492 -1.00544
17842 -1.00544
19454 -1.00544
20585 -1.00544
21368 -1.00544
21496 -1.00544
00657 -1.00543
03009 -1.00543
04276 -1.00543
06445 -1.00543
08130 -1.00543
08747 -1.00543
11884 -1.00543
12074 -1.00543
12532 -1.00543
12545 -1.00543
12562 -1.00543
13245 -1.00543
14736 -1.00543
15848 -1.00543
17047 -1.00543
17453 -1.00543
17478 -1.00543
17655 -1.00543
19069 -1.00543
19110 -1.00543
03634 -1.00542
04701 -1.00542
05179 -1.00542
05516 -1.00542
05869 -1.00542
07015 -1.00542
07666 -1.00542
07801 -1.00542
08038 -1.00542
10979 -1.00542
11635 -1.00542
14257 -1.00542
14324 -1.00542
16108 -1.00542
16324 -1.00542
16452 -1.00542
17076 -1.00542
18302 -1.00542
18499 -1.00542
20824 -1.00542
00873 -1.00541
00952 -1.00541
01244 -1.00541
01637 -1.00541
01849 -1.00541
02068 -1.00541
05270 -1.00541
06613 -1.00541
07375 -1.00541
07932 -1.00541
09463 -1.00541
11760 -1.00541
13411 -1.00541
15122 -1.00541
17634 -1.00541
18467 -1.00541
18823 -1.00541
19608 -1.00541
19693 -1.00541
00329 -1.0054
00703 -1.0054
03419 -1.0054
03875 -1.0054
04623 -1.0054
05379 -1.0054
05786 -1.0054
06326 -1.0054
07106 -1.0054
08229 -1.0054
08706 -1.0054
09273 -1.0054
10468 -1.0054
11045 -1.0054
12529 -1.0054
14211 -1.0054
17072 -1.0054
17413 -1.0054
19016 -1.0054
20358 -1.0054
20907 -1.0054
00390 -1.00539
01052 -1.00539
04615 -1.00539
04941 -1.00539
05125 -1.00539
06187 -1.00539
08318 -1.00539
10172 -1.00539
11603 -1.00539
11723 -1.00539
12872 -1.00539
13621 -1.00539
15509 -1.00539
15602 -1.00539
15643 -1.00539
18298 -1.00539
19933 -1.00539
20027 -1.00539
20050 -1.00539
20571 -1.00539
21188 -1.00539
21362 -1.00539
01041 -1.00538
01502 -1.00538
02234 -1.00538
02365 -1.00538
02400 -1.00538
02449 -1.00538
03334 -1.00538
03568 -1.00538
03806 -1.00538
04460 -1.00538
05738 -1.00538
06908 -1.00538
07145 -1.00538
07708 -1.00538
10154 -1.00538
10606 -1.00538
10691 -1.00538
10855 -1.00538
13578 -1.00538
15745 -1.00538
16502 -1.00538
18125 -1.00538
19575 -1.00538
20206 -1.00538
20643 -1.00538
21237 -1.00538
21450 -1.00538
01602 -1.00537
05590 -1.00537
05739 -1.00537
06262 -1.00537
06367 -1.00537
08860 -1.00537
09376 -1.00537
12578 -1.00537
13271 -1.00537
14331 -1.00537
14824 -1.00537
14998 -1.00537
15408 -1.00537
15456 -1.00537
15615 -1.00537
16642 -1.00537
17109 -1.00537
19667 -1.00537
19827 -1.00537
20815 -1.00537
00011 -1.00536
00480 -1.00536
01375 -1.00536
03006 -1.00536
05750 -1.00536
06558 -1.00536
07948 -1.00536
08533 -1.00536
08675 -1.00536
08929 -1.00536
09547 -1.00536
12243 -1.00536
12353 -1.00536
17116 -1.00536
17516 -1.00536
17708 -1.00536
18820 -1.00536
20478 -1.00536
01508 -1.00535
03842 -1.00535
05071 -1.00535
05119 -1.00535
05549 -1.00535
06196 -1.00535
08994 -1.00535
09804 -1.00535
10934 -1.00535
11650 -1.00535
12828 -1.00535
13250 -1.00535
13517 -1.00535
15075 -1.00535
15974 -1.00535
16352 -1.00535
17454 -1.00535
17510 -1.00535
19485 -1.00535
20155 -1.00535
20408 -1.00535
20487 -1.00535
01571 -1.00534
01717 -1.00534
01934 -1.00534
02708 -1.00534
07400 -1.00534
07733 -1.00534
09135 -1.00534
09392 -1.00534
09763 -1.00534
10259 -1.00534
10612 -1.00534
11365 -1.00534
11747 -1.00534
12418 -1.00534
12706 -1.00534
14275 -1.00534
15573 -1.00534
16701 -1.00534
17869 -1.00534
19107 -1.00534
19292 -1.00534
19937 -1.00534
00266 -1.00533
00348 -1.00533
00841 -1.00533
00902 -1.00533
01921 -1.00533
01973 -1.00533
02535 -1.00533
02706 -1.00533
03915 -1.00533
04684 -1.00533
07362 -1.00533
09046 -1.00533
10110 -1.00533
11330 -1.00533
11948 -1.00533
12640 -1.00533
16315 -1.00533
17621 -1.00533
19875 -1.00533
19974 -1.00533
20344 -1.00533
01977 -1.00532
02570 -1.00532
03360 -1.00532
04270 -1.00532
05895 -1.00532
06097 -1.00532
06368 -1.00532
06670 -1.00532
07221 -1.00532
09035 -1.00532
10285 -1.00532
10711 -1.00532
10845 -1.00532
10873 -1.00532
11817 -1.00532
11848 -1.00532
14612 -1.00532
16596 -1.00532
16656 -1.00532
16893 -1.00532
18095 -1.00532
18843 -1.00532
21115 -1.00532
21153 -1.00532
00248 -1.00531
01110 -1.00531
04059 -1.00531
04524 -1.00531
04947 -1.00531
05021 -1.00531
05602 -1.00531
06146 -1.00531
06887 -1.00531
07632 -1.00531
07915 -1.00531
08654 -1.00531
08761 -1.00531
08890 -1.00531
10284 -1.00531
11670 -1.00531
12508 -1.00531
13717 -1.00531
14511 -1.00531
14909 -1.00531
15145 -1.00531
15256 -1.00531
15286 -1.00531
16260 -1.00531
17107 -1.00531
17174 -1.00531
17186 -1.00531
19774 -1.00531
20226 -1.00531
21265 -1.00531
21293 -1.00531
01238 -1.0053
01326 -1.0053
01746 -1.0053
01961 -1.0053
02662 -1.0053
04256 -1.0053
06324 -1.0053
07330 -1.0053
07841 -1.0053
07929 -1.0053
08311 -1.0053
10804 -1.0053
11336 -1.0053
12294 -1.0053
15139 -1.0053
15894 -1.0053
16484 -1.0053
16970 -1.0053
17385 -1.0053
18079 -1.0053
21424 -1.0053
01541 -1.00529
04788 -1.00529
04950 -1.00529
05250 -1.00529
05431 -1.00529
07420 -1.00529
09754 -1.00529
13085 -1.00529
13501 -1.00529
15011 -1.00529
17007 -1.00529
19295 -1.00529
20350 -1.00529
00494 -1.00528
00593 -1.00528
01952 -1.00528
01994 -1.00528
03513 -1.00528
03671 -1.00528
05107 -1.00528
05793 -1.00528
06373 -1.00528
07058 -1.00528
09624 -1.00528
09755 -1.00528
10373 -1.00528
10530 -1.00528
13777 -1.00528
17234 -1.00528
17434 -1.00528
18683 -1.00528
18779 -1.00528
18991 -1.00528
19624 -1.00528
20180 -1.00528
20731 -1.00528
20883 -1.00528
20966 -1.00528
01272 -1.00527
01416 -1.00527
01877 -1.00527
02326 -1.00527
02596 -1.00527
03338 -1.00527
05095 -1.00527
06224 -1.00527
06779 -1.00527
07098 -1.00527
07847 -1.00527
11202 -1.00527
11610 -1.00527
11689 -1.00527
12071 -1.00527
13102 -1.00527
15939 -1.00527
15951 -1.00527
19413 -1.00527
19810 -1.00527
20660 -1.00527
01778 -1.00526
02632 -1.00526
02693 -1.00526
03486 -1.00526
06220 -1.00526
07995 -1.00526
09069 -1.00526
11254 -1.00526
12070 -1.00526
12147 -1.00526
15010 -1.00526
15150 -1.00526
15189 -1.00526
15506 -1.00526
16138 -1.00526
19047 -1.00526
19554 -1.00526
20947 -1.00526
21503 -1.00526
02401 -1.00525
06198 -1.00525
10008 -1.00525
14766 -1.00525
17343 -1.00525
19144 -1.00525
19684 -1.00525
20645 -1.00525
00767 -1.00524
00981 -1.00524
02776 -1.00524
02889 -1.00524
04716 -1.00524
04939 -1.00524
06288 -1.00524
07309 -1.00524
13328 -1.00524
14855 -1.00524
15280 -1.00524
16027 -1.00524
16399 -1.00524
16408 -1.00524
16960 -1.00524
17522 -1.00524
17533 -1.00524
17911 -1.00524
00190 -1.00523
01299 -1.00523
03198 -1.00523
06105 -1.00523
06232 -1.00523
06248 -1.00523
06293 -1.00523
08461 -1.00523
08604 -1.00523
09464 -1.00523
10490 -1.00523
10876 -1.00523
12858 -1.00523
14207 -1.00523
15832 -1.00523
16547 -1.00523
17106 -1.00523
17766 -1.00523
17870 -1.00523
17964 -1.00523
19020 -1.00523
20096 -1.00523
20670 -1.00523
00145 -1.00522
00282 -1.00522
02789 -1.00522
03162 -1.00522
03205 -1.00522
03359 -1.00522
04865 -1.00522
07998 -1.00522
10906 -1.00522
11038 -1.00522
13100 -1.00522
13125 -1.00522
13729 -1.00522
15090 -1.00522
15233 -1.00522
17380 -1.00522
18813 -1.00522
18830 -1.00522
19955 -1.00522
20658 -1.00522
00988 -1.00521
02253 -1.00521
02831 -1.00521
04873 -1.00521
04957 -1.00521
05061 -1.00521
06380 -1.00521
07625 -1.00521
08110 -1.00521
08192 -1.00521
08535 -1.00521
10461 -1.00521
10788 -1.00521
14609 -1.00521
18491 -1.00521
18760 -1.00521
19867 -1.00521
20166 -1.00521
20175 -1.00521
20334 -1.00521
21463 -1.00521
01419 -1.0052
04383 -1.0052
04400 -1.0052
05058 -1.0052
06483 -1.0052
08786 -1.0052
11942 -1.0052
12480 -1.0052
14942 -1.0052
16784 -1.0052
17527 -1.0052
00120 -1.00519
01552 -1.00519
01752 -1.00519
02415 -1.00519
02916 -1.00519
04450 -1.00519
06606 -1.00519
07896 -1.00519
10790 -1.00519
12653 -1.00519
13857 -1.00519
15441 -1.00519
15457 -1.00519
15622 -1.00519
17994 -1.00519
19164 -1.00519
19877 -1.00519
20241 -1.00519
20989 -1.00519
21112 -1.00519
21578 -1.00519
00012 -1.00518
01461 -1.00518
06074 -1.00518
07128 -1.00518
08023 -1.00518
08905 -1.00518
11099 -1.00518
12138 -1.00518
13031 -1.00518
14447 -1.00518
14540 -1.00518
15845 -1.00518
15856 -1.00518
17070 -1.00518
17204 -1.00518
17800 -1.00518
18214 -1.00518
19637 -1.00518
19862 -1.00518
20906 -1.00518
01105 -1.00517
01373 -1.00517
02614 -1.00517
03104 -1.00517
03603 -1.00517
04375 -1.00517
05622 -1.00517
06967 -1.00517
07832 -1.00517
08639 -1.00517
09098 -1.00517
10155 -1.00517
10583 -1.00517
11453 -1.00517
12402 -1.00517
12610 -1.00517
13932 -1.00517
16284 -1.00517
16804 -1.00517
17381 -1.00517
17575 -1.00517
17593 -1.00517
19484 -1.00517
20033 -1.00517
00027 -1.00516
00092 -1.00516
00571 -1.00516
00684 -1.00516
01198 -1.00516
01390 -1.00516
02465 -1.00516
03422 -1.00516
03483 -1.00516
03487 -1.00516
04260 -1.00516
04991 -1.00516
05209 -1.00516
06338 -1.00516
06714 -1.00516
06973 -1.00516
09374 -1.00516
09692 -1.00516
10069 -1.00516
10754 -1.00516
11587 -1.00516
12715 -1.00516
15003 -1.00516
15084 -1.00516
15956 -1.00516
16808 -1.00516
17496 -1.00516
18510 -1.00516
19178 -1.00516
20613 -1.00516
01787 -1.00515
02746 -1.00515
03103 -1.00515
03122 -1.00515
03249 -1.00515
03900 -1.00515
05562 -1.00515
05990 -1.00515
06522 -1.00515
06739 -1.00515
10274 -1.00515
10389 -1.00515
10494 -1.00515
10918 -1.00515
12999 -1.00515
16268 -1.00515
18141 -1.00515
20260 -1.00515
00047 -1.00514
01656 -1.00514
02258 -1.00514
02412 -1.00514
03187 -1.00514
03478 -1.00514
03519 -1.00514
05390 -1.00514
05417 -1.00514
05724 -1.00514
06644 -1.00514
12985 -1.00514
14573 -1.00514
15468 -1.00514
15558 -1.00514
16888 -1.00514
17291 -1.00514
19363 -1.00514
20119 -1.00514
20276 -1.00514
20445 -1.00514
00681 -1.00513
03853 -1.00513
04391 -1.00513
04930 -1.00513
06121 -1.00513
06434 -1.00513
09210 -1.00513
09386 -1.00513
09480 -1.00513
09853 -1.00513
11253 -1.00513
11710 -1.00513
11734 -1.00513
13636 -1.00513
14455 -1.00513
15990 -1.00513
16733 -1.00513
16778 -1.00513
18235 -1.00513
18448 -1.00513
18463 -1.00513
18968 -1.00513
20232 -1.00513
00724 -1.00512
04402 -1.00512
04934 -1.00512
05873 -1.00512
05883 -1.00512
08101 -1.00512
08183 -1.00512
08590 -1.00512
09313 -1.00512
09427 -1.00512
13495 -1.00512
13695 -1.00512
14842 -1.00512
17101 -1.00512
17819 -1.00512
18324 -1.00512
20608 -1.00512
21546 -1.00512
00938 -1.00511
02335 -1.00511
02601 -1.00511
02990 -1.00511
03059 -1.00511
03116 -1.00511
03292 -1.00511
04745 -1.00511
06359 -1.00511
06831 -1.00511
07402 -1.00511
12772 -1.00511
12774 -1.00511
13649 -1.00511
17499 -1.00511
17840 -1.00511
17843 -1.00511
19128 -1.00511
20237 -1.00511
00346 -1.0051
00822 -1.0051
00954 -1.0051
01167 -1.0051
04695 -1.0051
04862 -1.0051
05036 -1.0051
06365 -1.0051
08959 -1.0051
09003 -1.0051
09235 -1.0051
09598 -1.0051
09727 -1.0051
09907 -1.0051
11159 -1.0051
11594 -1.0051
12867 -1.0051
15012 -1.0051
15093 -1.0051
16187 -1.0051
19030 -1.0051
20767 -1.0051
20770 -1.0051
21204 -1.0051
00858 -1.00509
01383 -1.00509
01615 -1.00509
02699 -1.00509
03621 -1.00509
04024 -1.00509
05931 -1.00509
06681 -1.00509
07639 -1.00509
09097 -1.00509
09315 -1.00509
10492 -1.00509
13298 -1.00509
13486 -1.00509
14244 -1.00509
15326 -1.00509
16748 -1.00509
17201 -1.00509
17248 -1.00509
17306 -1.00509
17941 -1.00509
18468 -1.00509
19082 -1.00509
20363 -1.00509
00065 -1.00508
00205 -1.00508
00424 -1.00508
02665 -1.00508
03174 -1.00508
03965 -1.00508
04096 -1.00508
04510 -1.00508
04553 -1.00508
04879 -1.00508
07578 -1.00508
07681 -1.00508
08496 -1.00508
08697 -1.00508
10089 -1.00508
10640 -1.00508
12714 -1.00508
14042 -1.00508
15107 -1.00508
15874 -1.00508
19382 -1.00508
20479 -1.00508
20674 -1.00508
21123 -1.00508
21266 -1.00508
00392 -1.00507
01953 -1.00507
04528 -1.00507
06765 -1.00507
09048 -1.00507
09443 -1.00507
11771 -1.00507
12430 -1.00507
14452 -1.00507
15620 -1.00507
15926 -1.00507
16853 -1.00507
17194 -1.00507
17304 -1.00507
21432 -1.00507
01261 -1.00506
02610 -1.00506
03943 -1.00506
04202 -1.00506
04271 -1.00506
04422 -1.00506
05927 -1.00506
07455 -1.00506
07514 -1.00506
07554 -1.00506
08477 -1.00506
09420 -1.00506
09530 -1.00506
10767 -1.00506
10969 -1.00506
11793 -1.00506
12554 -1.00506
12868 -1.00506
12874 -1.00506
15041 -1.00506
17824 -1.00506
20137 -1.00506
00370 -1.00505
01221 -1.00505
01459 -1.00505
02080 -1.00505
02783 -1.00505
04430 -1.00505
04475 -1.00505
05149 -1.00505
05572 -1.00505
05986 -1.00505
06279 -1.00505
06519 -1.00505
07144 -1.00505
08882 -1.00505
09506 -1.00505
09534 -1.00505
09576 -1.00505
09799 -1.00505
11241 -1.00505
11578 -1.00505
11987 -1.00505
13714 -1.00505
14111 -1.00505
14965 -1.00505
17521 -1.00505
18752 -1.00505
19644 -1.00505
19681 -1.00505
20337 -1.00505
21245 -1.00505
00401 -1.00504
02136 -1.00504
03090 -1.00504
03955 -1.00504
04061 -1.00504
04544 -1.00504
04775 -1.00504
05612 -1.00504
05896 -1.00504
06992 -1.00504
08099 -1.00504
09175 -1.00504
09384 -1.00504
10500 -1.00504
11358 -1.00504
14985 -1.00504
18962 -1.00504
19018 -1.00504
19934 -1.00504
20682 -1.00504
20719 -1.00504
21164 -1.00504
01137 -1.00503
01848 -1.00503
03897 -1.00503
05180 -1.00503
05213 -1.00503
05278 -1.00503
06819 -1.00503
08138 -1.00503
08782 -1.00503
09333 -1.00503
12194 -1.00503
17245 -1.00503
17274 -1.00503
17493 -1.00503
19618 -1.00503
00581 -1.00502
01061 -1.00502
03087 -1.00502
04226 -1.00502
08582 -1.00502
12846 -1.00502
13218 -1.00502
16492 -1.00502
19239 -1.00502
20076 -1.00502
