14230 -1.01349
05258 -1.01297
21347 -1.01283
13629 -1.01273
14748 -1.01269
05311 -1.01263
08328 -1.01253
12848 -1.01252
05214 -1.01236
16216 -1.01211
05290 -1.01206
11781 -1.01198
16727 -1.01197
08561 -1.01195
11224 -1.0119
09733 -1.01185
16128 -1.01185
18726 -1.01179
08320 -1.01176
10268 -1.01164
06463 -1.01163
03454 -1.01156
06635 -1.01155
05176 -1.01146
04267 -1.01145
00372 -1.01143
16844 -1.01142
17490 -1.01137
02521 -1.01133
17903 -1.0113
05070 -1.01129
12967 -1.01122
17731 -1.01122
15063 -1.01119
03488 -1.01116
10455 -1.01115
03344 -1.01114
09244 -1.01114
01729 -1.01112
01312 -1.01111
08136 -1.0111
11732 -1.01109
12136 -1.01109
02383 -1.01106
05386 -1.01105
05230 -1.01104
12277 -1.01103
18086 -1.01102
10054 -1.011
04160 -1.01099
00714 -1.01098
06657 -1.01098
11016 -1.01097
01906 -1.01096
17700 -1.01095
01919 -1.01094
20500 -1.01093
12876 -1.01092
19825 -1.01091
07213 -1.01089
08098 -1.01089
08137 -1.01089
02979 -1.01085
15549 -1.01085
20823 -1.01083
06980 -1.01079
07200 -1.01078
08055 -1.01078
21068 -1.01078
13564 -1.01077
14698 -1.01076
18548 -1.01075
03798 -1.01072
11746 -1.01072
06708 -1.01071
15470 -1.0107
17359 -1.01066
14357 -1.01065
13995 -1.01062
16163 -1.01062
02775 -1.01061
04988 -1.01061
06722 -1.01061
13179 -1.01061
06388 -1.0106
12002 -1.01057
20744 -1.01057
05318 -1.01055
08943 -1.01055
10760 -1.01055
04748 -1.01054
08746 -1.01054
13115 -1.01053
17023 -1.01053
09946 -1.01052
17312 -1.01051
13657 -1.0105
07366 -1.01045
09283 -1.01045
09382 -1.01045
14716 -1.01044
10473 -1.01043
12394 -1.01043
02965 -1.01041
14826 -1.01041
01854 -1.01039
12026 -1.01039
05985 -1.01037
13462 -1.01037
04026 -1.01036
10780 -1.01034
18409 -1.01034
17396 -1.01033
18645 -1.01033
08439 -1.01031
10375 -1.0103
17368 -1.0103
20868 -1.0103
12355 -1.01029
08024 -1.01027
12887 -1.01027
05576 -1.01026
11504 -1.01025
00748 -1.01024
08937 -1.01024
01549 -1.01022
16737 -1.01021
01456 -1.0102
06346 -1.0102
18849 -1.0102
03421 -1.01018
04602 -1.01018
11234 -1.01018
16367 -1.01015
16599 -1.01015
03062 -1.01013
04564 -1.01013
11490 -1.01013
16501 -1.01013
16680 -1.01013
03148 -1.01011
12143 -1.01011
14869 -1.01007
15227 -1.01007
15238 -1.01006
10743 -1.01004
17325 -1.01004
03023 -1.01001
12917 -1.01001
06914 -1.01
10355 -1.01
17199 -1.01
00079 -1.00998
09835 -1.00996
17409 -1.00996
00419 -1.00995
19953 -1.00995
17497 -1.00993
03923 -1.00992
12971 -1.00992
15103 -1.00992
07560 -1.00989
08060 -1.00989
00473 -1.00988
18415 -1.00988
08162 -1.00987
09717 -1.00986
12431 -1.00986
00875 -1.00985
02725 -1.00985
16303 -1.00985
15743 -1.00984
15671 -1.00983
10078 -1.00982
11763 -1.00982
08980 -1.00981
17891 -1.00981
10931 -1.0098
03298 -1.00979
03615 -1.00979
14853 -1.00979
03505 -1.00978
04969 -1.00978
07742 -1.00978
14891 -1.00978
18287 -1.00978
20338 -1.00978
04764 -1.00977
13322 -1.00977
15437 -1.00977
06410 -1.00976
09764 -1.00976
10292 -1.00976
13263 -1.00975
06426 -1.00974
16009 -1.00974
19871 -1.00974
15362 -1.00973
18507 -1.00973
05482 -1.00972
07589 -1.00972
07135 -1.00971
17871 -1.00971
16558 -1.0097
06259 -1.00969
07405 -1.00969
05004 -1.00968
14654 -1.00967
16028 -1.00967
01967 -1.00966
13496 -1.00966
19258 -1.00966
08714 -1.00965
00635 -1.00964
08960 -1.00964
20867 -1.00964
14710 -1.00963
21060 -1.00963
13266 -1.00962
21284 -1.00962
08569 -1.00961
17953 -1.00961
08272 -1.0096
16372 -1.0096
21127 -1.0096
20143 -1.00959
03429 -1.00958
04864 -1.00958
04944 -1.00958
16785 -1.00958
11753 -1.00957
13208 -1.00957
10140 -1.00956
15450 -1.00956
00496 -1.00955
16087 -1.00955
06357 -1.00954
07607 -1.00954
10350 -1.00953
12025 -1.00953
05515 -1.00952
16756 -1.00952
00223 -1.00951
02697 -1.00951
07088 -1.00951
19432 -1.00951
19710 -1.00951
06456 -1.0095
01359 -1.00948
09837 -1.00947
11350 -1.00947
12397 -1.00947
12701 -1.00947
02357 -1.00946
10080 -1.00946
12655 -1.00946
00203 -1.00945
12680 -1.00945
13993 -1.00945
20967 -1.00945
02064 -1.00944
20698 -1.00944
16278 -1.00943
05473 -1.00942
04165 -1.00941
04266 -1.00941
09275 -1.00941
17883 -1.00941
19767 -1.00941
04546 -1.0094
11717 -1.0094
00004 -1.00939
07811 -1.00939
21473 -1.00939
13419 -1.00938
13256 -1.00937
15556 -1.00937
15765 -1.00937
18378 -1.00937
05631 -1.00936
11773 -1.00936
13577 -1.00936
16381 -1.00936
17474 -1.00936
18578 -1.00936
00319 -1.00935
02907 -1.00935
12011 -1.00935
17324 -1.00935
04049 -1.00934
06197 -1.00934
09638 -1.00933
13396 -1.00933
00056 -1.00932
07731 -1.00932
15352 -1.00932
00016 -1.00931
04175 -1.00931
09022 -1.00931
09445 -1.00931
10103 -1.00931
06143 -1.0093
06665 -1.0093
06844 -1.0093
11083 -1.0093
21340 -1.0093
00276 -1.00929
04809 -1.00929
10291 -1.00929
10809 -1.00929
19285 -1.00929
17367 -1.00928
02228 -1.00927
10976 -1.00927
01682 -1.00926
12208 -1.00926
18714 -1.00926
01306 -1.00925
00537 -1.00924
05131 -1.00924
09940 -1.00924
12310 -1.00924
06541 -1.00923
10367 -1.00923
14749 -1.00922
15488 -1.00922
02203 -1.00921
04130 -1.00921
10617 -1.00921
15369 -1.00921
10050 -1.0092
12662 -1.00919
13531 -1.00919
15762 -1.00919
16373 -1.00919
05851 -1.00918
00209 -1.00917
07892 -1.00917
17896 -1.00917
20538 -1.00917
21420 -1.00917
12279 -1.00916
12947 -1.00916
17760 -1.00916
05412 -1.00915
14419 -1.00915
18047 -1.00915
02580 -1.00914
06896 -1.00914
08121 -1.00914
08196 -1.00914
09402 -1.00914
19490 -1.00914
11204 -1.00913
19532 -1.00913
08069 -1.00912
09759 -1.00912
10278 -1.00912
16773 -1.00912
17506 -1.00912
01269 -1.00911
03762 -1.00911
09170 -1.00911
19099 -1.00911
02500 -1.0091
12791 -1.0091
04548 -1.00909
06752 -1.00909
12521 -1.00909
15852 -1.00909
18299 -1.00909
00950 -1.00908
08884 -1.00908
09909 -1.00908
11215 -1.00908
12972 -1.00908
19589 -1.00908
01968 -1.00907
20207 -1.00907
05778 -1.00906
05858 -1.00906
06531 -1.00906
14390 -1.00906
04363 -1.00905
07904 -1.00905
09959 -1.00905
02304 -1.00904
03013 -1.00904
06611 -1.00903
14126 -1.00903
16513 -1.00903
18684 -1.00903
00288 -1.00902
08716 -1.00902
12383 -1.00902
14708 -1.00902
06395 -1.00901
21486 -1.00901
06926 -1.009
13261 -1.009
17450 -1.009
00010 -1.00899
10697 -1.00899
17220 -1.00899
19719 -1.00899
16946 -1.00898
01275 -1.00897
04477 -1.00897
15878 -1.00897
17048 -1.00897
01084 -1.00896
11755 -1.00896
13046 -1.00896
15016 -1.00896
17620 -1.00896
18239 -1.00896
21425 -1.00896
21508 -1.00896
05891 -1.00895
10505 -1.00895
00382 -1.00894
14987 -1.00894
08820 -1.00893
10778 -1.00893
14840 -1.00893
14921 -1.00893
15841 -1.00893
01868 -1.00892
07391 -1.00892
07710 -1.00892
09815 -1.00892
15551 -1.00892
06013 -1.00891
07705 -1.00891
17598 -1.00891
00854 -1.0089
00965 -1.0089
13146 -1.0089
17707 -1.0089
05206 -1.00889
08932 -1.00889
16249 -1.00889
01543 -1.00888
06607 -1.00888
19038 -1.00888
07628 -1.00887
07893 -1.00887
12598 -1.00887
02824 -1.00886
05672 -1.00886
12195 -1.00886
15095 -1.00886
18250 -1.00886
16636 -1.00885
19392 -1.00885
19457 -1.00885
01466 -1.00884
05171 -1.00884
10733 -1.00884
10799 -1.00884
16440 -1.00884
20240 -1.00884
00225 -1.00883
00644 -1.00883
00914 -1.00883
00922 -1.00883
06928 -1.00883
16292 -1.00883
16926 -1.00883
00001 -1.00881
03343 -1.00881
06157 -1.00881
08627 -1.00881
16361 -1.00881
19760 -1.00881
20185 -1.00881
20317 -1.00881
20806 -1.00881
01685 -1.0088
09939 -1.0088
12181 -1.0088
15190 -1.0088
19259 -1.0088
11123 -1.00879
16904 -1.00879
17458 -1.00879
06400 -1.00878
16898 -1.00877
19499 -1.00877
02428 -1.00876
03489 -1.00876
03555 -1.00876
07551 -1.00876
02001 -1.00875
02833 -1.00875
06379 -1.00875
06465 -1.00875
15978 -1.00875
19964 -1.00875
00295 -1.00874
02221 -1.00874
00335 -1.00873
10623 -1.00873
14780 -1.00873
12292 -1.00872
12778 -1.00872
19604 -1.00872
00200 -1.00871
04067 -1.00871
04313 -1.0087
07342 -1.0087
09722 -1.0087
10605 -1.0087
10902 -1.0087
17148 -1.0087
11711 -1.00869
20254 -1.00869
20772 -1.00869
05542 -1.00868
07864 -1.00868
17976 -1.00868
08115 -1.00867
10704 -1.00867
12487 -1.00867
16139 -1.00867
00356 -1.00866
02475 -1.00866
06473 -1.00866
09975 -1.00866
11823 -1.00866
02198 -1.00865
09388 -1.00865
10905 -1.00865
15154 -1.00865
15697 -1.00864
17628 -1.00864
19111 -1.00864
04007 -1.00863
06360 -1.00863
06605 -1.00863
06618 -1.00863
09328 -1.00863
01380 -1.00862
01534 -1.00862
07925 -1.00862
11206 -1.00862
15511 -1.00862
16053 -1.00862
19848 -1.00862
03759 -1.00861
04174 -1.00861
09569 -1.00861
09899 -1.00861
12188 -1.00861
00236 -1.0086
07778 -1.0086
12163 -1.0086
17135 -1.0086
03072 -1.00859
03931 -1.00859
16389 -1.00859
16948 -1.00859
19334 -1.00859
05234 -1.00858
11820 -1.00858
00898 -1.00857
09211 -1.00857
18621 -1.00857
19679 -1.00857
00362 -1.00856
03396 -1.00856
08901 -1.00856
14890 -1.00856
07304 -1.00855
12574 -1.00855
13034 -1.00855
19687 -1.00855
00180 -1.00854
03413 -1.00854
04643 -1.00854
21287 -1.00854
05941 -1.00853
17438 -1.00853
20803 -1.00853
21277 -1.00853
10537 -1.00852
16132 -1.00852
16183 -1.00852
19425 -1.00852
09047 -1.00851
16619 -1.00851
21572 -1.00851
12340 -1.0085
14043 -1.0085
16565 -1.0085
17202 -1.0085
03020 -1.00849
06547 -1.00849
07927 -1.00849
08526 -1.00849
13216 -1.00849
04800 -1.00848
06459 -1.00848
06689 -1.00848
09618 -1.00848
13752 -1.00848
01357 -1.00847
04303 -1.00847
04906 -1.00847
06592 -1.00847
12432 -1.00847
15686 -1.00847
05139 -1.00846
10317 -1.00846
11457 -1.00846
11487 -1.00846
02115 -1.00845
03247 -1.00845
06742 -1.00845
09978 -1.00845
10924 -1.00845
15442 -1.00845
17307 -1.00845
01579 -1.00844
07933 -1.00844
17363 -1.00844
19603 -1.00844
02251 -1.00843
07493 -1.00843
01190 -1.00842
01696 -1.00842
11192 -1.00842
15444 -1.00842
02157 -1.00841
09749 -1.00841
11203 -1.00841
17714 -1.00841
18054 -1.00841
06962 -1.0084
02618 -1.00839
03446 -1.00839
04405 -1.00839
05486 -1.00839
08677 -1.00839
17930 -1.00839
10422 -1.00838
17036 -1.00838
08444 -1.00837
09673 -1.00837
16443 -1.00837
17198 -1.00837
04290 -1.00836
04810 -1.00836
13390 -1.00836
18532 -1.00836
04893 -1.00835
09742 -1.00835
16075 -1.00835
17574 -1.00835
18317 -1.00835
00696 -1.00834
04317 -1.00834
21470 -1.00834
00730 -1.00833
02456 -1.00833
03077 -1.00833
17419 -1.00833
00843 -1.00832
08974 -1.00832
10829 -1.00831
12548 -1.00831
20183 -1.00831
01388 -1.0083
02312 -1.0083
11349 -1.0083
15325 -1.0083
15912 -1.0083
17433 -1.0083
19242 -1.0083
20256 -1.0083
00752 -1.00829
01252 -1.00829
01539 -1.00829
08896 -1.00829
01860 -1.00827
04567 -1.00827
06996 -1.00827
09130 -1.00827
11186 -1.00827
17778 -1.00827
18005 -1.00827
03868 -1.00826
06180 -1.00826
10822 -1.00826
11198 -1.00826
15581 -1.00826
17099 -1.00826
18515 -1.00826
08708 -1.00825
10382 -1.00824
10927 -1.00824
13246 -1.00824
14697 -1.00824
00803 -1.00823
05201 -1.00823
06588 -1.00823
07094 -1.00823
08961 -1.00823
12485 -1.00823
12634 -1.00823
02587 -1.00822
10264 -1.00822
12434 -1.00822
13379 -1.00822
13790 -1.00822
15957 -1.00822
17966 -1.00822
18767 -1.00822
20706 -1.00822
21376 -1.00822
02342 -1.00821
12815 -1.00821
15844 -1.00821
19660 -1.00821
08753 -1.0082
15530 -1.0082
17305 -1.0082
01408 -1.00819
02121 -1.00819
09667 -1.00819
11261 -1.00819
12150 -1.00819
17605 -1.00819
02698 -1.00818
03065 -1.00818
03267 -1.00818
03902 -1.00818
10344 -1.00818
11181 -1.00818
11637 -1.00818
14757 -1.00818
02132 -1.00817
07290 -1.00817
09269 -1.00817
14541 -1.00817
15639 -1.00817
17456 -1.00817
04071 -1.00816
08483 -1.00816
10546 -1.00816
17193 -1.00816
06699 -1.00815
08271 -1.00815
17571 -1.00815
00311 -1.00814
03075 -1.00814
08548 -1.00814
08711 -1.00814
13073 -1.00814
18917 -1.00814
19544 -1.00814
05471 -1.00813
16176 -1.00813
03978 -1.00812
05186 -1.00812
05294 -1.00812
05366 -1.00812
06656 -1.00812
10306 -1.00812
12328 -1.00812
14687 -1.00812
15370 -1.00812
17083 -1.00812
17426 -1.00812
19191 -1.00812
04878 -1.00811
15569 -1.00811
20304 -1.00811
20764 -1.00811
21334 -1.00811
06203 -1.0081
10133 -1.0081
18280 -1.0081
19930 -1.0081
20783 -1.0081
00028 -1.00809
03534 -1.00809
13234 -1.00809
17294 -1.00809
00232 -1.00808
00263 -1.00808
00331 -1.00808
07105 -1.00808
08846 -1.00808
12282 -1.00808
17348 -1.00808
18588 -1.00808
20110 -1.00808
09110 -1.00807
15382 -1.00807
03287 -1.00806
04692 -1.00806
07326 -1.00806
09714 -1.00806
09796 -1.00806
02526 -1.00805
06867 -1.00805
08633 -1.00805
08971 -1.00805
09281 -1.00805
18512 -1.00805
02052 -1.00804
07043 -1.00804
08595 -1.00804
09174 -1.00804
13053 -1.00804
13244 -1.00804
13733 -1.00804
15243 -1.00804
15534 -1.00804
16986 -1.00804
19028 -1.00804
19289 -1.00804
02878 -1.00803
10748 -1.00803
13281 -1.00803
19831 -1.00803
20614 -1.00803
05587 -1.00802
16833 -1.00802
17846 -1.00802
01963 -1.00801
07830 -1.00801
10201 -1.00801
11225 -1.00801
18652 -1.00801
02718 -1.008
05585 -1.008
07499 -1.008
09636 -1.008
16112 -1.008
16937 -1.008
17922 -1.008
08628 -1.00799
08666 -1.00799
11914 -1.00799
14770 -1.00799
14931 -1.00799
15149 -1.00799
16938 -1.00799
17386 -1.00799
19353 -1.00799
00230 -1.00798
00240 -1.00798
02998 -1.00798
08621 -1.00798
08664 -1.00798
10856 -1.00798
11029 -1.00798
16794 -1.00798
18148 -1.00798
18985 -1.00798
00347 -1.00797
02973 -1.00797
05643 -1.00797
09582 -1.00797
11752 -1.00797
12146 -1.00797
12953 -1.00797
13656 -1.00797
18591 -1.00797
19752 -1.00797
02308 -1.00796
03861 -1.00796
04223 -1.00796
07753 -1.00796
08839 -1.00796
11451 -1.00796
14109 -1.00796
18204 -1.00796
18397 -1.00796
01726 -1.00795
08262 -1.00795
09440 -1.00795
09734 -1.00795
11492 -1.00795
12381 -1.00795
04759 -1.00794
10703 -1.00794
12878 -1.00794
15736 -1.00794
00340 -1.00793
01724 -1.00793
03048 -1.00793
09937 -1.00793
11177 -1.00793
12818 -1.00793
14797 -1.00793
16564 -1.00793
21101 -1.00793
02227 -1.00792
02627 -1.00792
02658 -1.00792
11063 -1.00792
13809 -1.00792
18455 -1.00792
06876 -1.00791
08819 -1.00791
09080 -1.00791
10582 -1.00791
13771 -1.00791
17477 -1.00791
03188 -1.0079
05759 -1.0079
06603 -1.0079
18267 -1.0079
18938 -1.0079
19036 -1.0079
00300 -1.00789
13225 -1.00789
02362 -1.00788
10725 -1.00788
10954 -1.00788
12156 -1.00788
16677 -1.00788
18422 -1.00788
05394 -1.00787
10071 -1.00787
10786 -1.00787
15587 -1.00787
00926 -1.00786
00942 -1.00786
02554 -1.00786
04081 -1.00786
09180 -1.00786
09848 -1.00786
10406 -1.00786
11828 -1.00786
18904 -1.00786
11768 -1.00785
15263 -1.00785
16421 -1.00785
17075 -1.00785
18471 -1.00785
19688 -1.00785
01535 -1.00784
01718 -1.00784
02735 -1.00784
04830 -1.00784
10877 -1.00784
14372 -1.00784
14691 -1.00784
15816 -1.00784
17079 -1.00784
18052 -1.00784
20046 -1.00784
03111 -1.00783
05452 -1.00783
06094 -1.00783
10501 -1.00783
15498 -1.00783
16832 -1.00783
19683 -1.00783
19897 -1.00783
20064 -1.00783
01836 -1.00782
03030 -1.00782
03068 -1.00782
06612 -1.00782
10593 -1.00782
10784 -1.00782
15700 -1.00782
16002 -1.00782
20432 -1.00782
00237 -1.00781
05200 -1.00781
06406 -1.00781
08392 -1.00781
12118 -1.00781
13487 -1.00781
17207 -1.00781
21379 -1.00781
03078 -1.0078
09732 -1.0078
16044 -1.0078
16200 -1.0078
17906 -1.0078
18996 -1.0078
01911 -1.00779
05789 -1.00779
08618 -1.00779
08992 -1.00779
09436 -1.00779
18540 -1.00779
17195 -1.00778
17460 -1.00778
19619 -1.00778
03942 -1.00777
04093 -1.00777
05456 -1.00777
20300 -1.00777
00386 -1.00776
06112 -1.00776
20029 -1.00776
03743 -1.00775
04533 -1.00775
06890 -1.00775
09378 -1.00775
10178 -1.00775
11498 -1.00775
12756 -1.00775
13692 -1.00775
17833 -1.00775
21057 -1.00775
01353 -1.00774
05951 -1.00774
10106 -1.00774
14782 -1.00774
16119 -1.00774
17252 -1.00774
00840 -1.00773
03502 -1.00773
03670 -1.00773
04037 -1.00773
04126 -1.00773
05376 -1.00773
05384 -1.00773
06471 -1.00773
09015 -1.00773
21542 -1.00773
05935 -1.00772
10570 -1.00772
11184 -1.00772
11240 -1.00772
14342 -1.00772
15835 -1.00772
20551 -1.00772
04642 -1.00771
04989 -1.00771
05098 -1.00771
08990 -1.00771
09058 -1.00771
10854 -1.00771
16681 -1.00771
00137 -1.0077
00891 -1.0077
10246 -1.0077
00342 -1.00769
02988 -1.00769
03170 -1.00769
05303 -1.00769
09784 -1.00769
11926 -1.00769
21015 -1.00769
02078 -1.00768
02663 -1.00768
03470 -1.00768
04508 -1.00768
05345 -1.00768
14184 -1.00768
16641 -1.00768
21056 -1.00768
00273 -1.00767
10017 -1.00767
11060 -1.00767
15349 -1.00767
16171 -1.00767
20663 -1.00767
01019 -1.00766
08292 -1.00766
14734 -1.00766
17096 -1.00766
17849 -1.00766
18672 -1.00766
20748 -1.00766
05667 -1.00765
05779 -1.00765
11080 -1.00765
12793 -1.00765
16094 -1.00765
16357 -1.00765
16644 -1.00765
17416 -1.00765
18138 -1.00764
00344 -1.00763
00925 -1.00763
03390 -1.00763
04871 -1.00763
07036 -1.00763
12031 -1.00763
15421 -1.00763
00264 -1.00762
00546 -1.00762
04136 -1.00762
04196 -1.00762
04630 -1.00762
08799 -1.00762
13347 -1.00762
13576 -1.00762
14843 -1.00762
15160 -1.00762
15830 -1.00762
15975 -1.00762
16177 -1.00762
16759 -1.00762
18352 -1.00762
18579 -1.00762
18891 -1.00762
02759 -1.00761
05273 -1.00761
07701 -1.00761
12423 -1.00761
15172 -1.00761
16643 -1.00761
17970 -1.00761
20038 -1.00761
08985 -1.0076
11505 -1.0076
12811 -1.0076
14635 -1.0076
14849 -1.0076
14982 -1.0076
17508 -1.0076
17612 -1.0076
01777 -1.00759
10390 -1.00759
11600 -1.00759
16964 -1.00759
19538 -1.00759
21408 -1.00759
00135 -1.00758
02166 -1.00758
09310 -1.00758
09336 -1.00758
09462 -1.00758
12066 -1.00758
12072 -1.00758
17572 -1.00758
17933 -1.00758
02261 -1.00757
04027 -1.00757
04951 -1.00757
05271 -1.00757
08314 -1.00757
08691 -1.00757
10525 -1.00757
11414 -1.00757
11739 -1.00757
12773 -1.00757
14767 -1.00757
20705 -1.00757
01316 -1.00756
05167 -1.00756
08004 -1.00756
08780 -1.00756
11448 -1.00756
12372 -1.00756
13738 -1.00756
15604 -1.00756
17382 -1.00756
20861 -1.00756
04771 -1.00755
11691 -1.00755
19066 -1.00755
20751 -1.00755
02906 -1.00754
03312 -1.00754
15364 -1.00754
19157 -1.00754
20530 -1.00754
07937 -1.00753
08384 -1.00753
09150 -1.00753
12085 -1.00753
15840 -1.00753
18062 -1.00753
19553 -1.00753
00591 -1.00752
08029 -1.00752
12650 -1.00752
15967 -1.00752
01126 -1.00751
03512 -1.00751
04246 -1.00751
06721 -1.00751
09112 -1.00751
11214 -1.00751
19039 -1.00751
20201 -1.00751
20782 -1.00751
21304 -1.00751
00033 -1.0075
01926 -1.0075
02354 -1.0075
05170 -1.0075
09206 -1.0075
10512 -1.0075
12317 -1.0075
12879 -1.0075
15492 -1.0075
17435 -1.0075
20924 -1.0075
13949 -1.00749
19713 -1.00749
19966 -1.00749
01297 -1.00748
01525 -1.00748
06285 -1.00748
10329 -1.00748
15270 -1.00748
16864 -1.00748
17961 -1.00748
18625 -1.00748
19040 -1.00748
02686 -1.00747
03500 -1.00747
09526 -1.00747
12221 -1.00747
12409 -1.00747
12829 -1.00747
15783 -1.00747
18003 -1.00747
18696 -1.00747
01026 -1.00746
05241 -1.00746
06586 -1.00746
07356 -1.00746
09679 -1.00746
10973 -1.00746
19548 -1.00746
05761 -1.00745
06215 -1.00745
09793 -1.00745
10486 -1.00745
11084 -1.00745
15507 -1.00745
17915 -1.00745
06090 -1.00744
12189 -1.00744
06770 -1.00743
11827 -1.00743
16072 -1.00743
17405 -1.00743
21260 -1.00743
01808 -1.00742
03813 -1.00742
04132 -1.00742
04307 -1.00742
08743 -1.00742
09554 -1.00742
11985 -1.00742
13331 -1.00742
06581 -1.00741
08164 -1.00741
09296 -1.00741
13434 -1.00741
15454 -1.00741
03593 -1.0074
10236 -1.0074
11843 -1.0074
14852 -1.0074
16203 -1.0074
18278 -1.0074
19326 -1.0074
21165 -1.0074
00422 -1.00739
00740 -1.00739
04683 -1.00739
09263 -1.00739
10208 -1.00739
13252 -1.00739
17573 -1.00739
20346 -1.00739
21064 -1.00739
00458 -1.00738
01611 -1.00738
04017 -1.00738
06182 -1.00738
11299 -1.00738
20095 -1.00738
00389 -1.00737
00889 -1.00737
05235 -1.00737
05570 -1.00737
09154 -1.00737
09782 -1.00737
11368 -1.00737
19497 -1.00737
01414 -1.00736
03984 -1.00736
04534 -1.00736
09052 -1.00736
10959 -1.00736
19091 -1.00736
21336 -1.00736
01739 -1.00735
05378 -1.00735
05888 -1.00735
07263 -1.00735
10695 -1.00735
16613 -1.00735
01360 -1.00734
01540 -1.00734
02257 -1.00734
03060 -1.00734
04863 -1.00734
13592 -1.00734
15677 -1.00734
17680 -1.00734
21251 -1.00734
00359 -1.00733
00779 -1.00733
04205 -1.00733
05808 -1.00733
06849 -1.00733
09861 -1.00733
10741 -1.00733
12113 -1.00733
14220 -1.00733
15094 -1.00733
15571 -1.00733
21422 -1.00733
04019 -1.00732
04699 -1.00732
04772 -1.00732
09583 -1.00732
09650 -1.00732
15281 -1.00732
18186 -1.00732
21244 -1.00732
21331 -1.00732
00110 -1.00731
07062 -1.00731
08201 -1.00731
13606 -1.00731
19415 -1.00731
20159 -1.00731
20787 -1.00731
00109 -1.0073
06998 -1.0073
07717 -1.0073
08510 -1.0073
09246 -1.0073
12144 -1.0073
18601 -1.0073
00023 -1.00729
00144 -1.00729
00837 -1.00729
03269 -1.00729
06376 -1.00729
07765 -1.00729
07866 -1.00729
08075 -1.00729
15414 -1.00729
17934 -1.00729
04824 -1.00728
07227 -1.00728
08153 -1.00728
09203 -1.00728
15091 -1.00728
18614 -1.00728
19949 -1.00728
20120 -1.00728
00874 -1.00727
02822 -1.00727
03019 -1.00727
04884 -1.00727
09061 -1.00727
17374 -1.00727
18530 -1.00727
19509 -1.00727
20877 -1.00727
01889 -1.00726
04369 -1.00726
06725 -1.00726
10303 -1.00726
10826 -1.00726
12537 -1.00726
12750 -1.00726
13348 -1.00726
15043 -1.00726
16280 -1.00726
17206 -1.00726
17980 -1.00726
19211 -1.00726
03027 -1.00725
04016 -1.00725
05460 -1.00725
05468 -1.00725
05561 -1.00725
06653 -1.00725
09142 -1.00725
16998 -1.00725
18420 -1.00725
18961 -1.00725
19958 -1.00725
02197 -1.00724
03371 -1.00724
03587 -1.00724
04186 -1.00724
07428 -1.00724
09544 -1.00724
09788 -1.00724
11470 -1.00724
11680 -1.00724
15824 -1.00724
00278 -1.00723
03825 -1.00723
04674 -1.00723
04727 -1.00723
04744 -1.00723
05085 -1.00723
07175 -1.00723
09758 -1.00723
09886 -1.00723
12209 -1.00723
12799 -1.00723
12898 -1.00723
15403 -1.00723
03732 -1.00722
04058 -1.00722
04625 -1.00722
06217 -1.00722
08248 -1.00722
08525 -1.00722
09706 -1.00722
09736 -1.00722
10136 -1.00722
18131 -1.00722
00334 -1.00721
08360 -1.00721
10209 -1.00721
13420 -1.00721
16198 -1.00721
19041 -1.00721
21154 -1.00721
02061 -1.0072
05104 -1.0072
07643 -1.0072
11830 -1.0072
12827 -1.0072
15617 -1.0072
17013 -1.0072
00888 -1.00719
00957 -1.00719
01362 -1.00719
06481 -1.00719
08173 -1.00719
11213 -1.00719
16158 -1.00719
16840 -1.00719
18542 -1.00719
19588 -1.00719
01576 -1.00718
07796 -1.00718
08095 -1.00718
10676 -1.00718
14277 -1.00718
15625 -1.00718
17771 -1.00718
17952 -1.00718
01091 -1.00717
03535 -1.00717
05726 -1.00717
07126 -1.00717
08076 -1.00717
10429 -1.00717
11946 -1.00717
17043 -1.00717
00181 -1.00716
02470 -1.00716
03492 -1.00716
04611 -1.00716
05377 -1.00716
07977 -1.00716
08484 -1.00716
09518 -1.00716
11180 -1.00716
12318 -1.00716
17839 -1.00716
20864 -1.00716
00704 -1.00715
09230 -1.00715
10398 -1.00715
12770 -1.00715
13350 -1.00715
14773 -1.00715
17549 -1.00715
01918 -1.00714
01947 -1.00714
02533 -1.00714
05100 -1.00714
07332 -1.00714
10830 -1.00714
15645 -1.00714
19527 -1.00714
19979 -1.00714
04603 -1.00713
05817 -1.00713
06949 -1.00713
07255 -1.00713
08325 -1.00713
10478 -1.00713
18524 -1.00713
02045 -1.00712
04346 -1.00712
04733 -1.00712
04851 -1.00712
05225 -1.00712
05458 -1.00712
08597 -1.00712
13455 -1.00712
16277 -1.00712
19423 -1.00712
00577 -1.00711
02060 -1.00711
02089 -1.00711
02797 -1.00711
05702 -1.00711
07229 -1.00711
10996 -1.00711
11874 -1.00711
16608 -1.00711
17000 -1.00711
20897 -1.00711
00625 -1.0071
01193 -1.0071
01789 -1.0071
04212 -1.0071
05256 -1.0071
05364 -1.0071
08225 -1.0071
08252 -1.0071
08315 -1.0071
11988 -1.0071
19120 -1.0071
20535 -1.0071
16434 -1.00709
21557 -1.00709
00315 -1.00708
00364 -1.00708
05298 -1.00708
05965 -1.00708
07308 -1.00708
08044 -1.00708
09055 -1.00708
12396 -1.00708
14984 -1.00708
16154 -1.00708
17507 -1.00708
17625 -1.00708
18146 -1.00708
20244 -1.00708
01935 -1.00707
03034 -1.00707
04498 -1.00707
05302 -1.00707
07486 -1.00707
08982 -1.00707
11977 -1.00707
13735 -1.00707
17217 -1.00707
17271 -1.00707
00967 -1.00706
05484 -1.00706
06352 -1.00706
07161 -1.00706
07659 -1.00706
15264 -1.00706
19086 -1.00706
19149 -1.00706
21193 -1.00706
00955 -1.00705
01368 -1.00705
02024 -1.00705
03088 -1.00705
04777 -1.00705
07600 -1.00705
13148 -1.00705
17212 -1.00705
20557 -1.00705
02307 -1.00704
02887 -1.00704
04233 -1.00704
04310 -1.00704
04443 -1.00704
05370 -1.00704
08600 -1.00704
09307 -1.00704
10057 -1.00704
11872 -1.00704
15773 -1.00704
17721 -1.00704
17923 -1.00704
21242 -1.00704
03214 -1.00703
03230 -1.00703
03698 -1.00703
04620 -1.00703
05163 -1.00703
07471 -1.00703
07950 -1.00703
08090 -1.00703
08166 -1.00703
08239 -1.00703
09806 -1.00703
13280 -1.00703
16589 -1.00703
17261 -1.00703
17886 -1.00703
18252 -1.00703
19586 -1.00703
20199 -1.00703
10323 -1.00702
12654 -1.00702
12909 -1.00702
13039 -1.00702
13123 -1.00702
03571 -1.00701
05690 -1.00701
06108 -1.00701
10689 -1.00701
10771 -1.00701
12013 -1.00701
12389 -1.00701
17119 -1.00701
19915 -1.00701
20172 -1.00701
03537 -1.007
04691 -1.007
07687 -1.007
10531 -1.007
20048 -1.007
05039 -1.00699
05172 -1.00699
11797 -1.00699
12180 -1.00699
13908 -1.00699
16358 -1.00699
16894 -1.00699
18360 -1.00699
00674 -1.00698
01674 -1.00698
03514 -1.00698
03890 -1.00698
17812 -1.00698
17956 -1.00698
18764 -1.00698
19581 -1.00698
03002 -1.00697
04232 -1.00697
11548 -1.00697
11863 -1.00697
12322 -1.00697
13002 -1.00697
15738 -1.00697
16095 -1.00697
16309 -1.00697
18461 -1.00697
01421 -1.00696
03397 -1.00696
03815 -1.00696
05405 -1.00696
07313 -1.00696
11737 -1.00696
12639 -1.00696
14301 -1.00696
17423 -1.00696
17873 -1.00696
18679 -1.00696
20546 -1.00696
01999 -1.00695
05636 -1.00695
08222 -1.00695
12865 -1.00695
16626 -1.00695
17173 -1.00695
17654 -1.00695
18744 -1.00695
20145 -1.00695
00247 -1.00694
03957 -1.00694
04556 -1.00694
07339 -1.00694
08245 -1.00694
08563 -1.00694
09139 -1.00694
11782 -1.00694
12600 -1.00694
12644 -1.00694
12732 -1.00694
16118 -1.00694
17103 -1.00694
19377 -1.00694
05051 -1.00693
07525 -1.00693
08967 -1.00693
13203 -1.00693
14088 -1.00693
14862 -1.00693
16097 -1.00693
16723 -1.00693
17180 -1.00693
17246 -1.00693
18144 -1.00693
18490 -1.00693
19556 -1.00693
00960 -1.00692
06396 -1.00692
07870 -1.00692
10548 -1.00692
10552 -1.00692
14408 -1.00692
15999 -1.00692
16170 -1.00692
16914 -1.00692
03284 -1.00691
04552 -1.00691
04953 -1.00691
06209 -1.00691
06447 -1.00691
10765 -1.00691
11616 -1.00691
11639 -1.00691
15211 -1.00691
16792 -1.00691
00013 -1.0069
00768 -1.0069
03884 -1.0069
04014 -1.0069
04354 -1.0069
12452 -1.0069
14813 -1.0069
14868 -1.0069
14901 -1.0069
00235 -1.00689
01809 -1.00689
04333 -1.00689
06720 -1.00689
07203 -1.00689
09355 -1.00689
10341 -1.00689
11654 -1.00689
12616 -1.00689
14225 -1.00689
15372 -1.00689
16607 -1.00689
19050 -1.00689
21312 -1.00689
00095 -1.00688
01059 -1.00688
02081 -1.00688
02860 -1.00688
03137 -1.00688
10036 -1.00688
11831 -1.00688
12052 -1.00688
16168 -1.00688
17905 -1.00688
19089 -1.00688
20419 -1.00688
01404 -1.00687
04185 -1.00687
04573 -1.00687
05848 -1.00687
07071 -1.00687
11592 -1.00687
12802 -1.00687
15842 -1.00687
16332 -1.00687
20895 -1.00687
00485 -1.00686
00718 -1.00686
04101 -1.00686
04946 -1.00686
07617 -1.00686
08653 -1.00686
09928 -1.00686
15539 -1.00686
17254 -1.00686
17289 -1.00686
17410 -1.00686
01140 -1.00685
02992 -1.00685
03516 -1.00685
06130 -1.00685
06165 -1.00685
08852 -1.00685
11058 -1.00685
13241 -1.00685
13453 -1.00685
16935 -1.00685
16957 -1.00685
18650 -1.00685
00214 -1.00684
02522 -1.00684
04515 -1.00684
07419 -1.00684
07971 -1.00684
10153 -1.00684
12780 -1.00684
01895 -1.00683
01902 -1.00683
02048 -1.00683
03610 -1.00683
03847 -1.00683
04891 -1.00683
05010 -1.00683
09599 -1.00683
15789 -1.00683
17016 -1.00683
17584 -1.00683
17965 -1.00683
02409 -1.00682
02991 -1.00682
05336 -1.00682
08310 -1.00682
10272 -1.00682
15683 -1.00682
18600 -1.00682
00179 -1.00681
01916 -1.00681
04960 -1.00681
05011 -1.00681
05295 -1.00681
10150 -1.00681
10445 -1.00681
12323 -1.00681
17317 -1.00681
20750 -1.00681
21575 -1.00681
02579 -1.0068
03645 -1.0068
07410 -1.0068
08769 -1.0068
08963 -1.0068
09640 -1.0068
10472 -1.0068
13278 -1.0068
15712 -1.0068
19682 -1.0068
19828 -1.0068
20685 -1.0068
03263 -1.00679
03547 -1.00679
07547 -1.00679
08202 -1.00679
08796 -1.00679
11686 -1.00679
12765 -1.00679
14560 -1.00679
04315 -1.00678
05541 -1.00678
08009 -1.00678
10255 -1.00678
12790 -1.00678
15940 -1.00678
16574 -1.00678
19172 -1.00678
20564 -1.00678
01940 -1.00677
03991 -1.00677
04304 -1.00677
05181 -1.00677
08200 -1.00677
09689 -1.00677
11007 -1.00677
12122 -1.00677
14073 -1.00677
15893 -1.00677
20822 -1.00677
21387 -1.00677
01366 -1.00676
03903 -1.00676
13283 -1.00676
13662 -1.00676
14056 -1.00676
16454 -1.00676
19127 -1.00676
21158 -1.00676
00774 -1.00675
01314 -1.00675
02117 -1.00675
03394 -1.00675
03864 -1.00675
05315 -1.00675
07060 -1.00675
07237 -1.00675
07914 -1.00675
08221 -1.00675
08601 -1.00675
08962 -1.00675
10175 -1.00675
10281 -1.00675
12638 -1.00675
13561 -1.00675
16019 -1.00675
16649 -1.00675
17203 -1.00675
17347 -1.00675
18006 -1.00675
01181 -1.00674
01634 -1.00674
01786 -1.00674
05710 -1.00674
06128 -1.00674
07566 -1.00674
11428 -1.00674
11497 -1.00674
13135 -1.00674
17928 -1.00674
01080 -1.00673
01616 -1.00673
02641 -1.00673
07033 -1.00673
08077 -1.00673
08689 -1.00673
08707 -1.00673
08944 -1.00673
09225 -1.00673
13258 -1.00673
17414 -1.00673
17862 -1.00673
19083 -1.00673
00238 -1.00672
00860 -1.00672
00921 -1.00672
14897 -1.00672
18781 -1.00672
19181 -1.00672
00916 -1.00671
03578 -1.00671
04182 -1.00671
04277 -1.00671
06968 -1.00671
07099 -1.00671
07155 -1.00671
08421 -1.00671
09581 -1.00671
15435 -1.00671
18452 -1.00671
02057 -1.0067
05059 -1.0067
09298 -1.0067
10207 -1.0067
17280 -1.0067
19787 -1.0067
00420 -1.00669
04370 -1.00669
05382 -1.00669
06339 -1.00669
08205 -1.00669
11777 -1.00669
12709 -1.00669
15690 -1.00669
16777 -1.00669
18026 -1.00669
05233 -1.00668
05948 -1.00668
06052 -1.00668
06123 -1.00668
09841 -1.00668
10779 -1.00668
13143 -1.00668
00396 -1.00667
01109 -1.00667
01256 -1.00667
05169 -1.00667
05800 -1.00667
08581 -1.00667
10642 -1.00667
12995 -1.00667
16262 -1.00667
18076 -1.00667
19000 -1.00667
01562 -1.00666
02287 -1.00666
05711 -1.00666
07605 -1.00666
07683 -1.00666
07712 -1.00666
11682 -1.00666
13235 -1.00666
15413 -1.00666
15417 -1.00666
16017 -1.00666
18009 -1.00666
18526 -1.00666
20169 -1.00666
21332 -1.00666
02799 -1.00665
06181 -1.00665
07056 -1.00665
11891 -1.00665
15821 -1.00665
17874 -1.00665
18018 -1.00665
19068 -1.00665
19551 -1.00665
20279 -1.00665
20468 -1.00665
04583 -1.00664
11697 -1.00664
14802 -1.00664
17914 -1.00664
18688 -1.00664
19301 -1.00664
19508 -1.00664
19722 -1.00664
20220 -1.00664
20255 -1.00664
20307 -1.00664
21357 -1.00664
03134 -1.00663
05632 -1.00663
06070 -1.00663
07545 -1.00663
08382 -1.00663
10814 -1.00663
14430 -1.00663
14874 -1.00663
17537 -1.00663
18340 -1.00663
19184 -1.00663
20928 -1.00663
00041 -1.00662
00759 -1.00662
01227 -1.00662
02316 -1.00662
02375 -1.00662
02924 -1.00662
03336 -1.00662
04107 -1.00662
07259 -1.00662
07792 -1.00662
00856 -1.00661
00974 -1.00661
02246 -1.00661
02402 -1.00661
08512 -1.00661
10434 -1.00661
12457 -1.00661
12473 -1.00661
01689 -1.0066
02751 -1.0066
05772 -1.0066
07319 -1.0066
11776 -1.0066
12044 -1.0066
12160 -1.0066
12250 -1.0066
12440 -1.0066
12612 -1.0066
18551 -1.0066
01582 -1.00659
01625 -1.00659
01706 -1.00659
02840 -1.00659
05787 -1.00659
08506 -1.00659
09869 -1.00659
10361 -1.00659
20860 -1.00659
21302 -1.00659
03242 -1.00658
03664 -1.00658
03981 -1.00658
06891 -1.00658
08435 -1.00658
10228 -1.00658
13079 -1.00658
15987 -1.00658
17020 -1.00658
17034 -1.00658
18449 -1.00658
19815 -1.00658
21327 -1.00658
00024 -1.00657
00026 -1.00657
00435 -1.00657
01618 -1.00657
02367 -1.00657
03069 -1.00657
05434 -1.00657
06139 -1.00657
06257 -1.00657
06283 -1.00657
11703 -1.00657
12447 -1.00657
12730 -1.00657
12806 -1.00657
12837 -1.00657
16233 -1.00657
16445 -1.00657
17256 -1.00657
01036 -1.00656
01213 -1.00656
02069 -1.00656
02513 -1.00656
03380 -1.00656
09123 -1.00656
09215 -1.00656
09535 -1.00656
10358 -1.00656
16731 -1.00656
16965 -1.00656
18199 -1.00656
18421 -1.00656
00202 -1.00655
00456 -1.00655
01884 -1.00655
04229 -1.00655
05375 -1.00655
06238 -1.00655
06254 -1.00655
06576 -1.00655
07120 -1.00655
07336 -1.00655
07552 -1.00655
10302 -1.00655
10980 -1.00655
11074 -1.00655
11661 -1.00655
16264 -1.00655
17372 -1.00655
17407 -1.00655
18798 -1.00655
18801 -1.00655
19478 -1.00655
20457 -1.00655
20885 -1.00655
01367 -1.00654
07791 -1.00654
09470 -1.00654
09592 -1.00654
11031 -1.00654
11076 -1.00654
11144 -1.00654
11148 -1.00654
18635 -1.00654
20510 -1.00654
04685 -1.00653
04754 -1.00653
05939 -1.00653
06225 -1.00653
09817 -1.00653
12325 -1.00653
12762 -1.00653
14880 -1.00653
14949 -1.00653
18272 -1.00653
19065 -1.00653
03860 -1.00652
05792 -1.00652
06929 -1.00652
10097 -1.00652
10863 -1.00652
11805 -1.00652
13571 -1.00652
13966 -1.00652
14388 -1.00652
15324 -1.00652
20996 -1.00652
04821 -1.00651
06201 -1.00651
07463 -1.00651
08441 -1.00651
09049 -1.00651
09795 -1.00651
11102 -1.00651
15453 -1.00651
15976 -1.00651
19333 -1.00651
20107 -1.00651
21573 -1.00651
10118 -1.0065
11106 -1.0065
11265 -1.0065
15100 -1.0065
15239 -1.0065
18084 -1.0065
20231 -1.0065
21383 -1.0065
00146 -1.00649
00678 -1.00649
00742 -1.00649
01387 -1.00649
02352 -1.00649
02828 -1.00649
07260 -1.00649
07538 -1.00649
08630 -1.00649
11179 -1.00649
14616 -1.00649
15287 -1.00649
16013 -1.00649
17429 -1.00649
17591 -1.00649
18796 -1.00649
20275 -1.00649
03938 -1.00648
04792 -1.00648
05393 -1.00648
05890 -1.00648
07669 -1.00648
08837 -1.00648
09454 -1.00648
10283 -1.00648
10413 -1.00648
11866 -1.00648
15585 -1.00648
16298 -1.00648
17258 -1.00648
18973 -1.00648
19511 -1.00648
19673 -1.00648
20041 -1.00648
00986 -1.00647
03727 -1.00647
03924 -1.00647
09255 -1.00647
09393 -1.00647
09521 -1.00647
09552 -1.00647
10131 -1.00647
11015 -1.00647
12256 -1.00647
12488 -1.00647
12676 -1.00647
16238 -1.00647
16817 -1.00647
17335 -1.00647
20339 -1.00647
01152 -1.00646
02212 -1.00646
03261 -1.00646
05777 -1.00646
06806 -1.00646
08337 -1.00646
10271 -1.00646
11332 -1.00646
11743 -1.00646
12711 -1.00646
14217 -1.00646
19562 -1.00646
20168 -1.00646
20533 -1.00646
01532 -1.00645
02884 -1.00645
12060 -1.00645
12673 -1.00645
16220 -1.00645
16621 -1.00645
20766 -1.00645
00350 -1.00644
00862 -1.00644
01564 -1.00644
02514 -1.00644
04922 -1.00644
05860 -1.00644
10568 -1.00644
11400 -1.00644
13854 -1.00644
16516 -1.00644
17187 -1.00644
17716 -1.00644
18828 -1.00644
19241 -1.00644
00570 -1.00643
02337 -1.00643
04367 -1.00643
07502 -1.00643
08128 -1.00643
08880 -1.00643
10222 -1.00643
10313 -1.00643
11220 -1.00643
12443 -1.00643
12875 -1.00643
16354 -1.00643
16600 -1.00643
21131 -1.00643
00933 -1.00642
01578 -1.00642
05599 -1.00642
07873 -1.00642
08063 -1.00642
10592 -1.00642
11388 -1.00642
12824 -1.00642
13010 -1.00642
16951 -1.00642
19351 -1.00642
00910 -1.00641
01553 -1.00641
05391 -1.00641
08732 -1.00641
09072 -1.00641
09487 -1.00641
12942 -1.00641
17750 -1.00641
19019 -1.00641
19617 -1.00641
20504 -1.00641
00979 -1.0064
02534 -1.0064
07595 -1.0064
07629 -1.0064
08669 -1.0064
09485 -1.0064
10239 -1.0064
10815 -1.0064
13323 -1.0064
14100 -1.0064
17779 -1.0064
20214 -1.0064
00270 -1.00639
00715 -1.00639
01735 -1.00639
03693 -1.00639
04484 -1.00639
05356 -1.00639
08585 -1.00639
09655 -1.00639
10677 -1.00639
10761 -1.00639
11195 -1.00639
11244 -1.00639
11580 -1.00639
17140 -1.00639
00640 -1.00638
01755 -1.00638
01959 -1.00638
02403 -1.00638
02460 -1.00638
04297 -1.00638
04766 -1.00638
06386 -1.00638
07188 -1.00638
09687 -1.00638
10384 -1.00638
12511 -1.00638
17181 -1.00638
17761 -1.00638
19015 -1.00638
19841 -1.00638
04494 -1.00637
06418 -1.00637
06469 -1.00637
07130 -1.00637
07635 -1.00637
11386 -1.00637
18462 -1.00637
20135 -1.00637
20382 -1.00637
20634 -1.00637
21374 -1.00637
21381 -1.00637
00602 -1.00636
02584 -1.00636
06014 -1.00636
07608 -1.00636
07673 -1.00636
09656 -1.00636
10254 -1.00636
12284 -1.00636
16092 -1.00636
16151 -1.00636
16414 -1.00636
16430 -1.00636
17449 -1.00636
19858 -1.00636
20280 -1.00636
20387 -1.00636
20576 -1.00636
00586 -1.00635
02074 -1.00635
02341 -1.00635
04409 -1.00635
07055 -1.00635
07321 -1.00635
10072 -1.00635
13810 -1.00635
14262 -1.00635
15805 -1.00635
16684 -1.00635
17113 -1.00635
17863 -1.00635
19952 -1.00635
20264 -1.00635
21491 -1.00635
00433 -1.00634
01825 -1.00634
02423 -1.00634
02508 -1.00634
03031 -1.00634
03056 -1.00634
03192 -1.00634
03468 -1.00634
03542 -1.00634
04293 -1.00634
10836 -1.00634
12535 -1.00634
15143 -1.00634
18924 -1.00634
19585 -1.00634
20059 -1.00634
02406 -1.00633
03479 -1.00633
04539 -1.00633
06726 -1.00633
07066 -1.00633
07424 -1.00633
08438 -1.00633
09493 -1.00633
09549 -1.00633
09769 -1.00633
10701 -1.00633
12033 -1.00633
16939 -1.00633
17018 -1.00633
17358 -1.00633
20569 -1.00633
21116 -1.00633
01499 -1.00632
03543 -1.00632
04570 -1.00632
05467 -1.00632
07382 -1.00632
07645 -1.00632
11008 -1.00632
11285 -1.00632
12407 -1.00632
13653 -1.00632
14928 -1.00632
17296 -1.00632
19221 -1.00632
01501 -1.00631
02623 -1.00631
02995 -1.00631
04747 -1.00631
04924 -1.00631
05899 -1.00631
07807 -1.00631
08988 -1.00631
11882 -1.00631
19475 -1.00631
00325 -1.0063
03283 -1.0063
03751 -1.0063
06492 -1.0063
06863 -1.0063
09746 -1.0063
12416 -1.0063
12466 -1.0063
15674 -1.0063
16291 -1.0063
16851 -1.0063
17876 -1.0063
18520 -1.0063
19504 -1.0063
21309 -1.0063
00706 -1.00629
03408 -1.00629
05795 -1.00629
06944 -1.00629
07024 -1.00629
08027 -1.00629
09350 -1.00629
11566 -1.00629
15557 -1.00629
17418 -1.00629
18036 -1.00629
20001 -1.00629
20277 -1.00629
01981 -1.00628
03161 -1.00628
03330 -1.00628
05092 -1.00628
05712 -1.00628
06353 -1.00628
07973 -1.00628
08838 -1.00628
13160 -1.00628
13239 -1.00628
15586 -1.00628
17172 -1.00628
18460 -1.00628
19245 -1.00628
20014 -1.00628
20349 -1.00628
20513 -1.00628
01307 -1.00627
02010 -1.00627
02743 -1.00627
04929 -1.00627
05765 -1.00627
06086 -1.00627
06258 -1.00627
06433 -1.00627
09004 -1.00627
09537 -1.00627
09731 -1.00627
19886 -1.00627
01472 -1.00626
02702 -1.00626
03830 -1.00626
04005 -1.00626
04910 -1.00626
07396 -1.00626
09590 -1.00626
10643 -1.00626
00853 -1.00625
03908 -1.00625
04072 -1.00625
04221 -1.00625
06817 -1.00625
07038 -1.00625
08541 -1.00625
10893 -1.00625
12305 -1.00625
12388 -1.00625
13008 -1.00625
13051 -1.00625
15089 -1.00625
15194 -1.00625
16307 -1.00625
17339 -1.00625
18776 -1.00625
19728 -1.00625
21175 -1.00625
04743 -1.00624
05018 -1.00624
05127 -1.00624
05581 -1.00624
05827 -1.00624
09167 -1.00624
09219 -1.00624
10925 -1.00624
11423 -1.00624
12642 -1.00624
13081 -1.00624
15110 -1.00624
16713 -1.00624
17909 -1.00624
18248 -1.00624
18731 -1.00624
20343 -1.00624
21531 -1.00624
00045 -1.00623
06907 -1.00623
07649 -1.00623
10266 -1.00623
10353 -1.00623
10395 -1.00623
11044 -1.00623
11545 -1.00623
12370 -1.00623
15055 -1.00623
15108 -1.00623
20396 -1.00623
21349 -1.00623
01424 -1.00622
03490 -1.00622
03524 -1.00622
04626 -1.00622
07876 -1.00622
12682 -1.00622
15213 -1.00622
16768 -1.00622
16871 -1.00622
00894 -1.00621
01369 -1.00621
02059 -1.00621
03012 -1.00621
03913 -1.00621
09761 -1.00621
10067 -1.00621
10311 -1.00621
17156 -1.00621
18265 -1.00621
01720 -1.0062
04806 -1.0062
05973 -1.0062
09738 -1.0062
09818 -1.0062
14611 -1.0062
17551 -1.0062
19918 -1.0062
21078 -1.0062
04672 -1.00619
05472 -1.00619
08634 -1.00619
09064 -1.00619
09591 -1.00619
10091 -1.00619
12720 -1.00619
15050 -1.00619
16228 -1.00619
17557 -1.00619
18109 -1.00619
01478 -1.00618
02248 -1.00618
03285 -1.00618
05824 -1.00618
05855 -1.00618
06377 -1.00618
06393 -1.00618
06402 -1.00618
07022 -1.00618
07829 -1.00618
08041 -1.00618
08074 -1.00618
08449 -1.00618
09295 -1.00618
09630 -1.00618
12579 -1.00618
14864 -1.00618
16363 -1.00618
18412 -1.00618
20865 -1.00618
21500 -1.00618
00308 -1.00617
02568 -1.00617
02739 -1.00617
02805 -1.00617
05558 -1.00617
05879 -1.00617
06363 -1.00617
06803 -1.00617
08750 -1.00617
09854 -1.00617
10870 -1.00617
12261 -1.00617
14927 -1.00617
15576 -1.00617
17327 -1.00617
18877 -1.00617
01132 -1.00616
03682 -1.00616
04029 -1.00616
04608 -1.00616
06265 -1.00616
16685 -1.00616
18206 -1.00616
01524 -1.00615
01892 -1.00615
04665 -1.00615
05178 -1.00615
06823 -1.00615
07287 -1.00615
09862 -1.00615
14343 -1.00615
16793 -1.00615
17061 -1.00615
17185 -1.00615
17935 -1.00615
19067 -1.00615
20999 -1.00615
04098 -1.00614
05489 -1.00614
05684 -1.00614
08671 -1.00614
09403 -1.00614
14889 -1.00614
15565 -1.00614
17503 -1.00614
20028 -1.00614
20259 -1.00614
21341 -1.00614
01560 -1.00613
02301 -1.00613
02803 -1.00613
04373 -1.00613
05013 -1.00613
11663 -1.00613
14199 -1.00613
16391 -1.00613
17329 -1.00613
19322 -1.00613
02259 -1.00612
03551 -1.00612
04294 -1.00612
05190 -1.00612
05498 -1.00612
06099 -1.00612
06245 -1.00612
09479 -1.00612
09969 -1.00612
11493 -1.00612
13730 -1.00612
15624 -1.00612
18150 -1.00612
19029 -1.00612
00367 -1.00611
01112 -1.00611
03493 -1.00611
06639 -1.00611
08191 -1.00611
11824 -1.00611
15720 -1.00611
16782 -1.00611
16856 -1.00611
17122 -1.00611
17398 -1.00611
17872 -1.00611
18008 -1.00611
19596 -1.00611
19597 -1.00611
21213 -1.00611
01212 -1.0061
04100 -1.0061
04140 -1.0061
05327 -1.0061
05485 -1.0061
06234 -1.0061
06309 -1.0061
10232 -1.0061
13637 -1.0061
16631 -1.0061
17895 -1.0061
17947 -1.0061
18045 -1.0061
18197 -1.0061
18343 -1.0061
19051 -1.0061
19064 -1.0061
20475 -1.0061
01990 -1.00609
02931 -1.00609
04669 -1.00609
04704 -1.00609
06190 -1.00609
07107 -1.00609
08907 -1.00609
08920 -1.00609
10168 -1.00609
10810 -1.00609
11520 -1.00609
12337 -1.00609
15786 -1.00609
17623 -1.00609
19540 -1.00609
20811 -1.00609
01257 -1.00608
02435 -1.00608
02774 -1.00608
04364 -1.00608
04576 -1.00608
07586 -1.00608
07597 -1.00608
09141 -1.00608
09212 -1.00608
16257 -1.00608
18464 -1.00608
19357 -1.00608
19874 -1.00608
20308 -1.00608
21055 -1.00608
00437 -1.00607
03705 -1.00607
04273 -1.00607
07061 -1.00607
07379 -1.00607
09127 -1.00607
09163 -1.00607
09458 -1.00607
09663 -1.00607
11101 -1.00607
11904 -1.00607
14679 -1.00607
15026 -1.00607
15909 -1.00607
20345 -1.00607
00337 -1.00606
00551 -1.00606
01188 -1.00606
01439 -1.00606
01491 -1.00606
03402 -1.00606
03432 -1.00606
05279 -1.00606
06874 -1.00606
07425 -1.00606
07965 -1.00606
08534 -1.00606
08881 -1.00606
11346 -1.00606
11375 -1.00606
15389 -1.00606
18531 -1.00606
19455 -1.00606
20265 -1.00606
20329 -1.00606
03024 -1.00605
04372 -1.00605
07011 -1.00605
07536 -1.00605
07630 -1.00605
08375 -1.00605
12544 -1.00605
15583 -1.00605
17141 -1.00605
17170 -1.00605
17877 -1.00605
19545 -1.00605
19876 -1.00605
00671 -1.00604
02110 -1.00604
03258 -1.00604
03311 -1.00604
05242 -1.00604
07834 -1.00604
15813 -1.00604
19543 -1.00604
19559 -1.00604
19948 -1.00604
20156 -1.00604
20511 -1.00604
21109 -1.00604
00358 -1.00603
03574 -1.00603
04332 -1.00603
04710 -1.00603
05653 -1.00603
06366 -1.00603
07580 -1.00603
09088 -1.00603
09954 -1.00603
10190 -1.00603
10380 -1.00603
11649 -1.00603
12422 -1.00603
12444 -1.00603
12477 -1.00603
15888 -1.00603
03613 -1.00602
04055 -1.00602
06156 -1.00602
06466 -1.00602
07103 -1.00602
09181 -1.00602
09996 -1.00602
10403 -1.00602
12597 -1.00602
13113 -1.00602
15250 -1.00602
16801 -1.00602
16995 -1.00602
17389 -1.00602
17402 -1.00602
17937 -1.00602
20005 -1.00602
20295 -1.00602
01405 -1.00601
03175 -1.00601
03646 -1.00601
04676 -1.00601
05109 -1.00601
05513 -1.00601
06207 -1.00601
08870 -1.00601
10335 -1.00601
14892 -1.00601
16116 -1.00601
17805 -1.00601
18193 -1.00601
18825 -1.00601
19510 -1.00601
20418 -1.00601
20780 -1.00601
21125 -1.00601
21234 -1.00601
02194 -1.006
03099 -1.006
03935 -1.006
04535 -1.006
05982 -1.006
06719 -1.006
06869 -1.006
07512 -1.006
08946 -1.006
09709 -1.006
15163 -1.006
16211 -1.006
17783 -1.006
20379 -1.006
20789 -1.006
20913 -1.006
00242 -1.00599
01698 -1.00599
07719 -1.00599
08168 -1.00599
10553 -1.00599
11569 -1.00599
14811 -1.00599
16169 -1.00599
16812 -1.00599
17940 -1.00599
20315 -1.00599
01283 -1.00598
02709 -1.00598
02856 -1.00598
06628 -1.00598
08853 -1.00598
09002 -1.00598
14594 -1.00598
14956 -1.00598
15460 -1.00598
15982 -1.00598
16612 -1.00598
17205 -1.00598
17283 -1.00598
17519 -1.00598
19009 -1.00598
00859 -1.00597
02653 -1.00597
07412 -1.00597
07857 -1.00597
09871 -1.00597
13068 -1.00597
13284 -1.00597
14038 -1.00597
16514 -1.00597
19947 -1.00597
20549 -1.00597
00634 -1.00596
00672 -1.00596
00812 -1.00596
03971 -1.00596
05769 -1.00596
05846 -1.00596
08210 -1.00596
08854 -1.00596
10974 -1.00596
11575 -1.00596
11986 -1.00596
13533 -1.00596
16256 -1.00596
16527 -1.00596
18023 -1.00596
19155 -1.00596
19306 -1.00596
19761 -1.00596
01074 -1.00595
04470 -1.00595
04732 -1.00595
05116 -1.00595
07762 -1.00595
09593 -1.00595
11236 -1.00595
13231 -1.00595
15014 -1.00595
16625 -1.00595
17486 -1.00595
18210 -1.00595
19610 -1.00595
20870 -1.00595
21319 -1.00595
03850 -1.00594
05187 -1.00594
06797 -1.00594
06846 -1.00594
07739 -1.00594
09078 -1.00594
09319 -1.00594
09760 -1.00594
10123 -1.00594
10176 -1.00594
11000 -1.00594
11209 -1.00594
15359 -1.00594
16018 -1.00594
16481 -1.00594
18104 -1.00594
19318 -1.00594
20687 -1.00594
21013 -1.00594
00077 -1.00593
02177 -1.00593
02870 -1.00593
03389 -1.00593
05816 -1.00593
07204 -1.00593
07764 -1.00593
08343 -1.00593
09639 -1.00593
09833 -1.00593
11243 -1.00593
11624 -1.00593
13332 -1.00593
14836 -1.00593
18604 -1.00593
18942 -1.00593
18992 -1.00593
19950 -1.00593
20517 -1.00593
20520 -1.00593
01498 -1.00592
04382 -1.00592
04895 -1.00592
05030 -1.00592
05203 -1.00592
06073 -1.00592
07181 -1.00592
07383 -1.00592
08085 -1.00592
09032 -1.00592
12726 -1.00592
14397 -1.00592
16447 -1.00592
16700 -1.00592
16996 -1.00592
17371 -1.00592
18597 -1.00592
19367 -1.00592
20148 -1.00592
20528 -1.00592
21335 -1.00592
00637 -1.00591
04912 -1.00591
06523 -1.00591
06821 -1.00591
07102 -1.00591
07174 -1.00591
07934 -1.00591
09511 -1.00591
10670 -1.00591
13277 -1.00591
14575 -1.00591
17366 -1.00591
18361 -1.00591
20735 -1.00591
21442 -1.00591
00828 -1.0059
04057 -1.0059
05217 -1.0059
07579 -1.0059
07693 -1.0059
08022 -1.0059
09914 -1.0059
11273 -1.0059
18786 -1.0059
00393 -1.00589
02738 -1.00589
05841 -1.00589
12311 -1.00589
15385 -1.00589
19416 -1.00589
20486 -1.00589
21004 -1.00589
14882 -1.00588
00595 -1.00587
