14230 -1.01353
05258 -1.013
21347 -1.01287
13629 -1.01278
14748 -1.0127
05311 -1.01267
08328 -1.01258
12848 -1.01253
05214 -1.0124
16216 -1.01212
05290 -1.01206
11781 -1.01201
16727 -1.01199
08561 -1.01198
11224 -1.01193
09733 -1.01188
16128 -1.01188
18726 -1.01181
08320 -1.01179
06463 -1.01165
06635 -1.01159
10268 -1.01159
03454 -1.01157
04267 -1.0115
00372 -1.01146
05176 -1.01145
16844 -1.01145
17490 -1.0114
02521 -1.01136
17903 -1.01132
05070 -1.0113
17731 -1.01125
12967 -1.01124
03488 -1.01122
15063 -1.01121
03344 -1.01117
10455 -1.01116
01312 -1.01115
01729 -1.01115
09244 -1.01115
11732 -1.01112
12136 -1.01112
08136 -1.01111
02383 -1.01107
05386 -1.01107
05230 -1.01106
10054 -1.01106
12277 -1.01104
11016 -1.01103
18086 -1.01103
04160 -1.01102
00714 -1.01101
01906 -1.011
06657 -1.01099
17700 -1.01098
01919 -1.01096
12876 -1.01095
20500 -1.01094
19825 -1.01093
08098 -1.01092
08137 -1.01092
02979 -1.01088
07213 -1.01088
15549 -1.01087
20823 -1.01085
07200 -1.01083
06980 -1.01082
08055 -1.01082
21068 -1.01081
13564 -1.0108
14698 -1.01079
18548 -1.01079
03798 -1.01074
06708 -1.01074
11746 -1.01074
15470 -1.01072
17359 -1.0107
14357 -1.01068
04988 -1.01065
06722 -1.01065
02775 -1.01064
16163 -1.01064
13995 -1.01063
06388 -1.01062
13179 -1.01061
20744 -1.01061
12002 -1.0106
08943 -1.01059
10760 -1.01058
05318 -1.01056
08746 -1.01056
04748 -1.01055
09946 -1.01055
13115 -1.01055
17023 -1.01055
13657 -1.01052
17312 -1.01051
07366 -1.01048
09283 -1.01047
09382 -1.01047
10473 -1.01045
14716 -1.01044
12394 -1.01043
02965 -1.01042
14826 -1.01042
01854 -1.01041
12026 -1.01041
13462 -1.01041
18409 -1.01039
18645 -1.01039
05985 -1.01037
04026 -1.01035
17396 -1.01035
10780 -1.01034
08439 -1.01033
12355 -1.01032
17368 -1.01031
20868 -1.01031
05576 -1.01029
08024 -1.01029
12887 -1.01029
11504 -1.01028
08937 -1.01027
00748 -1.01026
10375 -1.01026
01549 -1.01023
16737 -1.01022
18849 -1.01022
01456 -1.01021
03421 -1.01021
06346 -1.01021
11234 -1.01021
04602 -1.01018
16599 -1.01018
03062 -1.01016
11490 -1.01016
16367 -1.01016
16501 -1.01016
04564 -1.01015
16680 -1.01014
12143 -1.01013
03148 -1.01011
15227 -1.01011
14869 -1.01009
15238 -1.01008
17325 -1.01007
10743 -1.01005
12917 -1.01003
10355 -1.01002
17199 -1.01002
03023 -1.01001
06914 -1.01001
00079 -1.01
17409 -1.00999
19953 -1.00998
09835 -1.00997
00419 -1.00996
12971 -1.00996
03923 -1.00995
15103 -1.00995
17497 -1.00994
07560 -1.00992
08060 -1.00992
18415 -1.00991
00473 -1.00989
09717 -1.00989
12431 -1.00989
02725 -1.00988
08162 -1.00988
00875 -1.00987
16303 -1.00987
15743 -1.00986
15671 -1.00985
10078 -1.00984
08980 -1.00983
17891 -1.00983
18287 -1.00983
03298 -1.00982
10931 -1.00982
11763 -1.00982
14853 -1.00982
03615 -1.00981
09764 -1.00981
20338 -1.00981
03505 -1.0098
07742 -1.0098
14891 -1.0098
04969 -1.00979
10292 -1.00979
13322 -1.00979
15437 -1.00979
18507 -1.00978
04764 -1.00977
06410 -1.00977
13263 -1.00977
16009 -1.00977
19871 -1.00977
06259 -1.00975
06426 -1.00975
05482 -1.00973
07589 -1.00973
17871 -1.00973
07135 -1.00972
15362 -1.00971
07405 -1.0097
16558 -1.0097
14654 -1.00969
05004 -1.00968
16028 -1.00968
00635 -1.00967
01967 -1.00967
08714 -1.00967
13496 -1.00967
21060 -1.00967
08960 -1.00966
19258 -1.00966
21284 -1.00966
14710 -1.00965
03429 -1.00964
13266 -1.00964
16372 -1.00964
20867 -1.00964
21127 -1.00964
08569 -1.00963
20143 -1.00963
08272 -1.00962
04864 -1.00961
16785 -1.00961
17953 -1.00961
04944 -1.0096
10140 -1.00959
11753 -1.00959
15450 -1.00958
00496 -1.00957
10350 -1.00957
13208 -1.00957
06357 -1.00956
07607 -1.00956
12025 -1.00956
16087 -1.00956
16756 -1.00955
19432 -1.00954
00223 -1.00953
02697 -1.00953
05515 -1.00953
07088 -1.00953
19710 -1.00953
06456 -1.00952
09837 -1.00951
12655 -1.00951
01359 -1.00949
12397 -1.00949
12701 -1.00949
02357 -1.00948
11350 -1.00948
02064 -1.00947
10080 -1.00947
12680 -1.00947
13993 -1.00947
20698 -1.00947
20967 -1.00946
00203 -1.00945
04266 -1.00945
16278 -1.00945
04165 -1.00944
04546 -1.00943
05473 -1.00943
09275 -1.00943
17883 -1.00942
19767 -1.00942
07811 -1.00941
11717 -1.00941
00004 -1.0094
15765 -1.0094
13419 -1.00939
15556 -1.00939
16381 -1.00939
18378 -1.00939
18578 -1.00939
02907 -1.00938
04049 -1.00938
05631 -1.00938
13256 -1.00938
13577 -1.00938
17324 -1.00938
21473 -1.00938
12011 -1.00937
11773 -1.00936
13396 -1.00936
17474 -1.00936
00056 -1.00935
06197 -1.00935
09022 -1.00934
09638 -1.00934
04175 -1.00933
06143 -1.00933
07731 -1.00933
09445 -1.00933
10103 -1.00933
21340 -1.00933
06665 -1.00932
10809 -1.00932
15352 -1.00932
19285 -1.00932
00016 -1.00931
00319 -1.00931
06844 -1.00931
11083 -1.00931
00276 -1.0093
02228 -1.0093
04809 -1.0093
12208 -1.0093
17367 -1.0093
10291 -1.00929
18714 -1.00929
00537 -1.00927
01306 -1.00927
09940 -1.00927
10976 -1.00927
01682 -1.00926
12310 -1.00926
05131 -1.00925
06541 -1.00925
10050 -1.00924
14749 -1.00924
02203 -1.00923
04130 -1.00923
10367 -1.00923
10617 -1.00923
15762 -1.00923
05851 -1.00922
15369 -1.00922
16373 -1.00922
12662 -1.0092
13531 -1.0092
15488 -1.0092
21420 -1.0092
17760 -1.00919
18047 -1.00919
20538 -1.00919
00209 -1.00918
17896 -1.00918
19532 -1.00918
02580 -1.00917
05412 -1.00917
12279 -1.00917
19490 -1.00917
07892 -1.00916
12947 -1.00916
14419 -1.00916
06896 -1.00915
08069 -1.00915
09402 -1.00915
11204 -1.00915
17506 -1.00915
08121 -1.00914
08196 -1.00914
10278 -1.00914
01269 -1.00913
02500 -1.00913
03762 -1.00913
09759 -1.00913
16773 -1.00913
19099 -1.00913
09170 -1.00912
09909 -1.00912
15852 -1.00912
12791 -1.00911
12972 -1.00911
18299 -1.00911
04548 -1.0091
05778 -1.0091
05858 -1.0091
06752 -1.0091
08884 -1.0091
11215 -1.0091
19589 -1.0091
00950 -1.00909
01968 -1.00909
06611 -1.00909
12521 -1.00909
20207 -1.00909
02304 -1.00908
04363 -1.00908
06531 -1.00908
07904 -1.00908
14390 -1.00908
03013 -1.00907
08716 -1.00907
09959 -1.00907
12383 -1.00906
14708 -1.00906
06926 -1.00905
00010 -1.00904
00288 -1.00904
06395 -1.00904
14126 -1.00904
16513 -1.00904
18684 -1.00904
21486 -1.00904
10697 -1.00902
13261 -1.00901
15878 -1.00901
17450 -1.00901
01084 -1.009
01275 -1.009
11755 -1.009
17220 -1.009
17620 -1.009
17048 -1.00899
19719 -1.00899
04477 -1.00898
15016 -1.00898
16946 -1.00898
18239 -1.00898
21425 -1.00898
21508 -1.00898
00382 -1.00897
10505 -1.00897
05891 -1.00896
06013 -1.00896
09815 -1.00896
10778 -1.00896
14921 -1.00896
01868 -1.00895
06607 -1.00895
07391 -1.00895
08820 -1.00895
07710 -1.00894
13046 -1.00894
14987 -1.00894
15551 -1.00894
15841 -1.00894
17707 -1.00894
19038 -1.00892
01543 -1.00891
02824 -1.00891
05206 -1.00891
07705 -1.00891
13146 -1.00891
14840 -1.00891
17598 -1.00891
00854 -1.0089
00965 -1.0089
07893 -1.0089
08932 -1.0089
16249 -1.0089
07628 -1.00889
12598 -1.00889
05672 -1.00888
15095 -1.00888
18250 -1.00888
12195 -1.00887
16440 -1.00887
20240 -1.00887
00922 -1.00886
01466 -1.00886
05171 -1.00886
08627 -1.00886
19457 -1.00886
00225 -1.00885
00644 -1.00885
00914 -1.00885
10733 -1.00885
10799 -1.00885
15190 -1.00885
16292 -1.00885
19392 -1.00885
00001 -1.00884
01685 -1.00884
03343 -1.00884
06928 -1.00884
09939 -1.00884
16636 -1.00884
16926 -1.00884
19760 -1.00884
06157 -1.00883
12181 -1.00883
16361 -1.00883
20185 -1.00883
20317 -1.00883
20806 -1.00883
11123 -1.00881
19259 -1.00881
06379 -1.0088
06400 -1.0088
19499 -1.0088
19964 -1.0088
16904 -1.00879
17458 -1.00879
02833 -1.00878
03489 -1.00878
03555 -1.00878
07551 -1.00878
02001 -1.00877
02221 -1.00877
02428 -1.00877
10623 -1.00877
12778 -1.00877
15978 -1.00877
16898 -1.00877
00295 -1.00876
06465 -1.00876
14780 -1.00875
00200 -1.00874
00335 -1.00874
12292 -1.00874
04067 -1.00873
07342 -1.00873
09722 -1.00873
07864 -1.00872
10605 -1.00872
17148 -1.00872
04313 -1.00871
10902 -1.00871
11711 -1.00871
16139 -1.00871
19604 -1.00871
20254 -1.00871
06473 -1.0087
12487 -1.0087
20772 -1.0087
00356 -1.00869
08115 -1.00869
10704 -1.00869
17976 -1.00869
05542 -1.00868
09388 -1.00868
09975 -1.00868
11823 -1.00868
15697 -1.00868
17628 -1.00868
02475 -1.00867
06360 -1.00867
10905 -1.00867
02198 -1.00866
15154 -1.00866
19848 -1.00866
04007 -1.00865
09569 -1.00865
19111 -1.00865
01534 -1.00864
03759 -1.00864
04174 -1.00864
06605 -1.00864
07925 -1.00864
09328 -1.00864
09899 -1.00864
11206 -1.00864
00236 -1.00863
01380 -1.00863
06618 -1.00863
12188 -1.00863
16053 -1.00863
17135 -1.00863
07778 -1.00862
12163 -1.00862
16389 -1.00862
05234 -1.00861
15511 -1.00861
19334 -1.00861
00898 -1.0086
03931 -1.0086
09211 -1.0086
03396 -1.00859
11820 -1.00859
18621 -1.00859
19679 -1.00859
00362 -1.00858
03072 -1.00858
04643 -1.00858
12574 -1.00858
13034 -1.00857
19687 -1.00857
03413 -1.00856
05941 -1.00856
08901 -1.00856
14890 -1.00856
17438 -1.00856
20803 -1.00856
21287 -1.00856
00180 -1.00855
07304 -1.00855
10537 -1.00855
16948 -1.00855
19425 -1.00855
04800 -1.00854
16132 -1.00854
16183 -1.00854
21277 -1.00854
06547 -1.00853
16619 -1.00853
21572 -1.00853
09047 -1.00852
12340 -1.00852
14043 -1.00852
06459 -1.00851
07927 -1.00851
09618 -1.00851
13216 -1.00851
04303 -1.0085
06689 -1.0085
08526 -1.0085
12432 -1.0085
13752 -1.0085
16565 -1.0085
17202 -1.0085
03020 -1.00849
03247 -1.00848
06592 -1.00848
06742 -1.00848
11457 -1.00848
11487 -1.00848
15686 -1.00848
19603 -1.00848
01357 -1.00847
02115 -1.00847
04906 -1.00847
10924 -1.00847
01190 -1.00846
01579 -1.00846
05139 -1.00846
07933 -1.00846
15442 -1.00846
01696 -1.00845
09978 -1.00845
11192 -1.00845
17307 -1.00845
02157 -1.00844
15444 -1.00844
17363 -1.00844
18054 -1.00844
02251 -1.00843
06962 -1.00843
07493 -1.00843
10317 -1.00843
17714 -1.00843
17930 -1.00843
03446 -1.00842
11203 -1.00842
08677 -1.00841
04405 -1.0084
05486 -1.0084
09749 -1.0084
16443 -1.0084
17036 -1.0084
02618 -1.00839
08444 -1.00839
09673 -1.00839
10422 -1.00839
13390 -1.00839
18532 -1.00839
04290 -1.00838
04893 -1.00838
17198 -1.00838
03077 -1.00837
04317 -1.00837
16075 -1.00837
04810 -1.00836
17419 -1.00836
17574 -1.00836
18317 -1.00836
21470 -1.00836
00696 -1.00835
00843 -1.00835
02456 -1.00835
09742 -1.00835
00730 -1.00834
20183 -1.00834
20256 -1.00834
01388 -1.00833
12548 -1.00833
15912 -1.00833
02312 -1.00832
08974 -1.00832
10829 -1.00832
11349 -1.00832
15325 -1.00832
19242 -1.00832
01252 -1.00831
06996 -1.00831
17433 -1.00831
00752 -1.0083
01539 -1.0083
03868 -1.0083
06180 -1.0083
06588 -1.0083
09130 -1.0083
10822 -1.0083
11186 -1.0083
01860 -1.00829
08896 -1.00829
15581 -1.00829
17778 -1.00829
18005 -1.00828
04567 -1.00827
08708 -1.00827
11198 -1.00827
12634 -1.00826
14697 -1.00826
15844 -1.00826
17099 -1.00826
02587 -1.00825
05201 -1.00825
07094 -1.00825
08961 -1.00825
10927 -1.00825
20706 -1.00825
00803 -1.00824
09667 -1.00824
10264 -1.00824
10382 -1.00824
12150 -1.00824
12485 -1.00824
13379 -1.00824
17966 -1.00824
18515 -1.00824
18767 -1.00824
11261 -1.00823
12434 -1.00823
12815 -1.00823
13246 -1.00823
13790 -1.00823
17305 -1.00823
19660 -1.00823
21376 -1.00823
02342 -1.00822
08753 -1.00822
02121 -1.00821
02698 -1.00821
07290 -1.00821
10344 -1.00821
11181 -1.00821
14757 -1.00821
15957 -1.00821
17605 -1.00821
02132 -1.0082
03267 -1.0082
11637 -1.0082
15530 -1.0082
15639 -1.0082
01408 -1.00819
03065 -1.00819
04071 -1.00819
09269 -1.00819
17456 -1.00819
03902 -1.00818
17193 -1.00818
03075 -1.00817
08271 -1.00817
08483 -1.00817
10546 -1.00817
14541 -1.00817
00311 -1.00816
06699 -1.00816
08711 -1.00816
18917 -1.00816
05471 -1.00815
17571 -1.00815
05366 -1.00814
06656 -1.00814
08548 -1.00814
12328 -1.00814
13073 -1.00814
14687 -1.00814
15569 -1.00814
16176 -1.00814
17426 -1.00814
19544 -1.00814
21334 -1.00814
15370 -1.00813
15382 -1.00813
17083 -1.00813
20304 -1.00813
20764 -1.00813
04878 -1.00812
05186 -1.00812
05294 -1.00812
06203 -1.00812
08846 -1.00812
10306 -1.00812
18280 -1.00812
19191 -1.00812
19930 -1.00812
20783 -1.00812
00263 -1.00811
03978 -1.00811
10133 -1.00811
13234 -1.00811
17294 -1.00811
20110 -1.00811
09110 -1.0081
12282 -1.0081
18588 -1.0081
00232 -1.00809
00331 -1.00809
03534 -1.00809
07105 -1.00809
07326 -1.00809
17348 -1.00809
00028 -1.00808
06867 -1.00808
08633 -1.00808
09281 -1.00808
16986 -1.00808
13281 -1.00807
13733 -1.00807
15243 -1.00807
18512 -1.00807
02052 -1.00806
02526 -1.00806
04692 -1.00806
08971 -1.00806
09714 -1.00806
09796 -1.00806
10748 -1.00806
11225 -1.00806
19289 -1.00806
02878 -1.00805
07043 -1.00805
08595 -1.00805
13053 -1.00805
13244 -1.00805
10201 -1.00804
11914 -1.00804
15534 -1.00804
18652 -1.00804
19028 -1.00804
05587 -1.00803
07830 -1.00803
09174 -1.00803
16833 -1.00803
19831 -1.00803
20614 -1.00803
01963 -1.00802
02718 -1.00802
05585 -1.00802
08628 -1.00802
08666 -1.00802
09636 -1.00802
10856 -1.00802
17386 -1.00802
17846 -1.00802
03287 -1.00801
07499 -1.00801
08621 -1.00801
08664 -1.00801
13656 -1.00801
15149 -1.00801
16112 -1.00801
16938 -1.00801
17922 -1.00801
02973 -1.008
11029 -1.008
11451 -1.008
12953 -1.008
14770 -1.008
14931 -1.008
16794 -1.008
18591 -1.008
02998 -1.00799
11752 -1.00799
12381 -1.00799
16937 -1.00799
18148 -1.00799
18985 -1.00799
19752 -1.00799
00230 -1.00798
00240 -1.00798
03861 -1.00798
04223 -1.00798
05643 -1.00798
08262 -1.00798
08839 -1.00798
09582 -1.00798
12146 -1.00798
14109 -1.00798
19353 -1.00798
00347 -1.00797
02308 -1.00797
07753 -1.00797
09440 -1.00797
09734 -1.00797
15736 -1.00797
18204 -1.00797
18397 -1.00797
00340 -1.00796
01726 -1.00796
02227 -1.00796
10703 -1.00796
11492 -1.00796
01724 -1.00795
03048 -1.00795
04759 -1.00795
09937 -1.00795
11063 -1.00795
12818 -1.00795
12878 -1.00795
14797 -1.00795
02658 -1.00794
09080 -1.00794
16564 -1.00794
18455 -1.00794
21101 -1.00794
02627 -1.00793
13809 -1.00793
18267 -1.00793
18938 -1.00793
19036 -1.00793
03188 -1.00792
06876 -1.00792
08819 -1.00792
10582 -1.00792
13771 -1.00792
15587 -1.00792
17477 -1.00792
00300 -1.00791
02362 -1.00791
10954 -1.00791
11768 -1.00791
11828 -1.00791
05759 -1.0079
06603 -1.0079
10071 -1.0079
10725 -1.0079
11177 -1.0079
13225 -1.0079
16677 -1.0079
18422 -1.0079
04081 -1.00789
09180 -1.00789
12156 -1.00789
04830 -1.00788
05394 -1.00788
17079 -1.00788
19688 -1.00788
00926 -1.00787
00942 -1.00787
02554 -1.00787
09732 -1.00787
10786 -1.00787
15263 -1.00787
16421 -1.00787
18052 -1.00787
18904 -1.00787
01718 -1.00786
01911 -1.00786
02735 -1.00786
05452 -1.00786
09848 -1.00786
10877 -1.00786
14372 -1.00786
15498 -1.00786
15700 -1.00786
15816 -1.00786
16832 -1.00786
18471 -1.00786
20046 -1.00786
20064 -1.00786
06094 -1.00785
06612 -1.00785
14691 -1.00785
16002 -1.00785
19683 -1.00785
19897 -1.00785
20432 -1.00785
01535 -1.00784
01836 -1.00784
03030 -1.00784
03111 -1.00784
05200 -1.00784
10593 -1.00784
13487 -1.00784
17075 -1.00784
21379 -1.00784
00237 -1.00783
10784 -1.00783
17906 -1.00783
03068 -1.00782
03078 -1.00782
05789 -1.00782
06406 -1.00782
08392 -1.00782
09436 -1.00782
16044 -1.00782
17460 -1.00782
19619 -1.00782
10406 -1.00781
12118 -1.00781
16200 -1.00781
17207 -1.00781
20300 -1.00781
08618 -1.0078
18540 -1.0078
18996 -1.0078
10501 -1.00779
17833 -1.00779
03942 -1.00778
04093 -1.00778
06890 -1.00778
09378 -1.00778
17195 -1.00778
20029 -1.00778
00386 -1.00777
03743 -1.00777
04533 -1.00777
05951 -1.00777
06112 -1.00777
08992 -1.00777
10178 -1.00777
12756 -1.00777
21057 -1.00777
00840 -1.00776
05384 -1.00776
11498 -1.00776
14782 -1.00776
17252 -1.00776
20551 -1.00776
01353 -1.00775
03502 -1.00775
03670 -1.00775
05376 -1.00775
05456 -1.00775
09058 -1.00775
10106 -1.00775
13692 -1.00775
16119 -1.00775
04037 -1.00774
04126 -1.00774
05935 -1.00774
10570 -1.00774
21542 -1.00774
04642 -1.00773
04989 -1.00773
05303 -1.00773
06471 -1.00773
09015 -1.00773
14342 -1.00773
15835 -1.00773
00342 -1.00772
00891 -1.00772
02988 -1.00772
05345 -1.00772
10017 -1.00772
10854 -1.00772
11184 -1.00772
11240 -1.00772
11926 -1.00772
16681 -1.00772
00137 -1.00771
02663 -1.00771
03170 -1.00771
04630 -1.00771
05098 -1.00771
21056 -1.00771
02078 -1.0077
03470 -1.0077
04508 -1.0077
08990 -1.0077
09784 -1.0077
11060 -1.0077
16641 -1.0077
21015 -1.0077
00273 -1.00769
08292 -1.00769
10246 -1.00769
14184 -1.00769
15349 -1.00769
00925 -1.00768
14734 -1.00768
16171 -1.00768
17096 -1.00768
18352 -1.00768
18672 -1.00768
20663 -1.00768
01019 -1.00767
05667 -1.00767
13347 -1.00767
15421 -1.00767
17416 -1.00767
17849 -1.00767
00344 -1.00766
05779 -1.00766
11080 -1.00766
12793 -1.00766
16094 -1.00766
16357 -1.00766
16644 -1.00766
18138 -1.00766
00264 -1.00765
03390 -1.00765
07701 -1.00765
14843 -1.00765
16177 -1.00765
04136 -1.00764
04871 -1.00764
12423 -1.00764
15160 -1.00764
15830 -1.00764
15975 -1.00764
18891 -1.00764
20748 -1.00764
04196 -1.00763
05273 -1.00763
07036 -1.00763
08985 -1.00763
12031 -1.00763
13576 -1.00763
15172 -1.00763
17970 -1.00763
18579 -1.00763
00135 -1.00762
00546 -1.00762
01777 -1.00762
08799 -1.00762
10390 -1.00762
11505 -1.00762
12811 -1.00762
16759 -1.00762
02166 -1.00761
02759 -1.00761
09310 -1.00761
09336 -1.00761
09462 -1.00761
12372 -1.00761
14635 -1.00761
14849 -1.00761
14982 -1.00761
16643 -1.00761
17572 -1.00761
17612 -1.00761
21408 -1.00761
12066 -1.0076
12072 -1.0076
17508 -1.0076
19538 -1.0076
20038 -1.0076
03312 -1.00759
04027 -1.00759
04951 -1.00759
05271 -1.00759
08314 -1.00759
08691 -1.00759
10525 -1.00759
11600 -1.00759
11739 -1.00759
16964 -1.00759
02261 -1.00758
05167 -1.00758
08004 -1.00758
08780 -1.00758
11414 -1.00758
11448 -1.00758
12773 -1.00758
14767 -1.00758
15604 -1.00758
17933 -1.00758
20861 -1.00758
01316 -1.00757
11691 -1.00757
17382 -1.00757
19066 -1.00757
20705 -1.00757
13738 -1.00756
19157 -1.00756
20530 -1.00756
08384 -1.00755
20751 -1.00755
02906 -1.00754
04771 -1.00754
07937 -1.00754
15364 -1.00754
