09640
11405
09920
19769
00703
01693
07337
01103
18576
02847
05329
13265
21333
01029
04963
10998
19683
21393
19451
01020
12156
19042
03607
15629
12974
15124
07927
11465
15879
11515
09036
05671
16145
03565
13212
06477
15968
05675
03035
05751
12191
16873
18530
06056
10446
15308
18667
17701
07260
19381
00331
10414
10348
08877
05272
03797
09108
03394
09626
05112
14394
12221
05350
18476
10190
05608
08085
02301
07352
00748
10311
04339
09234
01291
00478
16684
17723
04032
16652
20216
08717
18017
09025
19839
03779
03276
21097
06070
10467
04970
12540
17551
21440
02240
01238
03186
08756
13060
03990
12858
11029
