1 00331
1 00478
1 00703
1 00748
1 01020
1 01029
1 01103
1 01238
1 01291
1 01693
1 02240
1 02301
1 02847
1 03035
1 03186
1 03276
1 03394
1 03565
1 03607
1 03779
1 03797
1 03990
1 04032
1 04339
1 04963
1 04970
1 05112
1 05272
1 05329
1 05350
1 05608
1 05671
1 05675
1 05751
1 06056
1 06070
1 06477
1 07260
1 07337
1 07352
1 07927
1 08085
1 08717
1 08756
1 08877
1 09025
1 09036
1 09108
1 09234
1 09626
1 09640
1 09920
1 10190
1 10311
1 10348
1 10414
1 10446
1 10467
1 10998
1 11029
1 11405
1 11465
1 11515
1 12156
1 12191
1 12221
1 12540
1 12858
1 12974
1 13060
1 13212
1 13265
1 14394
1 15124
1 15308
1 15629
1 15879
1 15968
1 16145
1 16652
1 16684
1 16873
1 17551
1 17701
1 17723
1 18017
1 18476
1 18530
1 18576
1 18667
1 19042
1 19381
1 19451
1 19683
1 19769
1 19839
1 20216
1 21097
1 21333
1 21393
1 21440
-1 05310
-1 17939
-1 08181
-1 11255
-1 14439
-1 13727
-1 10456
-1 20952
-1 09394
-1 19538
-1 14763
-1 04188
-1 19369
-1 18744
-1 11693
-1 04475
-1 03988
-1 14792
-1 09564
-1 18575
-1 17373
-1 09932
-1 10524
-1 18137
-1 09039
-1 09720
-1 14920
-1 13968
-1 00436
-1 14956
-1 15874
-1 11979
-1 11082
-1 02628
-1 06286
-1 13430
-1 14239
-1 21283
-1 13211
-1 10725
-1 09467
-1 15098
-1 02236
-1 00264
-1 09037
-1 03910
-1 07391
-1 17145
-1 17706
-1 04625
-1 03825
-1 09108
-1 02554
-1 14651
-1 02930
-1 12583
-1 02204
-1 14548
-1 04061
-1 18457
-1 21241
-1 02047
-1 20329
-1 09674
-1 06358
-1 21260
-1 02309
-1 10369
-1 16392
-1 01813
-1 15508
-1 03993
-1 21472
-1 08188
-1 13600
-1 09638
-1 07271
-1 03691
-1 05516
-1 13791
-1 10752
-1 07642
-1 16213
-1 19609
-1 11485
-1 01665
-1 10313
-1 16245
-1 03020
-1 04986
-1 08067
-1 20427
-1 15000
-1 14894
-1 16184
-1 07684
-1 12387
-1 17379
-1 02960
-1 20859
